0	0
1	0
2	0
3	0
4	0
5	0
6	0
7	0
8	0
9	0
10	1
11	0
12	14
13	108
14	81
15	72
16	64
17	52
18	54
19	83
20	269
21	1065
22	3579
23	8227
24	13971
25	17023
26	15655
27	11173
28	6560
29	3134
30	1414
31	515
32	153
33	74
34	47
35	30
36	56
37	36
38	43
39	51
40	45
41	52
42	42
43	52
44	44
45	43
46	35
47	57
48	64
49	64
50	67
51	80
52	54
53	46
54	36
55	43
56	32
57	39
58	50
59	46
60	33
61	38
62	44
63	70
64	77
65	127
66	154
67	211
68	282
69	366
70	439
71	513
72	484
73	504
74	442
75	339
76	259
77	170
78	109
79	79
80	46
81	30
82	13
83	15
84	17
85	6
86	9
87	7
88	10
89	10
90	8
91	9
92	10
93	5
94	6
95	6
96	4
97	4
98	4
99	9
100	4
101	5
102	8
103	11
104	6
105	4
106	10
107	3
108	6
109	8
110	8
111	4
112	8
113	4
114	6
115	5
116	6
117	0
118	12
119	8
120	5
121	8
122	7
123	5
124	8
125	3
126	10
127	12
128	4
129	5
130	3
131	10
132	7
133	8
134	5
135	6
136	3
137	4
138	7
139	7
140	4
141	9
142	6
143	7
144	7
145	3
146	4
147	5
148	2
149	4
150	2
151	3
152	4
153	5
154	3
155	4
156	1
157	4
158	3
159	6
160	4
161	4
162	7
163	10
164	1
165	3
166	4
167	2
168	3
169	7
170	5
171	4
172	4
173	3
174	2
175	7
176	4
177	4
178	5
179	5
180	3
181	2
182	6
183	2
184	1
185	5
186	2
187	4
188	3
189	1
190	4
191	0
192	1
193	5
194	2
195	2
196	2
197	7
198	3
199	1
200	3
201	1
202	3
203	8
204	1
205	5
206	3
207	1
208	1
209	5
210	3
211	1
212	3
213	1
214	1
215	2
216	2
217	4
218	2
219	1
220	4
221	3
222	0
223	0
224	3
225	1
226	1
227	4
228	2
229	2
230	2
231	0
232	3
233	3
234	4
235	4
236	1
237	2
238	2
239	2
240	3
241	2
242	3
243	3
244	3
245	1
246	3
247	3
248	2
249	3
250	1
251	2
252	3
253	3
254	4
255	1
256	3
257	2
258	0
259	3
260	3
261	2
262	1
263	1
264	2
265	4
266	1
267	0
268	2
269	1
270	3
271	2
272	2
273	2
274	4
275	4
276	5
277	2
278	1
279	1
280	3
281	3
282	4
283	2
284	4
285	5
286	1
287	3
288	1
289	2
290	2
291	0
292	1
293	1
294	5
295	1
296	3
297	1
298	1
299	1
300	0
301	0
302	2
303	4
304	0
305	4
306	0
307	1
308	2
309	1
310	2
311	1
312	2
313	4
314	2
315	3
316	1
317	3
318	1
319	2
320	2
321	2
322	1
323	2
324	2
325	1
326	2
327	0
328	0
329	2
330	4
331	1
332	2
333	2
334	4
335	1
336	1
337	1
338	2
339	1
340	5
341	2
342	3
343	1
344	3
345	3
346	2
347	5
348	4
349	5
350	2
351	1
352	3
353	2
354	2
355	2
356	3
357	1
358	2
359	1
360	3
361	1
362	2
363	0
364	0
365	0
366	1
367	0
368	2
369	2
370	1
371	0
372	1
373	0
374	0
375	2
376	1
377	1
378	0
379	0
380	1
381	1
382	1
383	2
384	1
385	1
386	3
387	1
388	0
389	0
390	1
391	2
392	2
393	1
394	0
395	0
396	0
397	4
398	1
399	3
400	1
401	0
402	2
403	2
404	4
405	0
406	0
407	2
408	0
409	1
410	1
411	1
412	0
413	2
414	1
415	0
416	1
417	0
418	1
419	1
420	1
421	0
422	0
423	2
424	2
425	1
426	0
427	0
428	1
429	0
430	0
431	1
432	1
433	3
434	0
435	0
436	1
437	1
438	1
439	0
440	1
441	0
442	0
443	2
444	4
445	0
446	2
447	2
448	0
449	0
450	0
451	0
452	0
453	2
454	0
455	2
456	1
457	2
458	1
459	1
460	0
461	2
462	0
463	1
464	3
465	1
466	1
467	1
468	1
469	0
470	2
471	2
472	1
473	2
474	0
475	0
476	0
477	1
478	1
479	0
480	1
481	0
482	0
483	1
484	1
485	0
486	0
487	1
488	2
489	2
490	0
491	1
492	0
493	2
494	1
495	0
496	0
497	1
498	1
499	0
500	0
501	2
502	0
503	1
504	1
505	0
506	0
507	0
508	0
509	1
510	2
511	1
512	1
513	1
514	1
515	0
516	1
517	1
518	0
519	0
520	0
521	1
522	0
523	0
524	1
525	1
526	0
527	0
528	1
529	1
530	1
531	1
532	0
533	2
534	0
535	2
536	2
537	0
538	0
539	1
540	1
541	0
542	3
543	0
544	1
545	0
546	0
547	2
548	0
549	0
550	0
551	0
552	1
553	0
554	1
555	1
556	0
557	0
558	1
559	0
560	0
561	0
562	2
563	1
564	1
565	0
566	1
567	2
568	1
569	0
570	0
571	0
572	1
573	0
574	0
575	0
576	2
577	0
578	0
579	1
580	1
581	0
582	0
583	0
584	1
585	1
586	1
587	1
588	2
589	1
590	1
591	1
592	0
593	1
594	0
595	0
596	1
597	0
598	0
599	1
600	0
601	0
602	0
603	1
604	0
605	0
606	0
607	1
608	0
609	2
610	1
611	0
612	0
613	0
614	0
615	0
616	0
617	0
618	2
619	0
620	2
621	0
622	2
623	1
624	1
625	0
626	0
627	0
628	0
629	1
630	0
631	0
632	1
633	0
634	0
635	0
636	0
637	1
638	1
639	1
640	1
641	0
642	0
643	0
644	1
645	1
646	0
647	1
648	2
649	0
650	0
651	2
652	3
653	0
654	1
655	0
656	1
657	2
658	0
659	3
660	0
661	0
662	1
663	2
664	1
665	0
666	0
667	2
668	0
669	1
670	0
671	1
672	0
673	1
674	2
675	0
676	2
677	0
678	0
679	0
680	1
681	1
682	4
683	0
684	0
685	0
686	0
687	0
688	1
689	0
690	1
691	1
692	1
693	1
694	1
695	1
696	3
697	1
698	1
699	0
700	0
701	0
702	0
703	1
704	0
705	2
706	0
707	0
708	0
709	1
710	0
711	1
712	2
713	0
714	0
715	1
716	0
717	0
718	0
719	0
720	2
721	1
722	0
723	0
724	4
725	0
726	0
727	0
728	1
729	1
730	0
731	0
732	1
733	2
734	1
735	1
736	0
737	0
738	0
739	1
740	0
741	0
742	0
743	0
744	1
745	1
746	0
747	0
748	0
749	0
750	0
751	0
752	1
753	1
754	0
755	0
756	0
757	1
758	1
759	0
760	1
761	0
762	2
763	1
764	2
765	0
766	1
767	2
768	0
769	0
770	2
771	1
772	0
773	1
774	2
775	1
776	0
777	0
778	0
779	1
780	0
781	1
782	4
783	1
784	0
785	1
786	0
787	0
788	0
789	2
790	1
791	0
792	0
793	1
794	0
795	0
796	0
797	1
798	0
799	1
800	0
801	1
802	0
803	1
804	1
805	0
806	0
807	1
808	0
809	0
810	1
811	0
812	0
813	2
814	0
815	2
816	0
817	1
818	1
819	0
820	0
821	1
822	1
823	1
824	0
825	0
826	0
827	0
828	0
829	0
830	2
831	1
832	1
833	0
834	0
835	0
836	1
837	1
838	2
839	0
840	1
841	0
842	1
843	0
844	0
845	0
846	0
847	0
848	0
849	0
850	0
851	0
852	0
853	0
854	0
855	0
856	0
857	0
858	2
859	0
860	0
861	0
862	0
863	0
864	1
865	0
866	0
867	0
868	0
869	0
870	0
871	0
872	0
873	0
874	0
875	0
876	0
877	0
878	1
879	0
880	0
881	0
882	0
883	0
884	0
885	0
886	0
887	0
888	1
889	0
890	0
891	0
892	1
893	0
894	0
895	1
896	1
897	0
898	0
899	0
900	0
901	0
902	1
903	0
904	0
905	0
906	0
907	0
908	1
909	1
910	0
911	1
912	0
913	0
914	0
915	0
916	1
917	0
918	0
919	0
920	1
921	0
922	0
923	0
924	1
925	2
926	1
927	1
928	0
929	1
930	1
931	0
932	2
933	1
934	0
935	0
936	1
937	1
938	0
939	0
940	0
941	0
942	3
943	2
944	1
945	1
946	0
947	2
948	1
949	1
950	0
951	0
952	0
953	1
954	1
955	1
956	2
957	0
958	2
959	0
960	0
961	0
962	0
963	0
964	0
965	0
966	0
967	0
968	0
969	1
970	1
971	0
972	0
973	0
974	1
975	0
976	2
977	1
978	1
979	2
980	0
981	0
982	0
983	0
984	0
985	0
986	1
987	0
988	0
989	0
990	0
991	1
992	2
993	0
994	0
995	1
996	0
997	0
998	0
999	0
1000	1
1001	0
1002	0
1003	0
1004	0
1005	0
1006	1
1007	0
1008	1
1009	0
1010	2
1011	0
1012	0
1013	1
1014	1
1015	1
1016	2
1017	0
1018	0
1019	0
1020	0
1021	0
1022	0
1023	1
1024	0
1025	0
1026	1
1027	0
1028	0
1029	0
1030	0
1031	0
1032	1
1033	2
1034	0
1035	0
1036	0
1037	1
1038	0
1039	0
1040	0
1041	0
1042	0
1043	0
1044	0
1045	0
1046	0
1047	0
1048	1
1049	0
1050	0
1051	0
1052	0
1053	0
1054	0
1055	1
1056	0
1057	0
1058	0
1059	1
1060	0
1061	0
1062	0
1063	0
1064	0
1065	0
1066	0
1067	0
1068	0
1069	0
1070	0
1071	0
1072	0
1073	0
1074	0
1075	0
1076	0
1077	1
1078	0
1079	1
1080	0
1081	0
1082	0
1083	0
1084	0
1085	0
1086	0
1087	0
1088	0
1089	0
1090	0
1091	0
1092	1
1093	0
1094	0
1095	0
1096	0
1097	0
1098	0
1099	0
1100	0
1101	0
1102	1
1103	0
1104	0
1105	0
1106	2
1107	0
1108	0
1109	0
1110	0
1111	1
1112	0
1113	1
1114	0
1115	0
1116	1
1117	1
1118	0
1119	0
1120	0
1121	0
1122	0
1123	0
1124	1
1125	0
1126	0
1127	0
1128	0
1129	1
1130	0
1131	0
1132	0
1133	0
1134	0
1135	0
1136	0
1137	0
1138	1
1139	0
1140	0
1141	0
1142	0
1143	0
1144	0
1145	0
1146	0
1147	0
1148	0
1149	0
1150	0
1151	0
1152	0
1153	0
1154	0
1155	0
1156	0
1157	0
1158	0
1159	0
1160	0
1161	0
1162	1
1163	0
1164	1
1165	1
1166	1
1167	0
1168	0
1169	0
1170	0
1171	0
1172	0
1173	0
1174	0
1175	0
1176	0
1177	0
1178	0
1179	0
1180	0
1181	0
1182	0
1183	0
1184	0
1185	0
1186	0
1187	1
1188	0
1189	0
1190	1
1191	0
1192	0
1193	0
1194	0
1195	0
1196	0
1197	0
1198	0
1199	0
1200	0
1201	0
1202	1
1203	0
1204	0
1205	0
1206	0
1207	0
1208	0
1209	0
1210	0
1211	1
1212	0
1213	0
1214	0
1215	0
1216	0
1217	0
1218	0
1219	0
1220	0
1221	0
1222	0
1223	0
1224	0
1225	1
1226	0
1227	0
1228	0
1229	0
1230	0
1231	0
1232	0
1233	0
1234	0
1235	0
1236	1
1237	0
1238	0
1239	0
1240	0
1241	0
1242	0
1243	0
1244	0
1245	0
1246	0
1247	0
1248	0
1249	1
1250	0
1251	0
1252	0
1253	0
1254	0
1255	0
1256	0
1257	0
1258	0
1259	0
1260	0
1261	0
1262	0
1263	0
1264	0
1265	0
1266	0
1267	0
1268	0
1269	0
1270	0
1271	0
1272	0
1273	0
1274	0
1275	0
1276	0
1277	1
1278	0
1279	0
1280	0
1281	0
1282	0
1283	0
1284	0
1285	0
1286	0
1287	0
1288	0
1289	0
1290	0
1291	0
1292	0
1293	0
1294	1
1295	0
1296	0
1297	1
1298	0
1299	1
1300	0
1301	0
1302	0
1303	0
1304	0
1305	0
1306	0
1307	0
1308	1
1309	0
1310	0
1311	0
1312	0
1313	0
1314	0
1315	0
1316	0
1317	0
1318	0
1319	0
1320	0
1321	0
1322	0
1323	0
1324	0
1325	0
1326	0
1327	0
1328	0
1329	0
1330	0
1331	0
1332	1
1333	0
1334	0
1335	0
1336	0
1337	0
1338	0
1339	0
1340	0
1341	0
1342	0
1343	0
1344	0
1345	0
1346	0
1347	0
1348	0
1349	0
1350	0
1351	1
1352	0
1353	1
1354	0
1355	0
1356	0
1357	0
1358	0
1359	0
1360	0
1361	1
1362	0
1363	0
1364	0
1365	0
1366	0
1367	0
1368	0
1369	0
1370	0
1371	0
1372	1
1373	0
1374	0
1375	0
1376	0
1377	0
1378	0
1379	0
1380	0
1381	0
1382	1
1383	0
1384	0
1385	0
1386	0
1387	0
1388	0
1389	1
1390	0
1391	0
1392	0
1393	0
1394	0
1395	0
1396	0
1397	1
1398	0
1399	0
1400	0
1401	0
1402	0
1403	0
1404	1
1405	0
1406	0
1407	1
1408	0
1409	1
1410	0
1411	0
1412	0
1413	0
1414	0
1415	0
1416	0
1417	0
1418	0
1419	0
1420	0
1421	0
1422	0
1423	0
1424	0
1425	0
1426	0
1427	0
1428	1
1429	0
1430	0
1431	0
1432	0
1433	0
1434	0
1435	0
1436	0
1437	0
1438	0
1439	0
1440	1
1441	0
1442	0
1443	0
1444	0
1445	0
1446	0
1447	0
1448	0
1449	0
1450	0
1451	0
1452	0
1453	0
1454	1
1455	0
1456	0
1457	0
1458	0
1459	0
1460	0
1461	0
1462	0
1463	0
1464	0
1465	0
1466	1
1467	0
1468	0
1469	0
1470	0
1471	0
1472	0
1473	0
1474	0
1475	0
1476	0
1477	0
1478	1
1479	0
1480	0
1481	0
1482	0
1483	0
1484	0
1485	1
1486	0
1487	0
1488	0
1489	0
1490	0
1491	0
1492	0
1493	0
1494	0
1495	0
1496	0
1497	0
1498	0
1499	0
1500	0
1501	0
1502	0
1503	0
1504	0
1505	0
1506	0
1507	0
1508	0
1509	0
1510	0
1511	1
1512	0
1513	0
1514	0
1515	0
1516	0
1517	0
1518	0
1519	0
1520	0
1521	0
1522	0
1523	0
1524	0
1525	0
1526	2
1527	0
1528	0
1529	0
1530	0
1531	1
1532	0
1533	0
1534	0
1535	0
1536	0
1537	0
1538	0
1539	0
1540	0
1541	0
1542	0
1543	0
1544	0
1545	0
1546	0
1547	0
1548	0
1549	0
1550	0
1551	0
1552	0
1553	2
1554	0
1555	0
1556	0
1557	0
1558	0
1559	0
1560	0
1561	0
1562	0
1563	1
1564	0
1565	0
1566	0
1567	0
1568	0
1569	0
1570	0
1571	0
1572	0
1573	0
1574	0
1575	0
1576	0
1577	0
1578	0
1579	0
1580	0
1581	0
1582	0
1583	2
1584	0
1585	0
1586	0
1587	0
1588	0
1589	1
1590	0
1591	0
1592	0
1593	0
1594	0
1595	0
1596	0
1597	0
1598	0
1599	0
1600	0
1601	0
1602	0
1603	0
1604	0
1605	1
1606	1
1607	0
1608	0
1609	0
1610	0
1611	0
1612	0
1613	0
1614	1
1615	0
1616	0
1617	0
1618	1
1619	0
1620	0
1621	0
1622	0
1623	0
1624	0
1625	1
1626	0
1627	0
1628	0
1629	0
1630	0
1631	1
1632	1
1633	0
1634	0
1635	0
1636	0
1637	0
1638	0
1639	0
1640	0
1641	0
1642	0
1643	0
1644	0
1645	0
1646	0
1647	0
1648	0
1649	0
1650	0
1651	0
1652	0
1653	0
1654	1
1655	0
1656	0
1657	0
1658	0
1659	0
1660	0
1661	0
1662	0
1663	2
1664	0
1665	0
1666	1
1667	0
1668	0
1669	0
1670	0
1671	0
1672	0
1673	0
1674	0
1675	0
1676	0
1677	0
1678	1
1679	0
1680	0
1681	0
1682	0
1683	0
1684	0
1685	0
1686	0
1687	0
1688	0
1689	0
1690	0
1691	0
1692	1
1693	0
1694	0
1695	0
1696	0
1697	0
1698	0
1699	0
1700	0
1701	0
1702	1
1703	0
1704	0
1705	0
1706	0
1707	0
1708	0
1709	1
1710	0
1711	0
1712	0
1713	0
1714	0
1715	0
1716	0
1717	0
1718	0
1719	0
1720	0
1721	1
1722	0
1723	0
1724	0
1725	0
1726	0
1727	0
1728	0
1729	0
1730	0
1731	0
1732	0
1733	0
1734	0
1735	0
1736	0
1737	0
1738	0
1739	0
1740	0
1741	0
1742	0
1743	0
1744	0
1745	0
1746	0
1747	0
1748	0
1749	0
1750	0
1751	0
1752	0
1753	0
1754	0
1755	0
1756	0
1757	0
1758	0
1759	0
1760	0
1761	0
1762	0
1763	0
1764	0
1765	0
1766	0
1767	0
1768	0
1769	0
1770	0
1771	0
1772	0
1773	0
1774	0
1775	1
1776	0
1777	0
1778	0
1779	0
1780	0
1781	0
1782	0
1783	0
1784	0
1785	0
1786	0
1787	0
1788	0
1789	0
1790	0
1791	0
1792	0
1793	0
1794	0
1795	0
1796	0
1797	0
1798	0
1799	0
1800	0
1801	0
1802	0
1803	0
1804	0
1805	0
1806	0
1807	0
1808	0
1809	0
1810	0
1811	0
1812	0
1813	0
1814	0
1815	0
1816	0
1817	0
1818	1
1819	0
1820	0
1821	0
1822	0
1823	0
1824	0
1825	0
1826	0
1827	0
1828	0
1829	0
1830	0
1831	0
1832	0
1833	0
1834	0
1835	0
1836	0
1837	0
1838	0
1839	0
1840	0
1841	0
1842	0
1843	0
1844	0
1845	0
1846	0
1847	0
1848	0
1849	0
1850	0
1851	0
1852	0
1853	0
1854	0
1855	0
1856	0
1857	0
1858	0
1859	0
1860	0
1861	0
1862	0
1863	0
1864	0
1865	0
1866	0
1867	0
1868	0
1869	0
1870	0
1871	0
1872	0
1873	0
1874	0
1875	0
1876	0
1877	0
1878	0
1879	0
1880	0
1881	0
1882	0
1883	0
1884	0
1885	1
1886	0
1887	0
1888	0
1889	0
1890	0
1891	0
1892	0
1893	0
1894	0
1895	0
1896	0
1897	1
1898	0
1899	0
1900	0
1901	0
1902	0
1903	0
1904	0
1905	0
1906	0
1907	0
1908	0
1909	0
1910	0
1911	0
1912	0
1913	0
1914	0
1915	0
1916	1
1917	0
1918	0
1919	1
1920	0
1921	0
1922	0
1923	0
1924	0
1925	0
1926	0
1927	0
1928	0
1929	0
1930	0
1931	0
1932	0
1933	0
1934	0
1935	0
1936	0
1937	0
1938	0
1939	0
1940	0
1941	0
1942	0
1943	0
1944	0
1945	0
1946	0
1947	0
1948	0
1949	0
1950	0
1951	0
1952	0
1953	0
1954	0
1955	0
1956	0
1957	0
1958	0
1959	0
1960	0
1961	0
1962	0
1963	0
1964	0
1965	0
1966	0
1967	0
1968	0
1969	0
1970	0
1971	0
1972	0
1973	0
1974	0
1975	0
1976	0
1977	0
1978	0
1979	0
1980	0
1981	0
1982	0
1983	0
1984	0
1985	0
1986	0
1987	0
1988	0
1989	0
1990	0
1991	0
1992	0
1993	0
1994	0
1995	0
1996	0
1997	0
1998	0
1999	0
2000	0
2001	0
2002	0
2003	0
2004	0
2005	0
2006	0
2007	0
2008	0
2009	0
2010	0
2011	0
2012	0
2013	0
2014	0
2015	0
2016	0
2017	0
2018	0
2019	0
2020	0
2021	0
2022	0
2023	0
2024	0
2025	0
2026	0
2027	0
2028	0
2029	0
2030	0
2031	0
2032	0
2033	0
2034	0
2035	0
2036	0
2037	0
2038	0
2039	0
2040	0
2041	0
2042	0
2043	0
2044	0
2045	0
2046	0
2047	0
