0	0
1	0
2	0
3	0
4	0
5	0
6	0
7	0
8	0
9	0
10	0
11	0
12	16
13	107
14	102
15	77
16	54
17	66
18	58
19	90
20	316
21	1349
22	4063
23	9205
24	14933
25	17300
26	15214
27	10529
28	5983
29	2816
30	1215
31	472
32	130
33	63
34	51
35	61
36	50
37	49
38	44
39	65
40	55
41	38
42	45
43	38
44	46
45	27
46	57
47	39
48	54
49	53
50	58
51	62
52	70
53	42
54	51
55	37
56	38
57	36
58	43
59	35
60	45
61	42
62	50
63	70
64	76
65	140
66	177
67	248
68	369
69	457
70	473
71	501
72	541
73	507
74	368
75	293
76	207
77	134
78	77
79	65
80	24
81	13
82	15
83	13
84	6
85	15
86	5
87	8
88	12
89	6
90	5
91	10
92	6
93	4
94	4
95	5
96	7
97	7
98	4
99	8
100	5
101	6
102	5
103	11
104	5
105	6
106	7
107	7
108	6
109	5
110	3
111	5
112	4
113	11
114	3
115	4
116	9
117	10
118	4
119	7
120	4
121	5
122	3
123	4
124	4
125	4
126	6
127	1
128	2
129	5
130	7
131	9
132	5
133	5
134	4
135	4
136	5
137	7
138	6
139	9
140	6
141	5
142	4
143	5
144	3
145	5
146	7
147	4
148	5
149	3
150	2
151	3
152	5
153	3
154	4
155	9
156	3
157	1
158	5
159	2
160	2
161	5
162	2
163	5
164	6
165	4
166	2
167	3
168	3
169	4
170	6
171	3
172	4
173	3
174	6
175	7
176	3
177	3
178	3
179	3
180	2
181	0
182	3
183	1
184	5
185	4
186	4
187	5
188	4
189	1
190	4
191	3
192	1
193	3
194	5
195	2
196	2
197	3
198	1
199	4
200	2
201	4
202	3
203	2
204	2
205	1
206	3
207	3
208	1
209	1
210	1
211	2
212	1
213	1
214	1
215	4
216	2
217	2
218	2
219	4
220	1
221	4
222	4
223	3
224	4
225	4
226	0
227	2
228	0
229	1
230	1
231	1
232	5
233	1
234	1
235	1
236	2
237	3
238	3
239	2
240	2
241	2
242	2
243	4
244	1
245	0
246	3
247	2
248	1
249	2
250	4
251	3
252	2
253	0
254	0
255	0
256	1
257	1
258	1
259	3
260	3
261	0
262	1
263	2
264	2
265	4
266	0
267	0
268	0
269	0
270	1
271	4
272	2
273	2
274	3
275	1
276	0
277	2
278	2
279	1
280	1
281	1
282	1
283	1
284	1
285	0
286	1
287	2
288	1
289	0
290	0
291	0
292	2
293	3
294	1
295	2
296	1
297	1
298	5
299	0
300	3
301	2
302	2
303	2
304	4
305	1
306	1
307	3
308	3
309	1
310	5
311	0
312	1
313	1
314	2
315	2
316	0
317	1
318	2
319	3
320	1
321	3
322	6
323	4
324	4
325	1
326	5
327	4
328	2
329	2
330	2
331	1
332	2
333	1
334	1
335	3
336	4
337	3
338	2
339	0
340	1
341	0
342	0
343	0
344	1
345	1
346	0
347	3
348	2
349	0
350	3
351	0
352	2
353	2
354	0
355	0
356	2
357	0
358	2
359	4
360	1
361	0
362	0
363	0
364	2
365	0
366	2
367	2
368	2
369	1
370	0
371	2
372	2
373	1
374	0
375	0
376	1
377	0
378	1
379	0
380	0
381	4
382	1
383	6
384	1
385	2
386	2
387	5
388	2
389	1
390	2
391	2
392	2
393	1
394	0
395	3
396	1
397	2
398	0
399	0
400	1
401	0
402	2
403	1
404	3
405	3
406	0
407	3
408	1
409	0
410	1
411	1
412	1
413	0
414	3
415	1
416	0
417	1
418	0
419	1
420	1
421	0
422	0
423	1
424	1
425	3
426	0
427	0
428	0
429	2
430	3
431	1
432	1
433	1
434	2
435	0
436	2
437	3
438	1
439	0
440	0
441	2
442	1
443	3
444	2
445	3
446	1
447	1
448	1
449	0
450	0
451	1
452	0
453	2
454	0
455	0
456	1
457	0
458	2
459	0
460	0
461	2
462	0
463	0
464	0
465	1
466	0
467	1
468	1
469	0
470	3
471	0
472	1
473	1
474	1
475	3
476	1
477	1
478	4
479	2
480	1
481	0
482	0
483	2
484	0
485	3
486	0
487	2
488	0
489	0
490	0
491	0
492	2
493	1
494	2
495	0
496	0
497	0
498	0
499	0
500	1
501	0
502	1
503	1
504	0
505	1
506	0
507	2
508	1
509	0
510	0
511	1
512	2
513	1
514	0
515	0
516	0
517	1
518	2
519	1
520	1
521	1
522	0
523	0
524	2
525	1
526	1
527	1
528	1
529	0
530	0
531	0
532	1
533	2
534	1
535	1
536	0
537	0
538	0
539	0
540	0
541	1
542	2
543	2
544	1
545	1
546	0
547	0
548	1
549	0
550	0
551	2
552	1
553	1
554	0
555	2
556	2
557	0
558	0
559	2
560	0
561	1
562	0
563	2
564	1
565	0
566	1
567	1
568	3
569	0
570	0
571	1
572	1
573	0
574	1
575	0
576	2
577	0
578	0
579	1
580	0
581	0
582	1
583	1
584	2
585	3
586	0
587	0
588	1
589	2
590	1
591	1
592	4
593	0
594	2
595	0
596	0
597	0
598	0
599	1
600	3
601	2
602	1
603	1
604	3
605	1
606	0
607	0
608	1
609	0
610	2
611	1
612	0
613	0
614	0
615	1
616	0
617	0
618	2
619	0
620	0
621	3
622	1
623	0
624	0
625	0
626	0
627	0
628	0
629	0
630	0
631	0
632	1
633	0
634	1
635	2
636	0
637	1
638	0
639	0
640	0
641	0
642	1
643	1
644	2
645	1
646	0
647	0
648	0
649	1
650	0
651	0
652	0
653	2
654	3
655	0
656	0
657	0
658	0
659	1
660	0
661	0
662	1
663	0
664	1
665	0
666	0
667	1
668	0
669	1
670	0
671	0
672	2
673	1
674	0
675	0
676	0
677	0
678	0
679	1
680	0
681	0
682	0
683	0
684	3
685	0
686	1
687	0
688	1
689	0
690	2
691	0
692	0
693	0
694	1
695	0
696	0
697	0
698	1
699	0
700	0
701	1
702	0
703	1
704	1
705	0
706	0
707	0
708	1
709	1
710	2
711	1
712	0
713	0
714	0
715	0
716	1
717	0
718	1
719	1
720	1
721	1
722	1
723	0
724	0
725	1
726	0
727	0
728	1
729	0
730	0
731	0
732	1
733	0
734	0
735	0
736	0
737	0
738	0
739	0
740	0
741	0
742	1
743	2
744	1
745	1
746	0
747	0
748	1
749	0
750	0
751	0
752	0
753	0
754	0
755	0
756	0
757	1
758	0
759	2
760	0
761	0
762	2
763	0
764	0
765	1
766	1
767	0
768	2
769	2
770	0
771	0
772	1
773	2
774	1
775	3
776	0
777	2
778	0
779	1
780	0
781	2
782	0
783	0
784	0
785	0
786	0
787	1
788	0
789	0
790	0
791	0
792	2
793	1
794	0
795	0
796	1
797	0
798	1
799	1
800	0
801	1
802	0
803	0
804	2
805	2
806	0
807	0
808	0
809	1
810	1
811	0
812	0
813	0
814	1
815	1
816	1
817	0
818	0
819	0
820	0
821	1
822	1
823	0
824	0
825	0
826	0
827	0
828	1
829	0
830	0
831	1
832	1
833	0
834	0
835	0
836	0
837	0
838	0
839	1
840	1
841	0
842	1
843	0
844	0
845	0
846	0
847	2
848	1
849	0
850	0
851	0
852	1
853	0
854	0
855	0
856	0
857	0
858	0
859	0
860	0
861	0
862	0
863	1
864	0
865	0
866	0
867	0
868	0
869	1
870	1
871	0
872	0
873	0
874	1
875	0
876	0
877	0
878	0
879	1
880	0
881	0
882	0
883	0
884	0
885	0
886	1
887	0
888	0
889	1
890	0
891	0
892	1
893	0
894	0
895	0
896	0
897	0
898	1
899	0
900	0
901	0
902	0
903	0
904	0
905	0
906	0
907	0
908	0
909	1
910	0
911	0
912	0
913	3
914	0
915	0
916	0
917	0
918	0
919	0
920	0
921	0
922	0
923	0
924	0
925	1
926	1
927	1
928	0
929	0
930	0
931	0
932	0
933	0
934	1
935	1
936	0
937	0
938	1
939	1
940	0
941	3
942	0
943	0
944	1
945	1
946	1
947	1
948	0
949	1
950	1
951	1
952	1
953	1
954	1
955	1
956	0
957	1
958	0
959	1
960	0
961	0
962	1
963	0
964	2
965	0
966	0
967	1
968	0
969	2
970	0
971	0
972	0
973	0
974	0
975	0
976	1
977	2
978	1
979	0
980	0
981	0
982	0
983	0
984	0
985	0
986	0
987	0
988	0
989	0
990	0
991	0
992	0
993	0
994	1
995	0
996	1
997	1
998	0
999	1
1000	0
1001	0
1002	0
1003	0
1004	0
1005	0
1006	0
1007	0
1008	0
1009	0
1010	0
1011	1
1012	0
1013	0
1014	0
1015	0
1016	1
1017	0
1018	0
1019	0
1020	0
1021	1
1022	2
1023	0
1024	1
1025	0
1026	0
1027	0
1028	0
1029	0
1030	1
1031	1
1032	0
1033	0
1034	0
1035	0
1036	0
1037	0
1038	2
1039	1
1040	0
1041	0
1042	0
1043	0
1044	0
1045	0
1046	0
1047	1
1048	0
1049	1
1050	0
1051	0
1052	0
1053	1
1054	1
1055	0
1056	0
1057	0
1058	0
1059	0
1060	0
1061	0
1062	0
1063	0
1064	1
1065	1
1066	0
1067	0
1068	0
1069	0
1070	1
1071	0
1072	0
1073	0
1074	0
1075	0
1076	0
1077	1
1078	0
1079	0
1080	1
1081	0
1082	0
1083	0
1084	0
1085	0
1086	0
1087	0
1088	0
1089	1
1090	0
1091	0
1092	0
1093	1
1094	0
1095	0
1096	0
1097	0
1098	0
1099	0
1100	0
1101	0
1102	1
1103	0
1104	0
1105	0
1106	0
1107	1
1108	0
1109	0
1110	0
1111	0
1112	0
1113	1
1114	0
1115	2
1116	0
1117	0
1118	0
1119	0
1120	0
1121	0
1122	1
1123	1
1124	0
1125	0
1126	0
1127	0
1128	1
1129	0
1130	1
1131	0
1132	0
1133	0
1134	0
1135	1
1136	0
1137	0
1138	1
1139	0
1140	0
1141	1
1142	0
1143	0
1144	0
1145	1
1146	0
1147	0
1148	1
1149	1
1150	0
1151	0
1152	1
1153	0
1154	0
1155	0
1156	1
1157	0
1158	0
1159	0
1160	0
1161	0
1162	0
1163	0
1164	0
1165	0
1166	0
1167	0
1168	0
1169	0
1170	2
1171	0
1172	0
1173	0
1174	0
1175	0
1176	0
1177	0
1178	0
1179	0
1180	0
1181	0
1182	0
1183	0
1184	0
1185	0
1186	0
1187	0
1188	0
1189	0
1190	0
1191	0
1192	0
1193	0
1194	0
1195	0
1196	0
1197	0
1198	1
1199	0
1200	0
1201	1
1202	0
1203	1
1204	1
1205	0
1206	0
1207	0
1208	0
1209	0
1210	0
1211	0
1212	0
1213	0
1214	0
1215	0
1216	0
1217	0
1218	0
1219	1
1220	0
1221	0
1222	0
1223	0
1224	0
1225	1
1226	0
1227	0
1228	0
1229	2
1230	0
1231	1
1232	0
1233	0
1234	0
1235	0
1236	0
1237	1
1238	0
1239	0
1240	0
1241	0
1242	0
1243	0
1244	0
1245	0
1246	0
1247	1
1248	0
1249	1
1250	0
1251	1
1252	0
1253	0
1254	0
1255	0
1256	0
1257	1
1258	0
1259	0
1260	0
1261	0
1262	0
1263	0
1264	0
1265	0
1266	1
1267	0
1268	0
1269	0
1270	0
1271	0
1272	0
1273	0
1274	0
1275	0
1276	1
1277	0
1278	0
1279	0
1280	0
1281	0
1282	0
1283	0
1284	0
1285	0
1286	0
1287	0
1288	0
1289	0
1290	0
1291	0
1292	0
1293	0
1294	0
1295	0
1296	0
1297	0
1298	0
1299	0
1300	0
1301	0
1302	0
1303	0
1304	0
1305	0
1306	1
1307	1
1308	0
1309	0
1310	0
1311	1
1312	0
1313	0
1314	0
1315	1
1316	0
1317	0
1318	0
1319	0
1320	0
1321	0
1322	0
1323	1
1324	0
1325	0
1326	0
1327	0
1328	0
1329	0
1330	1
1331	0
1332	0
1333	0
1334	0
1335	0
1336	1
1337	0
1338	0
1339	1
1340	0
1341	0
1342	0
1343	0
1344	0
1345	0
1346	0
1347	0
1348	0
1349	0
1350	0
1351	0
1352	0
1353	0
1354	0
1355	0
1356	0
1357	1
1358	0
1359	0
1360	0
1361	0
1362	0
1363	0
1364	0
1365	0
1366	0
1367	0
1368	0
1369	0
1370	0
1371	1
1372	2
1373	0
1374	0
1375	1
1376	0
1377	0
1378	0
1379	0
1380	0
1381	0
1382	0
1383	0
1384	0
1385	0
1386	0
1387	0
1388	0
1389	1
1390	0
1391	0
1392	1
1393	1
1394	0
1395	0
1396	0
1397	0
1398	0
1399	1
1400	0
1401	0
1402	0
1403	0
1404	0
1405	0
1406	0
1407	0
1408	0
1409	0
1410	0
1411	0
1412	0
1413	0
1414	0
1415	0
1416	0
1417	0
1418	0
1419	0
1420	0
1421	1
1422	0
1423	0
1424	0
1425	0
1426	0
1427	0
1428	0
1429	0
1430	0
1431	0
1432	0
1433	0
1434	0
1435	0
1436	0
1437	0
1438	0
1439	0
1440	0
1441	0
1442	0
1443	0
1444	1
1445	0
1446	1
1447	0
1448	0
1449	0
1450	0
1451	0
1452	0
1453	0
1454	0
1455	0
1456	0
1457	0
1458	0
1459	0
1460	0
1461	0
1462	1
1463	0
1464	0
1465	0
1466	0
1467	0
1468	0
1469	0
1470	0
1471	0
1472	0
1473	0
1474	0
1475	0
1476	0
1477	0
1478	0
1479	0
1480	0
1481	0
1482	0
1483	0
1484	0
1485	0
1486	0
1487	0
1488	1
1489	0
1490	1
1491	0
1492	0
1493	0
1494	0
1495	0
1496	0
1497	0
1498	0
1499	0
1500	0
1501	0
1502	0
1503	0
1504	0
1505	0
1506	0
1507	0
1508	0
1509	0
1510	0
1511	0
1512	0
1513	0
1514	0
1515	0
1516	0
1517	0
1518	0
1519	1
1520	0
1521	0
1522	0
1523	0
1524	0
1525	0
1526	0
1527	0
1528	0
1529	0
1530	0
1531	0
1532	0
1533	0
1534	0
1535	0
1536	0
1537	0
1538	0
1539	0
1540	0
1541	0
1542	0
1543	0
1544	0
1545	0
1546	0
1547	0
1548	0
1549	0
1550	0
1551	0
1552	0
1553	0
1554	0
1555	0
1556	0
1557	0
1558	0
1559	0
1560	0
1561	0
1562	0
1563	0
1564	0
1565	0
1566	0
1567	0
1568	0
1569	0
1570	0
1571	0
1572	0
1573	0
1574	0
1575	0
1576	0
1577	0
1578	0
1579	0
1580	0
1581	0
1582	0
1583	0
1584	0
1585	0
1586	0
1587	0
1588	0
1589	0
1590	0
1591	0
1592	0
1593	0
1594	0
1595	0
1596	0
1597	0
1598	0
1599	0
1600	0
1601	0
1602	1
1603	0
1604	0
1605	0
1606	0
1607	0
1608	1
1609	0
1610	0
1611	0
1612	0
1613	0
1614	0
1615	0
1616	0
1617	0
1618	0
1619	0
1620	0
1621	0
1622	0
1623	0
1624	0
1625	0
1626	1
1627	0
1628	0
1629	0
1630	0
1631	0
1632	0
1633	0
1634	0
1635	0
1636	0
1637	1
1638	0
1639	0
1640	0
1641	0
1642	0
1643	0
1644	0
1645	0
1646	0
1647	0
1648	0
1649	0
1650	0
1651	1
1652	0
1653	0
1654	0
1655	0
1656	0
1657	0
1658	0
1659	0
1660	0
1661	0
1662	0
1663	0
1664	0
1665	0
1666	0
1667	0
1668	0
1669	0
1670	0
1671	0
1672	0
1673	0
1674	0
1675	0
1676	0
1677	0
1678	0
1679	0
1680	0
1681	0
1682	0
1683	0
1684	0
1685	0
1686	0
1687	0
1688	0
1689	0
1690	0
1691	0
1692	0
1693	1
1694	0
1695	0
1696	0
1697	0
1698	0
1699	0
1700	0
1701	0
1702	0
1703	1
1704	0
1705	0
1706	0
1707	0
1708	0
1709	0
1710	1
1711	1
1712	0
1713	1
1714	0
1715	0
1716	0
1717	0
1718	0
1719	0
1720	0
1721	0
1722	0
1723	0
1724	0
1725	0
1726	0
1727	0
1728	0
1729	0
1730	0
1731	0
1732	0
1733	0
1734	0
1735	0
1736	0
1737	0
1738	0
1739	0
1740	0
1741	0
1742	0
1743	1
1744	0
1745	0
1746	0
1747	0
1748	0
1749	0
1750	0
1751	0
1752	0
1753	0
1754	0
1755	0
1756	0
1757	0
1758	0
1759	0
1760	0
1761	0
1762	0
1763	0
1764	0
1765	1
1766	1
1767	1
1768	0
1769	0
1770	0
1771	0
1772	0
1773	0
1774	0
1775	0
1776	0
1777	0
1778	0
1779	0
1780	0
1781	0
1782	0
1783	0
1784	0
1785	0
1786	0
1787	0
1788	0
1789	0
1790	0
1791	0
1792	0
1793	0
1794	0
1795	0
1796	0
1797	0
1798	0
1799	0
1800	0
1801	0
1802	0
1803	0
1804	0
1805	0
1806	0
1807	0
1808	0
1809	0
1810	0
1811	0
1812	0
1813	0
1814	0
1815	0
1816	0
1817	0
1818	0
1819	0
1820	0
1821	0
1822	0
1823	0
1824	0
1825	0
1826	0
1827	0
1828	0
1829	0
1830	0
1831	0
1832	0
1833	0
1834	0
1835	0
1836	0
1837	0
1838	0
1839	0
1840	0
1841	0
1842	1
1843	0
1844	0
1845	0
1846	0
1847	0
1848	0
1849	0
1850	0
1851	0
1852	0
1853	0
1854	0
1855	0
1856	0
1857	0
1858	0
1859	0
1860	0
1861	0
1862	0
1863	0
1864	0
1865	0
1866	0
1867	0
1868	0
1869	0
1870	0
1871	0
1872	0
1873	0
1874	0
1875	0
1876	0
1877	0
1878	0
1879	0
1880	0
1881	0
1882	0
1883	0
1884	0
1885	0
1886	0
1887	0
1888	0
1889	0
1890	0
1891	0
1892	0
1893	0
1894	0
1895	0
1896	0
1897	0
1898	0
1899	0
1900	0
1901	0
1902	0
1903	0
1904	0
1905	0
1906	0
1907	0
1908	0
1909	0
1910	0
1911	0
1912	0
1913	0
1914	0
1915	0
1916	0
1917	0
1918	0
1919	0
1920	0
1921	0
1922	0
1923	0
1924	0
1925	0
1926	0
1927	0
1928	0
1929	0
1930	0
1931	0
1932	1
1933	0
1934	0
1935	0
1936	0
1937	0
1938	0
1939	0
1940	0
1941	0
1942	0
1943	0
1944	1
1945	0
1946	0
1947	0
1948	1
1949	0
1950	0
1951	0
1952	0
1953	0
1954	0
1955	0
1956	0
1957	0
1958	0
1959	0
1960	0
1961	0
1962	1
1963	0
1964	0
1965	0
1966	0
1967	0
1968	0
1969	0
1970	0
1971	0
1972	0
1973	0
1974	0
1975	0
1976	0
1977	0
1978	0
1979	0
1980	0
1981	0
1982	0
1983	0
1984	1
1985	0
1986	0
1987	0
1988	0
1989	0
1990	0
1991	0
1992	0
1993	0
1994	0
1995	0
1996	0
1997	0
1998	0
1999	0
2000	0
2001	0
2002	0
2003	0
2004	0
2005	0
2006	0
2007	0
2008	0
2009	0
2010	0
2011	0
2012	0
2013	0
2014	0
2015	0
2016	0
2017	0
2018	0
2019	0
2020	0
2021	0
2022	0
2023	0
2024	0
2025	0
2026	0
2027	0
2028	0
2029	0
2030	0
2031	0
2032	0
2033	0
2034	0
2035	0
2036	0
2037	0
2038	0
2039	0
2040	0
2041	0
2042	0
2043	0
2044	0
2045	0
2046	0
2047	0
