0	0
1	0
2	0
3	0
4	0
5	0
6	0
7	0
8	0
9	0
10	4
11	13
12	93
13	892
14	923
15	534
16	382
17	373
18	390
19	390
20	404
21	405
22	422
23	469
24	516
25	587
26	766
27	1166
28	1727
29	2532
30	3427
31	3925
32	4127
33	3908
34	3179
35	2439
36	1701
37	1244
38	897
39	679
40	555
41	472
42	446
43	480
44	443
45	407
46	441
47	423
48	429
49	487
50	398
51	441
52	422
53	412
54	407
55	401
56	366
57	430
58	392
59	374
60	406
61	423
62	414
63	378
64	411
65	400
66	399
67	392
68	400
69	382
70	402
71	379
72	399
73	382
74	394
75	381
76	407
77	372
78	377
79	365
80	386
81	388
82	375
83	390
84	416
85	397
86	392
87	413
88	365
89	417
90	389
91	401
92	378
93	416
94	393
95	382
96	374
97	372
98	384
99	384
100	374
101	374
102	364
103	372
104	381
105	388
106	393
107	398
108	364
109	359
110	397
111	351
112	322
113	359
114	357
115	370
116	372
117	368
118	384
119	384
120	368
121	404
122	401
123	395
124	368
125	395
126	405
127	417
128	403
129	429
130	391
131	442
132	422
133	443
134	474
135	501
136	458
137	498
138	469
139	479
140	459
141	513
142	491
143	512
144	512
145	508
146	502
147	454
148	509
149	472
150	469
151	479
152	455
153	498
154	483
155	485
156	399
157	470
158	438
159	431
160	444
161	473
162	482
163	445
164	443
165	453
166	439
167	450
168	424
169	440
170	410
171	445
172	394
173	410
174	447
175	406
176	425
177	426
178	420
179	435
180	392
181	368
182	422
183	383
184	396
185	391
186	437
187	407
188	386
189	402
190	406
191	424
192	387
193	385
194	399
195	390
196	378
197	352
198	371
199	381
200	381
201	381
202	365
203	391
204	388
205	372
206	380
207	387
208	385
209	391
210	396
211	337
212	392
213	418
214	355
215	379
216	376
217	369
218	390
219	346
220	348
221	385
222	370
223	372
224	380
225	337
226	378
227	382
228	392
229	344
230	370
231	354
232	356
233	317
234	370
235	353
236	339
237	362
238	336
239	339
240	324
241	348
242	340
243	343
244	349
245	338
246	340
247	359
248	363
249	377
250	348
251	336
252	345
253	334
254	313
255	332
256	341
257	310
258	346
259	328
260	349
261	337
262	334
263	332
264	320
265	341
266	313
267	349
268	367
269	330
270	365
271	345
272	334
273	335
274	329
275	323
276	319
277	371
278	312
279	341
280	317
281	316
282	322
283	357
284	351
285	310
286	337
287	316
288	312
289	348
290	310
291	374
292	331
293	341
294	356
295	333
296	341
297	327
298	342
299	338
300	335
301	324
302	327
303	342
304	335
305	354
306	338
307	351
308	337
309	298
310	316
311	332
312	346
313	294
314	280
315	285
316	294
317	282
318	275
319	230
320	243
321	251
322	239
323	220
324	220
325	219
326	175
327	207
328	180
329	167
330	164
331	130
332	142
333	150
334	119
335	133
336	132
337	118
338	109
339	98
340	78
341	110
342	111
343	86
344	105
345	92
346	79
347	77
348	77
349	74
350	69
351	86
352	77
353	69
354	61
355	59
356	71
357	56
358	57
359	57
360	62
361	70
362	53
363	68
364	60
365	56
366	50
367	65
368	48
369	62
370	50
371	51
372	47
373	44
374	56
375	51
376	51
377	45
378	49
379	40
380	51
381	41
382	52
383	44
384	39
385	52
386	46
387	44
388	52
389	35
390	40
391	52
392	54
393	53
394	41
395	61
396	48
397	37
398	46
399	33
400	40
401	40
402	43
403	51
404	43
405	49
406	61
407	59
408	82
409	53
410	85
411	91
412	101
413	103
414	158
415	189
416	191
417	255
418	287
419	347
420	415
421	459
422	596
423	680
424	741
425	837
426	996
427	1190
428	1315
429	1494
430	1746
431	1924
432	2137
433	2324
434	2517
435	2696
436	3079
437	3071
438	3252
439	3491
440	3664
441	3851
442	3969
443	4038
444	4149
445	3984
446	4082
447	4026
448	3914
449	3926
450	3871
451	3619
452	3521
453	3291
454	3192
455	2878
456	2708
457	2592
458	2403
459	2147
460	1944
461	1701
462	1622
463	1369
464	1237
465	1125
466	933
467	810
468	714
469	608
470	472
471	485
472	397
473	368
474	312
475	254
476	254
477	234
478	170
479	162
480	127
481	126
482	87
483	99
484	91
485	91
486	68
487	84
488	81
489	58
490	78
491	74
492	67
493	62
494	55
495	58
496	70
497	54
498	66
499	63
500	61
501	54
502	64
503	54
504	49
505	57
506	52
507	64
508	59
509	41
510	58
511	36
512	45
513	53
514	55
515	47
516	47
517	43
518	44
519	40
520	47
521	34
522	33
523	39
524	56
525	44
526	35
527	44
528	48
529	37
530	38
531	42
532	44
533	45
534	36
535	35
536	29
537	46
538	45
539	42
540	57
541	47
542	38
543	30
544	51
545	46
546	54
547	39
548	52
549	47
550	44
551	45
552	37
553	55
554	47
555	40
556	42
557	44
558	57
559	43
560	46
561	54
562	52
563	55
564	52
565	47
566	34
567	49
568	35
569	57
570	46
571	43
572	31
573	49
574	46
575	37
576	48
577	36
578	41
579	37
580	45
581	47
582	42
583	59
584	52
585	45
586	40
587	37
588	36
589	40
590	29
591	33
592	36
593	40
594	36
595	25
596	34
597	44
598	34
599	41
600	34
601	28
602	44
603	24
604	30
605	25
606	35
607	40
608	25
609	31
610	35
611	34
612	33
613	41
614	47
615	27
616	51
617	25
618	42
619	29
620	31
621	33
622	18
623	41
624	27
625	22
626	35
627	37
628	35
629	29
630	29
631	32
632	35
633	30
634	35
635	22
636	26
637	28
638	26
639	24
640	31
641	31
642	22
643	33
644	20
645	29
646	34
647	22
648	31
649	26
650	26
651	18
652	31
653	27
654	29
655	26
656	26
657	27
658	23
659	25
660	27
661	26
662	27
663	21
664	26
665	18
666	21
667	22
668	25
669	26
670	26
671	27
672	22
673	20
674	24
675	17
676	21
677	20
678	16
679	25
680	18
681	13
682	23
683	12
684	15
685	20
686	28
687	27
688	28
689	19
690	21
691	20
692	16
693	15
694	18
695	27
696	17
697	21
698	19
699	21
700	13
701	31
702	21
703	21
704	15
705	27
706	27
707	13
708	15
709	14
710	19
711	17
712	18
713	27
714	21
715	15
716	18
717	18
718	18
719	14
720	22
721	24
722	21
723	9
724	11
725	24
726	24
727	22
728	14
729	12
730	23
731	27
732	28
733	14
734	8
735	12
736	17
737	12
738	18
739	16
740	18
741	17
742	9
743	15
744	15
745	13
746	15
747	13
748	17
749	23
750	12
751	22
752	18
753	19
754	17
755	13
756	16
757	12
758	15
759	16
760	17
761	14
762	13
763	23
764	14
765	20
766	14
767	14
768	9
769	14
770	9
771	16
772	14
773	9
774	18
775	12
776	10
777	14
778	15
779	14
780	17
781	11
782	16
783	17
784	21
785	12
786	13
787	13
788	18
789	17
790	10
791	11
792	9
793	12
794	14
795	10
796	11
797	9
798	15
799	13
800	7
801	19
802	20
803	12
804	16
805	20
806	17
807	11
808	15
809	6
810	15
811	15
812	11
813	15
814	11
815	13
816	16
817	10
818	18
819	10
820	14
821	18
822	17
823	17
824	15
825	18
826	19
827	11
828	17
829	18
830	22
831	19
832	16
833	13
834	18
835	14
836	14
837	15
838	24
839	16
840	26
841	21
842	26
843	15
844	12
845	20
846	29
847	23
848	16
849	27
850	21
851	12
852	22
853	13
854	24
855	19
856	21
857	22
858	21
859	22
860	20
861	18
862	17
863	24
864	26
865	26
866	20
867	25
868	21
869	26
870	33
871	20
872	33
873	29
874	35
875	28
876	28
877	21
878	29
879	20
880	27
881	16
882	23
883	18
884	29
885	28
886	18
887	19
888	23
889	14
890	25
891	10
892	14
893	17
894	24
895	14
896	22
897	8
898	20
899	9
900	24
901	16
902	11
903	6
904	9
905	12
906	10
907	11
908	13
909	4
910	7
911	6
912	7
913	7
914	7
915	4
916	1
917	2
918	5
919	5
920	1
921	2
922	3
923	0
924	4
925	3
926	3
927	1
928	0
929	2
930	2
931	2
932	0
933	3
934	7
935	0
936	1
937	0
938	2
939	2
940	1
941	1
942	0
943	3
944	0
945	0
946	2
947	2
948	2
949	1
950	0
951	2
952	2
953	1
954	3
955	1
956	0
957	2
958	0
959	1
960	2
961	0
962	3
963	2
964	0
965	2
966	1
967	2
968	2
969	0
970	2
971	2
972	2
973	3
974	1
975	1
976	2
977	2
978	2
979	1
980	3
981	0
982	0
983	1
984	0
985	0
986	2
987	0
988	1
989	1
990	1
991	2
992	1
993	1
994	1
995	0
996	2
997	0
998	0
999	3
1000	0
1001	0
1002	1
1003	2
1004	1
1005	4
1006	0
1007	1
1008	1
1009	0
1010	2
1011	0
1012	1
1013	1
1014	2
1015	1
1016	0
1017	2
1018	0
1019	0
1020	1
1021	4
1022	0
1023	3
1024	0
1025	2
1026	0
1027	0
1028	2
1029	0
1030	2
1031	0
1032	0
1033	1
1034	0
1035	1
1036	1
1037	0
1038	1
1039	1
1040	0
1041	0
1042	0
1043	1
1044	2
1045	0
1046	1
1047	1
1048	1
1049	1
1050	0
1051	0
1052	3
1053	0
1054	0
1055	1
1056	0
1057	0
1058	0
1059	1
1060	0
1061	0
1062	0
1063	1
1064	1
1065	0
1066	0
1067	3
1068	1
1069	0
1070	0
1071	0
1072	1
1073	0
1074	1
1075	0
1076	0
1077	0
1078	0
1079	1
1080	1
1081	1
1082	0
1083	0
1084	1
1085	1
1086	0
1087	1
1088	1
1089	1
1090	1
1091	0
1092	1
1093	0
1094	0
1095	0
1096	2
1097	0
1098	1
1099	1
1100	0
1101	0
1102	1
1103	1
1104	0
1105	0
1106	0
1107	0
1108	1
1109	1
1110	0
1111	0
1112	1
1113	0
1114	2
1115	1
1116	0
1117	0
1118	1
1119	1
1120	0
1121	0
1122	1
1123	1
1124	0
1125	0
1126	0
1127	0
1128	1
1129	1
1130	0
1131	0
1132	1
1133	0
1134	0
1135	0
1136	0
1137	0
1138	2
1139	0
1140	1
1141	1
1142	0
1143	0
1144	0
1145	0
1146	0
1147	0
1148	1
1149	0
1150	0
1151	0
1152	0
1153	0
1154	1
1155	0
1156	0
1157	0
1158	1
1159	1
1160	0
1161	0
1162	1
1163	2
1164	0
1165	0
1166	2
1167	0
1168	0
1169	0
1170	0
1171	0
1172	0
1173	1
1174	0
1175	1
1176	1
1177	0
1178	0
1179	0
1180	0
1181	0
1182	0
1183	1
1184	0
1185	0
1186	0
1187	0
1188	1
1189	0
1190	1
1191	0
1192	0
1193	0
1194	0
1195	0
1196	0
1197	0
1198	1
1199	0
1200	0
1201	0
1202	0
1203	1
1204	0
1205	1
1206	0
1207	0
1208	0
1209	0
1210	0
1211	2
1212	0
1213	0
1214	0
1215	0
1216	0
1217	0
1218	0
1219	0
1220	0
1221	0
1222	0
1223	0
1224	0
1225	1
1226	1
1227	0
1228	0
1229	0
1230	0
1231	0
1232	0
1233	0
1234	0
1235	0
1236	0
1237	0
1238	1
1239	0
1240	0
1241	0
1242	0
1243	0
1244	0
1245	0
1246	0
1247	0
1248	1
1249	0
1250	0
1251	0
1252	1
1253	0
1254	0
1255	2
1256	0
1257	0
1258	0
1259	0
1260	0
1261	0
1262	0
1263	0
1264	0
1265	0
1266	0
1267	0
1268	0
1269	0
1270	0
1271	0
1272	0
1273	0
1274	0
1275	0
1276	0
1277	0
1278	0
1279	0
1280	0
1281	0
1282	0
1283	0
1284	0
1285	1
1286	1
1287	0
1288	1
1289	0
1290	0
1291	0
1292	0
1293	0
1294	0
1295	0
1296	0
1297	0
1298	0
1299	0
1300	0
1301	0
1302	0
1303	0
1304	1
1305	1
1306	0
1307	0
1308	1
1309	0
1310	0
1311	1
1312	0
1313	1
1314	0
1315	0
1316	1
1317	0
1318	0
1319	1
1320	0
1321	0
1322	0
1323	0
1324	0
1325	0
1326	0
1327	0
1328	0
1329	0
1330	0
1331	0
1332	0
1333	0
1334	0
1335	0
1336	0
1337	0
1338	0
1339	0
1340	0
1341	0
1342	0
1343	0
1344	0
1345	0
1346	0
1347	0
1348	0
1349	0
1350	0
1351	1
1352	0
1353	0
1354	0
1355	0
1356	0
1357	0
1358	0
1359	0
1360	0
1361	0
1362	0
1363	0
1364	0
1365	0
1366	0
1367	0
1368	0
1369	0
1370	0
1371	0
1372	0
1373	0
1374	0
1375	0
1376	0
1377	0
1378	0
1379	0
1380	0
1381	0
1382	0
1383	0
1384	0
1385	0
1386	0
1387	0
1388	0
1389	0
1390	0
1391	0
1392	0
1393	1
1394	1
1395	0
1396	0
1397	0
1398	0
1399	0
1400	0
1401	0
1402	0
1403	0
1404	0
1405	0
1406	0
1407	0
1408	0
1409	0
1410	0
1411	0
1412	0
1413	0
1414	0
1415	0
1416	0
1417	0
1418	0
1419	0
1420	0
1421	0
1422	0
1423	1
1424	0
1425	0
1426	0
1427	0
1428	0
1429	0
1430	0
1431	0
1432	0
1433	0
1434	0
1435	0
1436	0
1437	0
1438	0
1439	0
1440	0
1441	0
1442	0
1443	0
1444	0
1445	0
1446	0
1447	0
1448	0
1449	0
1450	0
1451	0
1452	0
1453	0
1454	0
1455	0
1456	0
1457	0
1458	0
1459	0
1460	0
1461	0
1462	1
1463	0
1464	0
1465	0
1466	1
1467	0
1468	0
1469	0
1470	0
1471	0
1472	0
1473	1
1474	0
1475	0
1476	0
1477	1
1478	0
1479	0
1480	0
1481	0
1482	0
1483	0
1484	0
1485	0
1486	0
1487	0
1488	0
1489	0
1490	0
1491	0
1492	0
1493	0
1494	0
1495	0
1496	0
1497	0
1498	0
1499	0
1500	0
1501	0
1502	0
1503	0
1504	0
1505	0
1506	0
1507	0
1508	0
1509	0
1510	0
1511	0
1512	0
1513	0
1514	0
1515	0
1516	0
1517	0
1518	0
1519	0
1520	0
1521	0
1522	0
1523	0
1524	0
1525	0
1526	0
1527	0
1528	0
1529	0
1530	0
1531	0
1532	0
1533	0
1534	0
1535	0
1536	0
1537	0
1538	0
1539	0
1540	0
1541	0
1542	0
1543	0
1544	0
1545	0
1546	0
1547	0
1548	1
1549	0
1550	0
1551	0
1552	0
1553	0
1554	0
1555	0
1556	0
1557	0
1558	0
1559	0
1560	0
1561	0
1562	0
1563	0
1564	0
1565	0
1566	0
1567	0
1568	0
1569	0
1570	0
1571	0
1572	0
1573	0
1574	0
1575	0
1576	0
1577	0
1578	0
1579	0
1580	0
1581	0
1582	0
1583	0
1584	0
1585	0
1586	0
1587	0
1588	0
1589	0
1590	0
1591	0
1592	0
1593	0
1594	0
1595	0
1596	0
1597	0
1598	0
1599	0
1600	0
1601	0
1602	0
1603	0
1604	0
1605	0
1606	0
1607	0
1608	0
1609	0
1610	0
1611	0
1612	0
1613	0
1614	0
1615	0
1616	0
1617	0
1618	0
1619	0
1620	0
1621	0
1622	0
1623	0
1624	0
1625	0
1626	0
1627	1
1628	0
1629	0
1630	0
1631	0
1632	0
1633	0
1634	0
1635	0
1636	0
1637	0
1638	0
1639	0
1640	0
1641	0
1642	0
1643	0
1644	0
1645	0
1646	0
1647	0
1648	0
1649	0
1650	0
1651	0
1652	0
1653	0
1654	0
1655	0
1656	0
1657	0
1658	0
1659	0
1660	0
1661	0
1662	0
1663	0
1664	0
1665	0
1666	0
1667	0
1668	0
1669	0
1670	0
1671	0
1672	0
1673	0
1674	0
1675	0
1676	0
1677	0
1678	0
1679	0
1680	0
1681	0
1682	0
1683	0
1684	0
1685	0
1686	0
1687	0
1688	0
1689	0
1690	0
1691	0
1692	0
1693	0
1694	0
1695	0
1696	0
1697	0
1698	0
1699	0
1700	0
1701	0
1702	0
1703	0
1704	0
1705	0
1706	0
1707	0
1708	0
1709	0
1710	0
1711	0
1712	0
1713	1
1714	0
1715	0
1716	0
1717	0
1718	0
1719	0
1720	0
1721	0
1722	0
1723	0
1724	0
1725	0
1726	0
1727	0
1728	0
1729	0
1730	0
1731	0
1732	0
1733	0
1734	0
1735	0
1736	0
1737	0
1738	0
1739	0
1740	0
1741	0
1742	0
1743	0
1744	0
1745	0
1746	0
1747	0
1748	0
1749	0
1750	0
1751	0
1752	0
1753	0
1754	0
1755	0
1756	0
1757	0
1758	0
1759	0
1760	0
1761	0
1762	0
1763	0
1764	0
1765	0
1766	0
1767	0
1768	0
1769	0
1770	0
1771	0
1772	0
1773	0
1774	0
1775	0
1776	0
1777	0
1778	0
1779	0
1780	0
1781	0
1782	0
1783	0
1784	0
1785	0
1786	0
1787	0
1788	0
1789	0
1790	0
1791	0
1792	0
1793	0
1794	0
1795	0
1796	0
1797	0
1798	0
1799	0
1800	0
1801	0
1802	0
1803	0
1804	0
1805	0
1806	0
1807	0
1808	0
1809	0
1810	0
1811	0
1812	0
1813	0
1814	0
1815	0
1816	0
1817	0
1818	0
1819	0
1820	0
1821	0
1822	0
1823	0
1824	0
1825	0
1826	0
1827	0
1828	0
1829	1
1830	0
1831	0
1832	0
1833	0
1834	0
1835	0
1836	0
1837	0
1838	0
1839	0
1840	0
1841	0
1842	0
1843	0
1844	0
1845	0
1846	0
1847	0
1848	0
1849	0
1850	0
1851	0
1852	0
1853	0
1854	0
1855	0
1856	0
1857	0
1858	0
1859	0
1860	0
1861	0
1862	0
1863	0
1864	0
1865	0
1866	0
1867	0
1868	0
1869	0
1870	0
1871	0
1872	0
1873	0
1874	0
1875	0
1876	0
1877	0
1878	0
1879	0
1880	0
1881	0
1882	0
1883	0
1884	0
1885	0
1886	0
1887	0
1888	0
1889	0
1890	0
1891	0
1892	0
1893	0
1894	0
1895	0
1896	0
1897	0
1898	0
1899	0
1900	0
1901	0
1902	0
1903	0
1904	0
1905	0
1906	0
1907	0
1908	0
1909	0
1910	0
1911	0
1912	0
1913	0
1914	0
1915	0
1916	0
1917	0
1918	0
1919	0
1920	0
1921	0
1922	0
1923	0
1924	0
1925	0
1926	0
1927	0
1928	0
1929	0
1930	0
1931	0
1932	0
1933	0
1934	0
1935	0
1936	0
1937	0
1938	0
1939	0
1940	0
1941	0
1942	0
1943	0
1944	0
1945	0
1946	0
1947	0
1948	0
1949	0
1950	0
1951	0
1952	0
1953	0
1954	0
1955	0
1956	0
1957	0
1958	0
1959	0
1960	0
1961	1
1962	0
1963	0
1964	0
1965	0
1966	0
1967	0
1968	0
1969	0
1970	0
1971	0
1972	0
1973	0
1974	0
1975	0
1976	0
1977	0
1978	0
1979	0
1980	0
1981	0
1982	0
1983	0
1984	0
1985	0
1986	0
1987	0
1988	0
1989	0
1990	0
1991	0
1992	0
1993	0
1994	0
1995	0
1996	0
1997	0
1998	0
1999	0
2000	0
2001	0
2002	0
2003	0
2004	0
2005	0
2006	0
2007	0
2008	0
2009	0
2010	0
2011	0
2012	0
2013	0
2014	0
2015	0
2016	0
2017	0
2018	0
2019	0
2020	0
2021	0
2022	0
2023	0
2024	0
2025	0
2026	0
2027	0
2028	0
2029	0
2030	0
2031	0
2032	0
2033	0
2034	0
2035	0
2036	0
2037	0
2038	0
2039	0
2040	0
2041	0
2042	0
2043	0
2044	0
2045	0
2046	0
2047	0
