0	0
1	0
2	0
3	0
4	0
5	0
6	0
7	0
8	0
9	0
10	1
11	44
12	423
13	1559
14	907
15	313
16	226
17	224
18	200
19	224
20	208
21	188
22	187
23	236
24	222
25	190
26	213
27	201
28	217
29	225
30	229
31	241
32	229
33	221
34	214
35	242
36	236
37	228
38	235
39	246
40	213
41	211
42	231
43	230
44	221
45	243
46	230
47	246
48	195
49	210
50	201
51	234
52	222
53	222
54	217
55	196
56	203
57	218
58	198
59	239
60	188
61	213
62	232
63	211
64	219
65	251
66	211
67	228
68	199
69	215
70	218
71	227
72	202
73	187
74	205
75	207
76	215
77	210
78	224
79	177
80	205
81	190
82	186
83	209
84	212
85	221
86	211
87	210
88	206
89	188
90	210
91	207
92	235
93	196
94	220
95	191
96	179
97	207
98	228
99	207
100	218
101	198
102	193
103	183
104	186
105	185
106	222
107	203
108	232
109	237
110	187
111	222
112	197
113	182
114	199
115	174
116	195
117	202
118	218
119	227
120	207
121	210
122	233
123	221
124	255
125	220
126	232
127	237
128	235
129	257
130	257
131	244
132	262
133	261
134	245
135	258
136	253
137	244
138	260
139	254
140	235
141	247
142	241
143	236
144	245
145	250
146	223
147	232
148	252
149	231
150	227
151	221
152	221
153	236
154	231
155	238
156	214
157	202
158	234
159	240
160	222
161	204
162	223
163	202
164	228
165	222
166	218
167	197
168	210
169	202
170	215
171	191
172	217
173	215
174	223
175	202
176	219
177	201
178	241
179	208
180	217
181	224
182	218
183	195
184	213
185	184
186	236
187	206
188	212
189	223
190	208
191	228
192	222
193	211
194	218
195	203
196	186
197	208
198	202
199	197
200	211
201	187
202	199
203	218
204	184
205	187
206	211
207	221
208	194
209	212
210	198
211	205
212	189
213	200
214	216
215	188
216	193
217	177
218	227
219	198
220	203
221	188
222	191
223	199
224	180
225	192
226	181
227	168
228	152
229	188
230	180
231	166
232	166
233	131
234	150
235	124
236	153
237	112
238	121
239	109
240	123
241	122
242	90
243	77
244	116
245	101
246	93
247	76
248	99
249	103
250	95
251	86
252	68
253	81
254	89
255	89
256	81
257	93
258	83
259	90
260	77
261	74
262	80
263	79
264	83
265	69
266	66
267	74
268	68
269	70
270	72
271	79
272	83
273	74
274	65
275	64
276	59
277	73
278	55
279	71
280	57
281	74
282	63
283	67
284	51
285	52
286	68
287	55
288	75
289	73
290	57
291	68
292	56
293	55
294	66
295	83
296	72
297	60
298	61
299	71
300	75
301	71
302	72
303	73
304	65
305	63
306	60
307	59
308	54
309	68
310	65
311	64
312	66
313	63
314	69
315	94
316	75
317	90
318	102
319	113
320	141
321	160
322	186
323	205
324	246
325	306
326	356
327	418
328	445
329	548
330	674
331	751
332	870
333	1049
334	1074
335	1300
336	1470
337	1576
338	1745
339	1919
340	1994
341	2057
342	2228
343	2355
344	2447
345	2509
346	2549
347	2563
348	2545
349	2412
350	2293
351	2349
352	2189
353	2104
354	1990
355	1844
356	1708
357	1547
358	1378
359	1237
360	1091
361	959
362	793
363	736
364	634
365	510
366	474
367	366
368	337
369	271
370	229
371	187
372	147
373	139
374	129
375	100
376	96
377	84
378	90
379	75
380	67
381	48
382	67
383	61
384	59
385	58
386	53
387	50
388	61
389	50
390	53
391	58
392	43
393	62
394	44
395	59
396	55
397	54
398	67
399	64
400	70
401	56
402	52
403	46
404	55
405	70
406	66
407	59
408	52
409	56
410	55
411	47
412	65
413	46
414	55
415	53
416	55
417	62
418	51
419	33
420	46
421	60
422	66
423	61
424	38
425	44
426	39
427	44
428	48
429	61
430	57
431	61
432	53
433	52
434	61
435	56
436	50
437	65
438	47
439	61
440	53
441	53
442	46
443	48
444	46
445	58
446	58
447	57
448	46
449	70
450	46
451	68
452	63
453	55
454	64
455	51
456	75
457	74
458	54
459	64
460	68
461	68
462	58
463	69
464	58
465	73
466	53
467	59
468	61
469	66
470	67
471	50
472	63
473	58
474	58
475	54
476	62
477	60
478	50
479	52
480	63
481	59
482	76
483	65
484	73
485	78
486	72
487	70
488	62
489	57
490	54
491	55
492	76
493	65
494	57
495	60
496	55
497	59
498	58
499	73
500	52
501	61
502	74
503	62
504	68
505	60
506	62
507	60
508	57
509	51
510	58
511	50
512	63
513	76
514	65
515	48
516	63
517	49
518	58
519	63
520	60
521	56
522	72
523	52
524	71
525	48
526	74
527	58
528	55
529	65
530	62
531	65
532	57
533	55
534	50
535	53
536	70
537	53
538	58
539	55
540	66
541	64
542	50
543	54
544	47
545	47
546	54
547	54
548	61
549	48
550	58
551	55
552	55
553	42
554	60
555	51
556	54
557	46
558	66
559	56
560	58
561	63
562	52
563	58
564	56
565	46
566	52
567	41
568	60
569	60
570	72
571	50
572	57
573	68
574	65
575	52
576	61
577	54
578	67
579	52
580	41
581	53
582	52
583	53
584	45
585	40
586	45
587	52
588	52
589	61
590	45
591	46
592	63
593	58
594	57
595	47
596	56
597	71
598	57
599	46
600	60
601	50
602	52
603	56
604	60
605	51
606	43
607	64
608	48
609	51
610	54
611	59
612	49
613	54
614	60
615	59
616	48
617	58
618	63
619	49
620	62
621	54
622	49
623	58
624	49
625	66
626	48
627	48
628	47
629	50
630	50
631	45
632	69
633	58
634	55
635	56
636	56
637	51
638	55
639	64
640	49
641	57
642	54
643	61
644	57
645	46
646	69
647	59
648	44
649	51
650	56
651	60
652	52
653	55
654	44
655	46
656	47
657	62
658	69
659	46
660	53
661	65
662	57
663	55
664	48
665	41
666	52
667	62
668	40
669	58
670	56
671	64
672	62
673	58
674	50
675	62
676	56
677	54
678	56
679	50
680	43
681	48
682	56
683	48
684	47
685	58
686	64
687	49
688	45
689	48
690	45
691	47
692	56
693	50
694	42
695	44
696	46
697	52
698	50
699	52
700	42
701	43
702	42
703	42
704	44
705	29
706	39
707	36
708	38
709	41
710	25
711	35
712	41
713	36
714	31
715	26
716	32
717	39
718	29
719	33
720	29
721	25
722	15
723	28
724	37
725	36
726	20
727	25
728	36
729	19
730	31
731	30
732	30
733	14
734	33
735	23
736	25
737	20
738	33
739	21
740	28
741	24
742	24
743	29
744	27
745	20
746	17
747	20
748	21
749	26
750	22
751	25
752	19
753	16
754	20
755	20
756	24
757	22
758	23
759	20
760	17
761	21
762	15
763	24
764	23
765	36
766	19
767	13
768	17
769	22
770	24
771	22
772	14
773	18
774	19
775	16
776	20
777	14
778	21
779	23
780	23
781	18
782	27
783	27
784	19
785	20
786	24
787	16
788	27
789	16
790	23
791	22
792	27
793	25
794	23
795	22
796	22
797	29
798	31
799	31
800	27
801	31
802	30
803	28
804	30
805	33
806	24
807	34
808	48
809	52
810	53
811	67
812	75
813	59
814	68
815	65
816	71
817	91
818	92
819	83
820	110
821	102
822	113
823	120
824	119
825	135
826	146
827	139
828	165
829	155
830	179
831	181
832	172
833	195
834	232
835	200
836	214
837	211
838	192
839	210
840	194
841	205
842	189
843	194
844	225
845	183
846	194
847	198
848	187
849	189
850	154
851	183
852	159
853	166
854	145
855	142
856	147
857	116
858	139
859	120
860	105
861	103
862	93
863	114
864	96
865	86
866	70
867	76
868	70
869	76
870	79
871	49
872	56
873	50
874	56
875	43
876	50
877	52
878	48
879	39
880	29
881	38
882	37
883	40
884	41
885	23
886	46
887	31
888	24
889	28
890	25
891	36
892	32
893	40
894	22
895	27
896	34
897	33
898	35
899	27
900	31
901	29
902	26
903	31
904	33
905	27
906	23
907	37
908	26
909	33
910	27
911	27
912	33
913	33
914	23
915	16
916	15
917	17
918	24
919	32
920	26
921	27
922	27
923	21
924	27
925	27
926	28
927	32
928	22
929	28
930	25
931	27
932	18
933	29
934	28
935	18
936	34
937	29
938	32
939	33
940	22
941	33
942	17
943	22
944	40
945	24
946	31
947	34
948	27
949	19
950	17
951	29
952	29
953	24
954	24
955	24
956	34
957	26
958	25
959	33
960	26
961	25
962	28
963	31
964	27
965	28
966	26
967	22
968	18
969	27
970	30
971	28
972	21
973	30
974	32
975	28
976	29
977	32
978	27
979	23
980	26
981	22
982	39
983	26
984	28
985	21
986	20
987	30
988	34
989	26
990	22
991	21
992	26
993	33
994	34
995	18
996	32
997	26
998	14
999	26
1000	36
1001	34
1002	26
1003	26
1004	28
1005	26
1006	26
1007	30
1008	24
1009	29
1010	25
1011	34
1012	28
1013	22
1014	23
1015	20
1016	21
1017	22
1018	36
1019	31
1020	27
1021	25
1022	30
1023	25
1024	20
1025	32
1026	28
1027	26
1028	23
1029	16
1030	17
1031	23
1032	19
1033	21
1034	23
1035	36
1036	24
1037	26
1038	12
1039	21
1040	15
1041	17
1042	19
1043	21
1044	24
1045	12
1046	16
1047	17
1048	21
1049	19
1050	18
1051	26
1052	13
1053	25
1054	20
1055	14
1056	13
1057	13
1058	17
1059	15
1060	20
1061	16
1062	11
1063	16
1064	11
1065	18
1066	6
1067	12
1068	9
1069	12
1070	10
1071	12
1072	14
1073	13
1074	11
1075	9
1076	8
1077	11
1078	8
1079	9
1080	5
1081	8
1082	5
1083	6
1084	11
1085	10
1086	14
1087	4
1088	7
1089	9
1090	7
1091	9
1092	4
1093	12
1094	6
1095	4
1096	6
1097	6
1098	4
1099	12
1100	8
1101	5
1102	4
1103	4
1104	9
1105	9
1106	4
1107	3
1108	3
1109	6
1110	2
1111	7
1112	9
1113	7
1114	1
1115	5
1116	4
1117	2
1118	2
1119	9
1120	0
1121	9
1122	3
1123	2
1124	3
1125	6
1126	5
1127	4
1128	7
1129	9
1130	7
1131	5
1132	3
1133	8
1134	8
1135	7
1136	7
1137	10
1138	7
1139	4
1140	6
1141	10
1142	8
1143	11
1144	8
1145	17
1146	17
1147	19
1148	16
1149	21
1150	25
1151	23
1152	13
1153	19
1154	26
1155	28
1156	34
1157	31
1158	38
1159	34
1160	27
1161	46
1162	33
1163	46
1164	45
1165	49
1166	54
1167	49
1168	60
1169	60
1170	53
1171	65
1172	67
1173	69
1174	74
1175	67
1176	75
1177	87
1178	77
1179	76
1180	88
1181	72
1182	81
1183	92
1184	81
1185	66
1186	103
1187	72
1188	89
1189	95
1190	93
1191	87
1192	59
1193	79
1194	74
1195	56
1196	61
1197	75
1198	65
1199	62
1200	49
1201	50
1202	66
1203	56
1204	39
1205	61
1206	49
1207	32
1208	48
1209	57
1210	35
1211	36
1212	33
1213	31
1214	33
1215	27
1216	17
1217	30
1218	21
1219	18
1220	18
1221	17
1222	12
1223	14
1224	12
1225	12
1226	14
1227	7
1228	7
1229	6
1230	9
1231	9
1232	6
1233	8
1234	6
1235	4
1236	3
1237	6
1238	3
1239	3
1240	2
1241	3
1242	2
1243	4
1244	2
1245	2
1246	2
1247	2
1248	3
1249	2
1250	3
1251	3
1252	1
1253	2
1254	1
1255	1
1256	2
1257	1
1258	2
1259	1
1260	2
1261	0
1262	4
1263	2
1264	0
1265	1
1266	0
1267	1
1268	1
1269	2
1270	0
1271	0
1272	2
1273	2
1274	2
1275	1
1276	1
1277	2
1278	1
1279	1
1280	2
1281	2
1282	1
1283	1
1284	1
1285	2
1286	1
1287	1
1288	1
1289	2
1290	1
1291	2
1292	0
1293	3
1294	0
1295	0
1296	1
1297	2
1298	1
1299	2
1300	0
1301	1
1302	2
1303	2
1304	2
1305	1
1306	3
1307	1
1308	2
1309	0
1310	2
1311	2
1312	1
1313	2
1314	2
1315	2
1316	0
1317	1
1318	0
1319	0
1320	2
1321	0
1322	2
1323	2
1324	1
1325	1
1326	1
1327	2
1328	3
1329	4
1330	2
1331	1
1332	1
1333	2
1334	2
1335	1
1336	0
1337	0
1338	2
1339	1
1340	1
1341	0
1342	1
1343	0
1344	2
1345	0
1346	1
1347	1
1348	2
1349	2
1350	0
1351	3
1352	0
1353	0
1354	0
1355	0
1356	2
1357	0
1358	2
1359	2
1360	2
1361	1
1362	0
1363	1
1364	1
1365	0
1366	3
1367	0
1368	2
1369	0
1370	4
1371	1
1372	0
1373	1
1374	1
1375	1
1376	0
1377	1
1378	0
1379	1
1380	3
1381	1
1382	0
1383	1
1384	1
1385	1
1386	0
1387	1
1388	0
1389	1
1390	0
1391	1
1392	2
1393	1
1394	1
1395	0
1396	1
1397	0
1398	0
1399	1
1400	0
1401	0
1402	1
1403	0
1404	1
1405	2
1406	1
1407	1
1408	0
1409	0
1410	0
1411	1
1412	0
1413	2
1414	1
1415	1
1416	1
1417	0
1418	3
1419	1
1420	0
1421	0
1422	1
1423	0
1424	1
1425	0
1426	0
1427	0
1428	1
1429	0
1430	0
1431	1
1432	0
1433	0
1434	0
1435	2
1436	0
1437	0
1438	0
1439	2
1440	0
1441	0
1442	1
1443	0
1444	0
1445	0
1446	4
1447	1
1448	0
1449	1
1450	0
1451	0
1452	0
1453	0
1454	0
1455	2
1456	0
1457	0
1458	0
1459	0
1460	0
1461	0
1462	0
1463	1
1464	0
1465	0
1466	1
1467	1
1468	0
1469	2
1470	0
1471	0
1472	0
1473	0
1474	2
1475	0
1476	0
1477	0
1478	1
1479	0
1480	0
1481	0
1482	2
1483	0
1484	0
1485	0
1486	1
1487	1
1488	0
1489	0
1490	0
1491	0
1492	0
1493	0
1494	0
1495	0
1496	0
1497	0
1498	0
1499	0
1500	0
1501	0
1502	0
1503	0
1504	1
1505	0
1506	1
1507	0
1508	0
1509	0
1510	0
1511	0
1512	1
1513	0
1514	1
1515	0
1516	0
1517	1
1518	0
1519	0
1520	0
1521	1
1522	1
1523	1
1524	0
1525	0
1526	0
1527	0
1528	0
1529	1
1530	0
1531	0
1532	0
1533	1
1534	1
1535	1
1536	0
1537	0
1538	0
1539	0
1540	0
1541	1
1542	1
1543	0
1544	0
1545	1
1546	0
1547	0
1548	0
1549	0
1550	1
1551	1
1552	0
1553	1
1554	0
1555	1
1556	0
1557	0
1558	0
1559	0
1560	0
1561	0
1562	0
1563	0
1564	0
1565	0
1566	0
1567	0
1568	0
1569	0
1570	0
1571	0
1572	0
1573	1
1574	0
1575	2
1576	0
1577	1
1578	0
1579	0
1580	1
1581	0
1582	0
1583	0
1584	0
1585	0
1586	0
1587	0
1588	0
1589	0
1590	1
1591	1
1592	0
1593	0
1594	0
1595	0
1596	0
1597	0
1598	0
1599	0
1600	0
1601	0
1602	0
1603	0
1604	0
1605	0
1606	0
1607	0
1608	0
1609	1
1610	0
1611	0
1612	1
1613	0
1614	0
1615	0
1616	0
1617	0
1618	0
1619	0
1620	0
1621	1
1622	0
1623	0
1624	0
1625	0
1626	0
1627	0
1628	0
1629	1
1630	0
1631	0
1632	0
1633	0
1634	0
1635	0
1636	0
1637	1
1638	0
1639	0
1640	0
1641	0
1642	0
1643	0
1644	0
1645	0
1646	0
1647	0
1648	0
1649	0
1650	0
1651	0
1652	0
1653	0
1654	0
1655	0
1656	0
1657	0
1658	0
1659	1
1660	0
1661	1
1662	2
1663	0
1664	0
1665	0
1666	0
1667	0
1668	0
1669	0
1670	0
1671	0
1672	0
1673	0
1674	0
1675	1
1676	0
1677	0
1678	0
1679	0
1680	0
1681	0
1682	0
1683	0
1684	0
1685	0
1686	0
1687	0
1688	0
1689	0
1690	1
1691	0
1692	0
1693	0
1694	0
1695	0
1696	0
1697	0
1698	0
1699	0
1700	0
1701	0
1702	0
1703	0
1704	0
1705	0
1706	0
1707	0
1708	0
1709	0
1710	0
1711	0
1712	0
1713	0
1714	0
1715	0
1716	0
1717	0
1718	0
1719	0
1720	0
1721	0
1722	0
1723	0
1724	1
1725	0
1726	0
1727	0
1728	0
1729	0
1730	0
1731	0
1732	0
1733	0
1734	0
1735	0
1736	0
1737	0
1738	0
1739	0
1740	0
1741	0
1742	0
1743	0
1744	0
1745	0
1746	0
1747	0
1748	0
1749	0
1750	0
1751	0
1752	0
1753	0
1754	0
1755	0
1756	0
1757	0
1758	1
1759	0
1760	0
1761	0
1762	0
1763	0
1764	0
1765	0
1766	0
1767	0
1768	0
1769	0
1770	0
1771	0
1772	0
1773	0
1774	0
1775	0
1776	0
1777	0
1778	0
1779	0
1780	0
1781	0
1782	0
1783	0
1784	0
1785	0
1786	0
1787	0
1788	0
1789	0
1790	0
1791	0
1792	0
1793	0
1794	0
1795	0
1796	0
1797	0
1798	0
1799	0
1800	0
1801	0
1802	0
1803	0
1804	0
1805	0
1806	0
1807	0
1808	0
1809	0
1810	0
1811	0
1812	0
1813	0
1814	0
1815	0
1816	0
1817	0
1818	0
1819	0
1820	0
1821	0
1822	0
1823	0
1824	0
1825	0
1826	0
1827	0
1828	0
1829	0
1830	0
1831	0
1832	0
1833	0
1834	0
1835	0
1836	0
1837	0
1838	0
1839	0
1840	0
1841	0
1842	0
1843	0
1844	0
1845	0
1846	0
1847	0
1848	0
1849	0
1850	0
1851	0
1852	0
1853	1
1854	0
1855	0
1856	0
1857	0
1858	0
1859	0
1860	0
1861	0
1862	0
1863	0
1864	0
1865	0
1866	0
1867	0
1868	0
1869	0
1870	0
1871	0
1872	2
1873	0
1874	0
1875	1
1876	0
1877	1
1878	0
1879	0
1880	0
1881	0
1882	0
1883	0
1884	0
1885	0
1886	0
1887	0
1888	0
1889	0
1890	0
1891	0
1892	0
1893	0
1894	0
1895	0
1896	0
1897	0
1898	0
1899	0
1900	0
1901	0
1902	0
1903	0
1904	0
1905	0
1906	0
1907	0
1908	0
1909	0
1910	0
1911	0
1912	0
1913	1
1914	0
1915	0
1916	0
1917	0
1918	1
1919	0
1920	1
1921	0
1922	0
1923	0
1924	0
1925	0
1926	0
1927	0
1928	0
1929	0
1930	0
1931	0
1932	0
1933	1
1934	0
1935	0
1936	0
1937	0
1938	0
1939	0
1940	0
1941	0
1942	0
1943	0
1944	0
1945	0
1946	0
1947	0
1948	0
1949	0
1950	0
1951	0
1952	0
1953	0
1954	0
1955	0
1956	0
1957	0
1958	0
1959	0
1960	0
1961	0
1962	0
1963	0
1964	0
1965	0
1966	0
1967	0
1968	0
1969	0
1970	0
1971	0
1972	0
1973	0
1974	1
1975	0
1976	0
1977	0
1978	0
1979	0
1980	0
1981	0
1982	0
1983	0
1984	0
1985	0
1986	0
1987	1
1988	0
1989	1
1990	0
1991	0
1992	0
1993	0
1994	0
1995	0
1996	0
1997	0
1998	0
1999	0
2000	0
2001	0
2002	0
2003	0
2004	0
2005	0
2006	0
2007	0
2008	0
2009	0
2010	0
2011	0
2012	0
2013	0
2014	0
2015	0
2016	0
2017	0
2018	0
2019	0
2020	0
2021	0
2022	0
2023	0
2024	0
2025	0
2026	0
2027	0
2028	0
2029	0
2030	0
2031	0
2032	0
2033	0
2034	0
2035	0
2036	0
2037	0
2038	0
2039	0
2040	0
2041	0
2042	0
2043	0
2044	0
2045	0
2046	0
2047	0
