0	0
1	0
2	0
3	0
4	0
5	0
6	0
7	0
8	0
9	0
10	0
11	5
12	50
13	768
14	912
15	496
16	420
17	393
18	372
19	373
20	416
21	427
22	409
23	447
24	522
25	617
26	767
27	1147
28	1760
29	2531
30	3482
31	4091
32	4142
33	3842
34	3207
35	2357
36	1664
37	1180
38	897
39	649
40	477
41	476
42	439
43	494
44	422
45	449
46	421
47	427
48	411
49	442
50	413
51	415
52	440
53	446
54	458
55	412
56	419
57	420
58	394
59	383
60	407
61	399
62	361
63	378
64	408
65	410
66	369
67	382
68	399
69	403
70	393
71	404
72	428
73	374
74	395
75	416
76	397
77	393
78	374
79	406
80	398
81	398
82	395
83	420
84	413
85	409
86	409
87	394
88	365
89	396
90	388
91	412
92	374
93	370
94	370
95	392
96	411
97	366
98	366
99	401
100	416
101	368
102	396
103	380
104	346
105	331
106	401
107	364
108	396
109	368
110	364
111	344
112	380
113	362
114	373
115	422
116	358
117	407
118	375
119	379
120	366
121	379
122	389
123	407
124	383
125	393
126	423
127	361
128	462
129	436
130	436
131	424
132	433
133	474
134	458
135	520
136	484
137	520
138	524
139	485
140	514
141	482
142	460
143	492
144	497
145	531
146	503
147	489
148	483
149	479
150	492
151	515
152	450
153	482
154	458
155	461
156	459
157	477
158	444
159	455
160	441
161	456
162	476
163	443
164	433
165	446
166	409
167	407
168	403
169	417
170	435
171	399
172	463
173	388
174	455
175	402
176	439
177	398
178	430
179	407
180	386
181	378
182	381
183	417
184	368
185	404
186	441
187	394
188	394
189	418
190	419
191	401
192	366
193	434
194	412
195	408
196	407
197	358
198	399
199	387
200	377
201	368
202	348
203	341
204	317
205	385
206	375
207	370
208	344
209	371
210	357
211	358
212	393
213	400
214	388
215	352
216	367
217	377
218	345
219	352
220	371
221	345
222	346
223	377
224	353
225	355
226	353
227	357
228	359
229	367
230	329
231	354
232	344
233	321
234	339
235	364
236	352
237	357
238	309
239	376
240	347
241	353
242	342
243	350
244	330
245	382
246	310
247	330
248	367
249	365
250	322
251	316
252	329
253	359
254	334
255	341
256	362
257	341
258	346
259	330
260	351
261	322
262	330
263	325
264	324
265	322
266	308
267	329
268	343
269	318
270	333
271	292
272	391
273	294
274	350
275	340
276	346
277	344
278	343
279	332
280	344
281	334
282	339
283	321
284	339
285	331
286	322
287	355
288	333
289	361
290	331
291	320
292	322
293	361
294	307
295	304
296	347
297	344
298	329
299	319
300	350
301	321
302	314
303	335
304	327
305	350
306	293
307	339
308	304
309	335
310	298
311	272
312	301
313	254
314	271
315	258
316	276
317	250
318	232
319	237
320	264
321	210
322	208
323	211
324	209
325	167
326	172
327	173
328	165
329	145
330	147
331	135
332	130
333	139
334	128
335	118
336	84
337	145
338	95
339	102
340	68
341	101
342	84
343	67
344	84
345	83
346	86
347	80
348	77
349	69
350	78
351	71
352	79
353	63
354	80
355	52
356	59
357	71
358	72
359	57
360	57
361	52
362	45
363	58
364	48
365	43
366	49
367	57
368	41
369	51
370	58
371	64
372	42
373	55
374	44
375	50
376	47
377	44
378	41
379	41
380	55
381	38
382	44
383	49
384	40
385	32
386	53
387	45
388	28
389	41
390	44
391	42
392	37
393	31
394	44
395	41
396	45
397	39
398	39
399	44
400	44
401	52
402	47
403	59
404	46
405	51
406	54
407	61
408	75
409	80
410	116
411	105
412	147
413	181
414	229
415	265
416	304
417	381
418	419
419	487
420	573
421	693
422	798
423	974
424	1090
425	1234
426	1420
427	1509
428	1738
429	1998
430	2218
431	2416
432	2599
433	2821
434	2990
435	3226
436	3386
437	3559
438	3755
439	3835
440	3904
441	4108
442	4121
443	4034
444	4035
445	4106
446	3927
447	3942
448	3776
449	3691
450	3544
451	3290
452	3036
453	2840
454	2713
455	2476
456	2201
457	2035
458	1858
459	1676
460	1424
461	1265
462	1180
463	973
464	856
465	777
466	629
467	594
468	559
469	454
470	396
471	302
472	283
473	247
474	227
475	157
476	179
477	141
478	125
479	112
480	96
481	97
482	85
483	73
484	78
485	70
486	67
487	62
488	71
489	70
490	60
491	64
492	61
493	57
494	61
495	57
496	54
497	51
498	52
499	53
500	51
501	52
502	55
503	60
504	48
505	42
506	47
507	49
508	50
509	44
510	63
511	64
512	46
513	44
514	38
515	48
516	33
517	48
518	28
519	55
520	50
521	55
522	42
523	35
524	41
525	39
526	52
527	49
528	39
529	44
530	48
531	34
532	47
533	35
534	40
535	33
536	38
537	37
538	45
539	44
540	40
541	40
542	37
543	44
544	34
545	42
546	30
547	41
548	35
549	41
550	45
551	42
552	50
553	52
554	51
555	35
556	55
557	48
558	39
559	45
560	46
561	45
562	36
563	33
564	39
565	48
566	37
567	33
568	37
569	38
570	44
571	37
572	45
573	53
574	33
575	41
576	46
577	46
578	37
579	35
580	35
581	45
582	38
583	41
584	25
585	43
586	46
587	53
588	45
589	32
590	42
591	29
592	39
593	32
594	35
595	42
596	39
597	35
598	32
599	34
600	38
601	38
602	27
603	33
604	28
605	36
606	31
607	37
608	29
609	40
610	28
611	37
612	29
613	38
614	26
615	29
616	30
617	22
618	36
619	32
620	30
621	29
622	32
623	25
624	34
625	19
626	23
627	32
628	28
629	23
630	33
631	28
632	28
633	33
634	27
635	34
636	28
637	26
638	28
639	34
640	24
641	29
642	36
643	21
644	28
645	21
646	26
647	32
648	27
649	28
650	20
651	33
652	30
653	20
654	19
655	37
656	24
657	23
658	22
659	26
660	22
661	26
662	31
663	31
664	18
665	23
666	32
667	21
668	21
669	23
670	22
671	20
672	24
673	29
674	18
675	8
676	26
677	22
678	23
679	28
680	21
681	28
682	24
683	27
684	18
685	16
686	29
687	22
688	22
689	25
690	19
691	25
692	22
693	14
694	24
695	17
696	24
697	26
698	12
699	11
700	23
701	21
702	18
703	16
704	22
705	18
706	22
707	18
708	22
709	22
710	23
711	23
712	25
713	19
714	23
715	21
716	14
717	23
718	16
719	27
720	19
721	19
722	18
723	18
724	16
725	18
726	21
727	17
728	18
729	11
730	19
731	24
732	25
733	23
734	17
735	22
736	16
737	19
738	20
739	17
740	17
741	17
742	10
743	21
744	12
745	10
746	10
747	15
748	12
749	11
750	21
751	13
752	17
753	20
754	12
755	12
756	15
757	20
758	18
759	15
760	17
761	13
762	16
763	6
764	18
765	8
766	17
767	13
768	9
769	8
770	15
771	11
772	12
773	14
774	14
775	14
776	16
777	15
778	11
779	13
780	15
781	13
782	11
783	9
784	11
785	10
786	12
787	6
788	14
789	11
790	15
791	14
792	15
793	13
794	19
795	13
796	14
797	17
798	21
799	10
800	9
801	9
802	12
803	17
804	15
805	11
806	14
807	13
808	17
809	15
810	14
811	20
812	19
813	16
814	17
815	14
816	16
817	7
818	21
819	14
820	11
821	15
822	17
823	20
824	15
825	13
826	24
827	17
828	16
829	15
830	21
831	17
832	9
833	18
834	15
835	19
836	23
837	21
838	17
839	17
840	9
841	17
842	17
843	12
844	27
845	20
846	18
847	13
848	17
849	20
850	20
851	18
852	16
853	17
854	27
855	20
856	23
857	21
858	23
859	29
860	29
861	25
862	22
863	20
864	28
865	35
866	25
867	32
868	27
869	25
870	37
871	18
872	14
873	24
874	19
875	18
876	28
877	22
878	15
879	26
880	21
881	15
882	22
883	15
884	16
885	22
886	17
887	20
888	17
889	22
890	23
891	13
892	17
893	9
894	8
895	15
896	16
897	9
898	10
899	14
900	10
901	7
902	7
903	11
904	9
905	5
906	5
907	5
908	7
909	5
910	7
911	3
912	3
913	5
914	2
915	1
916	2
917	4
918	1
919	3
920	1
921	3
922	4
923	4
924	2
925	3
926	0
927	2
928	1
929	2
930	2
931	1
932	2
933	1
934	1
935	1
936	1
937	2
938	1
939	2
940	3
941	1
942	1
943	2
944	1
945	1
946	0
947	1
948	3
949	0
950	2
951	0
952	3
953	0
954	0
955	3
956	0
957	4
958	3
959	1
960	2
961	2
962	0
963	1
964	0
965	1
966	1
967	2
968	0
969	2
970	1
971	5
972	4
973	1
974	3
975	0
976	1
977	0
978	1
979	1
980	0
981	0
982	1
983	2
984	0
985	0
986	0
987	0
988	2
989	2
990	1
991	1
992	2
993	0
994	0
995	1
996	2
997	1
998	0
999	0
1000	3
1001	0
1002	0
1003	1
1004	0
1005	2
1006	1
1007	0
1008	1
1009	0
1010	0
1011	1
1012	1
1013	0
1014	0
1015	1
1016	3
1017	0
1018	1
1019	1
1020	1
1021	2
1022	0
1023	0
1024	0
1025	0
1026	0
1027	0
1028	2
1029	1
1030	0
1031	0
1032	0
1033	0
1034	1
1035	2
1036	1
1037	2
1038	0
1039	2
1040	0
1041	0
1042	1
1043	1
1044	1
1045	0
1046	1
1047	1
1048	1
1049	0
1050	0
1051	0
1052	3
1053	0
1054	1
1055	2
1056	0
1057	1
1058	0
1059	0
1060	1
1061	1
1062	1
1063	0
1064	2
1065	1
1066	1
1067	1
1068	0
1069	1
1070	1
1071	0
1072	0
1073	1
1074	0
1075	0
1076	1
1077	0
1078	0
1079	0
1080	2
1081	0
1082	0
1083	1
1084	2
1085	0
1086	1
1087	0
1088	0
1089	1
1090	0
1091	1
1092	1
1093	0
1094	0
1095	1
1096	0
1097	0
1098	0
1099	0
1100	0
1101	0
1102	0
1103	1
1104	0
1105	0
1106	2
1107	1
1108	0
1109	1
1110	0
1111	0
1112	0
1113	0
1114	0
1115	0
1116	0
1117	0
1118	0
1119	1
1120	0
1121	0
1122	1
1123	1
1124	1
1125	1
1126	0
1127	1
1128	1
1129	0
1130	1
1131	1
1132	0
1133	1
1134	1
1135	2
1136	1
1137	0
1138	0
1139	0
1140	0
1141	0
1142	1
1143	0
1144	0
1145	0
1146	0
1147	1
1148	1
1149	0
1150	0
1151	1
1152	1
1153	0
1154	0
1155	0
1156	0
1157	0
1158	0
1159	0
1160	0
1161	0
1162	0
1163	0
1164	0
1165	0
1166	1
1167	0
1168	0
1169	0
1170	0
1171	0
1172	0
1173	0
1174	0
1175	1
1176	2
1177	0
1178	0
1179	0
1180	0
1181	0
1182	1
1183	1
1184	0
1185	0
1186	1
1187	0
1188	0
1189	0
1190	1
1191	0
1192	0
1193	0
1194	0
1195	0
1196	0
1197	1
1198	0
1199	0
1200	0
1201	0
1202	0
1203	0
1204	0
1205	1
1206	0
1207	1
1208	1
1209	0
1210	0
1211	0
1212	0
1213	0
1214	0
1215	0
1216	0
1217	0
1218	0
1219	0
1220	0
1221	1
1222	0
1223	0
1224	0
1225	0
1226	0
1227	0
1228	0
1229	0
1230	1
1231	0
1232	0
1233	0
1234	0
1235	0
1236	0
1237	0
1238	0
1239	0
1240	0
1241	0
1242	1
1243	0
1244	0
1245	0
1246	0
1247	1
1248	0
1249	0
1250	0
1251	0
1252	1
1253	0
1254	0
1255	0
1256	0
1257	0
1258	1
1259	1
1260	0
1261	0
1262	0
1263	0
1264	0
1265	1
1266	0
1267	1
1268	0
1269	0
1270	0
1271	0
1272	0
1273	1
1274	0
1275	0
1276	0
1277	0
1278	0
1279	0
1280	0
1281	1
1282	0
1283	0
1284	2
1285	1
1286	0
1287	0
1288	0
1289	0
1290	0
1291	0
1292	0
1293	1
1294	0
1295	0
1296	0
1297	0
1298	1
1299	0
1300	0
1301	0
1302	0
1303	0
1304	0
1305	0
1306	0
1307	0
1308	0
1309	0
1310	1
1311	0
1312	2
1313	0
1314	0
1315	0
1316	0
1317	0
1318	0
1319	0
1320	0
1321	0
1322	0
1323	0
1324	0
1325	0
1326	1
1327	0
1328	0
1329	0
1330	0
1331	0
1332	0
1333	0
1334	0
1335	0
1336	0
1337	0
1338	0
1339	0
1340	0
1341	0
1342	0
1343	0
1344	0
1345	0
1346	0
1347	0
1348	0
1349	0
1350	0
1351	0
1352	0
1353	0
1354	0
1355	0
1356	0
1357	0
1358	0
1359	0
1360	0
1361	0
1362	0
1363	0
1364	0
1365	0
1366	0
1367	0
1368	0
1369	0
1370	0
1371	0
1372	0
1373	0
1374	0
1375	0
1376	0
1377	0
1378	0
1379	0
1380	0
1381	0
1382	0
1383	0
1384	0
1385	0
1386	0
1387	0
1388	0
1389	0
1390	0
1391	0
1392	0
1393	0
1394	0
1395	0
1396	0
1397	0
1398	0
1399	0
1400	0
1401	0
1402	0
1403	0
1404	0
1405	0
1406	0
1407	0
1408	0
1409	0
1410	0
1411	1
1412	0
1413	0
1414	0
1415	0
1416	0
1417	0
1418	0
1419	0
1420	0
1421	0
1422	0
1423	0
1424	0
1425	1
1426	0
1427	0
1428	0
1429	0
1430	0
1431	0
1432	0
1433	0
1434	0
1435	0
1436	0
1437	0
1438	0
1439	0
1440	0
1441	0
1442	0
1443	0
1444	0
1445	0
1446	0
1447	0
1448	0
1449	0
1450	0
1451	0
1452	0
1453	0
1454	1
1455	0
1456	0
1457	0
1458	0
1459	0
1460	0
1461	0
1462	0
1463	0
1464	0
1465	1
1466	0
1467	0
1468	0
1469	0
1470	0
1471	0
1472	0
1473	0
1474	0
1475	0
1476	0
1477	0
1478	0
1479	0
1480	0
1481	0
1482	0
1483	0
1484	0
1485	0
1486	0
1487	0
1488	0
1489	0
1490	0
1491	0
1492	0
1493	0
1494	0
1495	0
1496	0
1497	0
1498	0
1499	0
1500	0
1501	0
1502	0
1503	0
1504	0
1505	0
1506	0
1507	0
1508	1
1509	0
1510	0
1511	1
1512	0
1513	0
1514	0
1515	0
1516	0
1517	0
1518	0
1519	0
1520	0
1521	0
1522	0
1523	0
1524	0
1525	0
1526	0
1527	0
1528	0
1529	0
1530	0
1531	0
1532	0
1533	0
1534	0
1535	0
1536	0
1537	0
1538	0
1539	0
1540	0
1541	0
1542	0
1543	0
1544	0
1545	0
1546	0
1547	0
1548	0
1549	0
1550	0
1551	0
1552	0
1553	0
1554	0
1555	0
1556	0
1557	0
1558	0
1559	1
1560	0
1561	0
1562	1
1563	0
1564	0
1565	0
1566	0
1567	0
1568	0
1569	0
1570	0
1571	1
1572	0
1573	0
1574	0
1575	0
1576	0
1577	0
1578	0
1579	0
1580	0
1581	0
1582	0
1583	0
1584	0
1585	0
1586	0
1587	0
1588	0
1589	1
1590	0
1591	0
1592	0
1593	0
1594	0
1595	0
1596	0
1597	0
1598	0
1599	0
1600	0
1601	0
1602	0
1603	0
1604	0
1605	0
1606	0
1607	0
1608	0
1609	0
1610	0
1611	0
1612	0
1613	0
1614	0
1615	0
1616	0
1617	0
1618	0
1619	0
1620	1
1621	0
1622	0
1623	0
1624	0
1625	0
1626	0
1627	0
1628	0
1629	0
1630	0
1631	0
1632	0
1633	0
1634	0
1635	0
1636	0
1637	0
1638	0
1639	0
1640	0
1641	0
1642	0
1643	0
1644	0
1645	0
1646	0
1647	0
1648	0
1649	0
1650	0
1651	0
1652	0
1653	0
1654	0
1655	0
1656	0
1657	0
1658	0
1659	0
1660	0
1661	0
1662	0
1663	0
1664	0
1665	0
1666	0
1667	0
1668	1
1669	0
1670	0
1671	0
1672	0
1673	0
1674	0
1675	0
1676	0
1677	0
1678	0
1679	0
1680	0
1681	0
1682	0
1683	0
1684	0
1685	0
1686	0
1687	0
1688	0
1689	0
1690	0
1691	0
1692	0
1693	0
1694	0
1695	0
1696	0
1697	0
1698	0
1699	0
1700	0
1701	0
1702	0
1703	0
1704	0
1705	0
1706	0
1707	0
1708	0
1709	0
1710	0
1711	0
1712	0
1713	0
1714	0
1715	0
1716	0
1717	0
1718	0
1719	0
1720	0
1721	0
1722	0
1723	0
1724	0
1725	0
1726	0
1727	0
1728	0
1729	0
1730	0
1731	0
1732	0
1733	0
1734	0
1735	0
1736	0
1737	0
1738	0
1739	0
1740	0
1741	0
1742	0
1743	0
1744	0
1745	0
1746	0
1747	0
1748	0
1749	0
1750	0
1751	0
1752	0
1753	0
1754	0
1755	0
1756	0
1757	0
1758	0
1759	0
1760	0
1761	0
1762	0
1763	0
1764	0
1765	0
1766	0
1767	0
1768	0
1769	0
1770	0
1771	0
1772	0
1773	0
1774	0
1775	0
1776	0
1777	0
1778	0
1779	0
1780	0
1781	0
1782	0
1783	0
1784	0
1785	0
1786	0
1787	0
1788	0
1789	0
1790	0
1791	0
1792	0
1793	0
1794	0
1795	0
1796	0
1797	0
1798	0
1799	0
1800	0
1801	0
1802	0
1803	0
1804	0
1805	0
1806	0
1807	0
1808	0
1809	0
1810	0
1811	0
1812	0
1813	0
1814	0
1815	0
1816	0
1817	0
1818	0
1819	0
1820	0
1821	0
1822	0
1823	0
1824	0
1825	0
1826	0
1827	0
1828	0
1829	0
1830	0
1831	0
1832	0
1833	0
1834	0
1835	0
1836	0
1837	0
1838	0
1839	0
1840	0
1841	0
1842	0
1843	0
1844	0
1845	0
1846	0
1847	0
1848	0
1849	0
1850	0
1851	0
1852	0
1853	0
1854	0
1855	0
1856	0
1857	0
1858	0
1859	0
1860	0
1861	0
1862	0
1863	0
1864	0
1865	0
1866	0
1867	0
1868	0
1869	0
1870	0
1871	0
1872	0
1873	0
1874	0
1875	0
1876	0
1877	0
1878	0
1879	0
1880	0
1881	0
1882	0
1883	0
1884	0
1885	0
1886	0
1887	0
1888	0
1889	0
1890	0
1891	0
1892	0
1893	0
1894	0
1895	0
1896	0
1897	0
1898	0
1899	0
1900	0
1901	0
1902	0
1903	0
1904	0
1905	0
1906	0
1907	0
1908	0
1909	0
1910	0
1911	0
1912	0
1913	0
1914	0
1915	0
1916	0
1917	0
1918	0
1919	0
1920	0
1921	0
1922	0
1923	0
1924	0
1925	0
1926	0
1927	0
1928	0
1929	0
1930	0
1931	0
1932	0
1933	0
1934	0
1935	0
1936	0
1937	0
1938	0
1939	0
1940	0
1941	0
1942	0
1943	0
1944	0
1945	0
1946	0
1947	0
1948	0
1949	0
1950	0
1951	0
1952	0
1953	0
1954	0
1955	0
1956	0
1957	0
1958	0
1959	0
1960	0
1961	0
1962	0
1963	0
1964	0
1965	0
1966	1
1967	0
1968	0
1969	0
1970	0
1971	0
1972	0
1973	0
1974	0
1975	0
1976	0
1977	0
1978	0
1979	0
1980	0
1981	0
1982	0
1983	0
1984	0
1985	0
1986	0
1987	0
1988	0
1989	0
1990	0
1991	1
1992	0
1993	0
1994	0
1995	0
1996	0
1997	0
1998	0
1999	0
2000	0
2001	0
2002	0
2003	0
2004	0
2005	0
2006	0
2007	0
2008	0
2009	0
2010	0
2011	0
2012	0
2013	0
2014	0
2015	0
2016	0
2017	0
2018	0
2019	0
2020	0
2021	0
2022	0
2023	0
2024	0
2025	0
2026	0
2027	0
2028	0
2029	0
2030	0
2031	0
2032	0
2033	0
2034	0
2035	0
2036	0
2037	0
2038	0
2039	0
2040	0
2041	0
2042	0
2043	0
2044	0
2045	0
2046	0
2047	0
