0	0
1	0
2	0
3	0
4	0
5	0
6	0
7	0
8	0
9	0
10	12
11	45
12	105
13	663
14	693
15	501
16	392
17	370
18	412
19	398
20	433
21	415
22	429
23	465
24	494
25	622
26	799
27	1175
28	1754
29	2631
30	3441
31	4046
32	4365
33	3740
34	3056
35	2272
36	1692
37	1192
38	854
39	634
40	541
41	466
42	445
43	458
44	441
45	410
46	435
47	417
48	447
49	444
50	422
51	449
52	444
53	435
54	394
55	446
56	418
57	441
58	433
59	398
60	414
61	400
62	421
63	382
64	438
65	422
66	415
67	399
68	396
69	392
70	397
71	407
72	431
73	391
74	377
75	392
76	351
77	416
78	398
79	371
80	388
81	382
82	365
83	400
84	385
85	399
86	395
87	395
88	388
89	386
90	394
91	373
92	391
93	402
94	397
95	377
96	413
97	383
98	361
99	391
100	377
101	423
102	364
103	377
104	400
105	342
106	336
107	408
108	367
109	393
110	421
111	362
112	372
113	374
114	356
115	379
116	356
117	397
118	364
119	400
120	380
121	365
122	378
123	396
124	409
125	417
126	442
127	420
128	414
129	460
130	424
131	438
132	439
133	456
134	474
135	500
136	447
137	465
138	526
139	504
140	491
141	487
142	500
143	512
144	509
145	493
146	442
147	494
148	483
149	467
150	474
151	480
152	451
153	448
154	471
155	496
156	478
157	422
158	474
159	444
160	479
161	432
162	433
163	417
164	444
165	443
166	417
167	441
168	434
169	410
170	438
171	427
172	463
173	437
174	454
175	425
176	421
177	406
178	440
179	415
180	422
181	403
182	452
183	416
184	452
185	409
186	398
187	395
188	419
189	414
190	399
191	385
192	405
193	390
194	389
195	370
196	438
197	361
198	370
199	389
200	397
201	388
202	363
203	376
204	376
205	392
206	367
207	376
208	390
209	368
210	360
211	382
212	381
213	384
214	390
215	353
216	376
217	384
218	363
219	392
220	372
221	336
222	365
223	335
224	365
225	388
226	341
227	379
228	338
229	355
230	359
231	367
232	349
233	335
234	370
235	341
236	329
237	333
238	351
239	377
240	359
241	319
242	368
243	372
244	349
245	315
246	382
247	357
248	385
249	370
250	349
251	355
252	355
253	354
254	346
255	347
256	345
257	342
258	354
259	339
260	311
261	348
262	335
263	313
264	327
265	342
266	327
267	357
268	323
269	320
270	313
271	357
272	354
273	344
274	309
275	320
276	340
277	366
278	347
279	332
280	378
281	379
282	289
283	345
284	331
285	352
286	302
287	313
288	346
289	335
290	347
291	394
292	348
293	328
294	323
295	337
296	345
297	334
298	342
299	301
300	353
301	331
302	287
303	354
304	345
305	335
306	343
307	358
308	318
309	340
310	306
311	298
312	301
313	317
314	276
315	254
316	304
317	231
318	235
319	231
320	243
321	238
322	206
323	191
324	210
325	178
326	165
327	161
328	165
329	165
330	154
331	134
332	128
333	117
334	136
335	115
336	100
337	100
338	104
339	75
340	103
341	75
342	106
343	98
344	94
345	82
346	93
347	80
348	100
349	100
350	81
351	62
352	70
353	81
354	65
355	72
356	67
357	73
358	61
359	59
360	60
361	55
362	50
363	52
364	57
365	47
366	51
367	54
368	48
369	38
370	50
371	34
372	44
373	51
374	45
375	54
376	40
377	38
378	54
379	38
380	40
381	43
382	28
383	42
384	45
385	49
386	56
387	46
388	49
389	53
390	39
391	44
392	32
393	41
394	43
395	50
396	50
397	55
398	52
399	62
400	44
401	50
402	48
403	50
404	48
405	59
406	52
407	72
408	69
409	93
410	111
411	141
412	156
413	172
414	233
415	263
416	342
417	387
418	496
419	500
420	685
421	759
422	868
423	1063
424	1143
425	1427
426	1541
427	1721
428	1988
429	2167
430	2376
431	2561
432	2813
433	3090
434	3324
435	3411
436	3527
437	3817
438	3990
439	4013
440	4346
441	4215
442	4267
443	4210
444	4276
445	4174
446	3976
447	3921
448	3636
449	3534
450	3414
451	3197
452	2945
453	2846
454	2582
455	2239
456	2136
457	1944
458	1711
459	1513
460	1379
461	1169
462	1074
463	879
464	776
465	658
466	556
467	497
468	406
469	350
470	315
471	269
472	230
473	194
474	160
475	155
476	148
477	109
478	106
479	97
480	92
481	69
482	88
483	75
484	78
485	64
486	62
487	56
488	58
489	47
490	59
491	60
492	61
493	73
494	42
495	65
496	53
497	56
498	52
499	47
500	50
501	65
502	62
503	56
504	59
505	45
506	58
507	57
508	49
509	44
510	30
511	45
512	44
513	40
514	45
515	49
516	46
517	58
518	48
519	31
520	46
521	52
522	48
523	43
524	46
525	36
526	52
527	41
528	40
529	47
530	48
531	31
532	36
533	51
534	37
535	34
536	39
537	40
538	44
539	45
540	48
541	46
542	36
543	43
544	43
545	43
546	44
547	50
548	38
549	45
550	48
551	39
552	41
553	42
554	35
555	35
556	41
557	32
558	45
559	45
560	49
561	32
562	39
563	41
564	35
565	52
566	43
567	44
568	48
569	48
570	43
571	42
572	40
573	37
574	39
575	38
576	44
577	37
578	44
579	51
580	45
581	51
582	48
583	39
584	31
585	45
586	37
587	46
588	35
589	43
590	37
591	34
592	36
593	35
594	45
595	40
596	33
597	45
598	34
599	34
600	39
601	26
602	26
603	31
604	39
605	35
606	35
607	38
608	42
609	37
610	35
611	23
612	31
613	33
614	35
615	31
616	30
617	28
618	30
619	37
620	34
621	25
622	35
623	26
624	32
625	31
626	30
627	35
628	26
629	30
630	34
631	32
632	35
633	32
634	21
635	21
636	27
637	26
638	27
639	35
640	31
641	23
642	28
643	29
644	21
645	22
646	30
647	30
648	24
649	31
650	29
651	33
652	18
653	37
654	27
655	27
656	22
657	30
658	29
659	18
660	19
661	27
662	27
663	22
664	23
665	17
666	20
667	29
668	27
669	25
670	19
671	22
672	27
673	21
674	22
675	31
676	21
677	33
678	31
679	25
680	25
681	29
682	25
683	21
684	19
685	33
686	21
687	20
688	24
689	22
690	24
691	22
692	26
693	26
694	21
695	24
696	17
697	23
698	24
699	16
700	16
701	24
702	25
703	24
704	20
705	23
706	15
707	20
708	19
709	11
710	12
711	24
712	22
713	18
714	14
715	19
716	23
717	17
718	19
719	13
720	19
721	18
722	14
723	18
724	15
725	19
726	18
727	17
728	19
729	13
730	23
731	16
732	23
733	22
734	13
735	20
736	11
737	14
738	18
739	18
740	18
741	16
742	19
743	14
744	11
745	11
746	17
747	26
748	22
749	22
750	13
751	9
752	17
753	19
754	15
755	14
756	8
757	15
758	12
759	16
760	13
761	11
762	11
763	16
764	5
765	16
766	11
767	18
768	22
769	8
770	12
771	16
772	15
773	16
774	18
775	12
776	13
777	7
778	12
779	17
780	14
781	7
782	7
783	18
784	9
785	11
786	14
787	21
788	12
789	12
790	14
791	16
792	11
793	19
794	11
795	12
796	17
797	20
798	10
799	18
800	12
801	12
802	12
803	12
804	12
805	13
806	13
807	12
808	18
809	18
810	12
811	10
812	18
813	14
814	14
815	10
816	14
817	17
818	18
819	16
820	16
821	16
822	22
823	16
824	16
825	15
826	19
827	13
828	21
829	13
830	20
831	20
832	25
833	16
834	15
835	16
836	21
837	23
838	27
839	26
840	19
841	26
842	22
843	16
844	19
845	17
846	20
847	21
848	21
849	15
850	24
851	23
852	26
853	19
854	33
855	31
856	27
857	30
858	28
859	18
860	19
861	27
862	24
863	24
864	20
865	23
866	28
867	19
868	37
869	17
870	32
871	22
872	24
873	28
874	25
875	22
876	18
877	29
878	29
879	18
880	20
881	28
882	18
883	29
884	20
885	23
886	13
887	18
888	13
889	14
890	9
891	18
892	15
893	8
894	13
895	13
896	14
897	6
898	11
899	11
900	8
901	10
902	9
903	10
904	7
905	4
906	10
907	4
908	7
909	5
910	3
911	5
912	4
913	2
914	2
915	5
916	2
917	5
918	3
919	3
920	2
921	2
922	2
923	2
924	0
925	2
926	2
927	3
928	0
929	4
930	0
931	1
932	0
933	3
934	1
935	3
936	3
937	2
938	1
939	2
940	0
941	1
942	1
943	0
944	0
945	0
946	1
947	2
948	2
949	1
950	2
951	0
952	2
953	2
954	1
955	1
956	2
957	3
958	3
959	3
960	0
961	0
962	1
963	0
964	1
965	3
966	1
967	1
968	2
969	3
970	2
971	2
972	1
973	0
974	0
975	3
976	0
977	2
978	2
979	1
980	2
981	1
982	0
983	0
984	2
985	1
986	1
987	0
988	0
989	2
990	0
991	1
992	1
993	0
994	2
995	2
996	1
997	4
998	1
999	0
1000	2
1001	1
1002	4
1003	1
1004	0
1005	1
1006	0
1007	2
1008	1
1009	2
1010	2
1011	0
1012	0
1013	3
1014	0
1015	0
1016	0
1017	2
1018	0
1019	0
1020	0
1021	0
1022	0
1023	2
1024	1
1025	0
1026	0
1027	0
1028	0
1029	1
1030	2
1031	2
1032	2
1033	2
1034	0
1035	2
1036	1
1037	0
1038	0
1039	0
1040	2
1041	1
1042	0
1043	1
1044	3
1045	2
1046	1
1047	0
1048	1
1049	0
1050	0
1051	0
1052	0
1053	1
1054	1
1055	0
1056	0
1057	2
1058	0
1059	0
1060	1
1061	1
1062	1
1063	0
1064	0
1065	1
1066	0
1067	1
1068	3
1069	0
1070	0
1071	1
1072	0
1073	0
1074	0
1075	2
1076	2
1077	0
1078	1
1079	1
1080	0
1081	0
1082	0
1083	0
1084	2
1085	0
1086	1
1087	2
1088	0
1089	0
1090	1
1091	1
1092	0
1093	0
1094	1
1095	0
1096	0
1097	0
1098	0
1099	2
1100	1
1101	0
1102	0
1103	0
1104	0
1105	1
1106	1
1107	1
1108	0
1109	2
1110	0
1111	1
1112	0
1113	1
1114	0
1115	0
1116	0
1117	0
1118	0
1119	0
1120	0
1121	0
1122	0
1123	0
1124	0
1125	1
1126	0
1127	0
1128	1
1129	0
1130	0
1131	0
1132	0
1133	0
1134	1
1135	0
1136	0
1137	0
1138	2
1139	0
1140	0
1141	0
1142	0
1143	0
1144	0
1145	0
1146	0
1147	0
1148	0
1149	0
1150	0
1151	0
1152	2
1153	0
1154	1
1155	0
1156	2
1157	0
1158	1
1159	0
1160	1
1161	0
1162	0
1163	0
1164	0
1165	0
1166	1
1167	0
1168	0
1169	1
1170	0
1171	0
1172	0
1173	0
1174	1
1175	0
1176	0
1177	0
1178	0
1179	1
1180	0
1181	0
1182	1
1183	1
1184	0
1185	1
1186	0
1187	0
1188	1
1189	1
1190	0
1191	1
1192	0
1193	0
1194	0
1195	0
1196	0
1197	1
1198	1
1199	0
1200	0
1201	0
1202	2
1203	0
1204	0
1205	0
1206	0
1207	0
1208	0
1209	1
1210	0
1211	0
1212	1
1213	0
1214	0
1215	0
1216	0
1217	1
1218	0
1219	0
1220	0
1221	0
1222	0
1223	0
1224	0
1225	0
1226	0
1227	0
1228	0
1229	0
1230	0
1231	1
1232	1
1233	0
1234	0
1235	0
1236	0
1237	0
1238	0
1239	0
1240	0
1241	0
1242	0
1243	0
1244	1
1245	0
1246	0
1247	0
1248	0
1249	1
1250	0
1251	1
1252	0
1253	0
1254	0
1255	1
1256	1
1257	0
1258	0
1259	0
1260	1
1261	1
1262	0
1263	0
1264	1
1265	0
1266	0
1267	1
1268	1
1269	1
1270	0
1271	0
1272	0
1273	0
1274	0
1275	0
1276	0
1277	0
1278	1
1279	0
1280	0
1281	0
1282	0
1283	0
1284	0
1285	0
1286	0
1287	0
1288	0
1289	0
1290	0
1291	0
1292	1
1293	0
1294	0
1295	1
1296	0
1297	2
1298	0
1299	0
1300	0
1301	0
1302	0
1303	0
1304	0
1305	0
1306	0
1307	0
1308	0
1309	0
1310	1
1311	0
1312	0
1313	0
1314	0
1315	0
1316	0
1317	0
1318	0
1319	0
1320	0
1321	0
1322	0
1323	0
1324	0
1325	0
1326	0
1327	0
1328	0
1329	1
1330	0
1331	0
1332	0
1333	0
1334	1
1335	0
1336	0
1337	0
1338	0
1339	0
1340	1
1341	0
1342	0
1343	1
1344	1
1345	0
1346	1
1347	0
1348	0
1349	0
1350	0
1351	0
1352	0
1353	0
1354	0
1355	1
1356	0
1357	0
1358	0
1359	1
1360	0
1361	0
1362	0
1363	0
1364	0
1365	0
1366	0
1367	0
1368	0
1369	1
1370	0
1371	0
1372	0
1373	0
1374	0
1375	0
1376	0
1377	0
1378	0
1379	1
1380	0
1381	0
1382	0
1383	0
1384	0
1385	0
1386	0
1387	0
1388	0
1389	0
1390	0
1391	0
1392	0
1393	0
1394	0
1395	0
1396	1
1397	0
1398	0
1399	0
1400	0
1401	0
1402	0
1403	0
1404	0
1405	0
1406	0
1407	0
1408	0
1409	1
1410	0
1411	0
1412	0
1413	0
1414	0
1415	0
1416	0
1417	0
1418	0
1419	0
1420	0
1421	0
1422	0
1423	0
1424	0
1425	0
1426	0
1427	0
1428	0
1429	0
1430	0
1431	0
1432	0
1433	0
1434	0
1435	0
1436	0
1437	0
1438	0
1439	0
1440	0
1441	0
1442	0
1443	0
1444	0
1445	0
1446	0
1447	0
1448	0
1449	0
1450	0
1451	0
1452	0
1453	0
1454	0
1455	0
1456	0
1457	0
1458	0
1459	0
1460	0
1461	0
1462	0
1463	0
1464	0
1465	0
1466	0
1467	0
1468	0
1469	0
1470	0
1471	0
1472	0
1473	0
1474	0
1475	0
1476	0
1477	0
1478	0
1479	0
1480	0
1481	0
1482	0
1483	0
1484	0
1485	0
1486	0
1487	0
1488	0
1489	0
1490	0
1491	0
1492	0
1493	0
1494	0
1495	0
1496	1
1497	0
1498	0
1499	0
1500	1
1501	0
1502	0
1503	0
1504	0
1505	0
1506	0
1507	0
1508	0
1509	0
1510	0
1511	0
1512	0
1513	0
1514	0
1515	0
1516	0
1517	0
1518	0
1519	0
1520	0
1521	0
1522	0
1523	0
1524	0
1525	0
1526	0
1527	0
1528	0
1529	0
1530	0
1531	0
1532	0
1533	0
1534	0
1535	0
1536	0
1537	0
1538	0
1539	0
1540	0
1541	0
1542	0
1543	0
1544	0
1545	0
1546	0
1547	0
1548	0
1549	0
1550	0
1551	0
1552	0
1553	0
1554	0
1555	0
1556	0
1557	1
1558	0
1559	0
1560	0
1561	0
1562	0
1563	0
1564	0
1565	0
1566	0
1567	0
1568	0
1569	0
1570	0
1571	0
1572	0
1573	0
1574	0
1575	0
1576	0
1577	0
1578	0
1579	0
1580	0
1581	0
1582	0
1583	0
1584	0
1585	0
1586	0
1587	0
1588	0
1589	0
1590	0
1591	0
1592	0
1593	0
1594	0
1595	0
1596	0
1597	0
1598	0
1599	0
1600	0
1601	0
1602	0
1603	0
1604	0
1605	0
1606	0
1607	0
1608	0
1609	0
1610	0
1611	0
1612	0
1613	0
1614	0
1615	0
1616	0
1617	0
1618	0
1619	0
1620	0
1621	0
1622	0
1623	0
1624	0
1625	0
1626	0
1627	0
1628	1
1629	0
1630	0
1631	0
1632	0
1633	0
1634	0
1635	0
1636	0
1637	0
1638	0
1639	0
1640	0
1641	0
1642	0
1643	0
1644	0
1645	0
1646	0
1647	0
1648	0
1649	0
1650	0
1651	0
1652	0
1653	0
1654	0
1655	1
1656	0
1657	0
1658	1
1659	0
1660	0
1661	0
1662	0
1663	0
1664	0
1665	0
1666	0
1667	0
1668	0
1669	0
1670	0
1671	0
1672	0
1673	0
1674	0
1675	0
1676	0
1677	0
1678	0
1679	0
1680	0
1681	1
1682	0
1683	0
1684	0
1685	0
1686	0
1687	0
1688	0
1689	0
1690	0
1691	0
1692	0
1693	0
1694	0
1695	0
1696	0
1697	0
1698	0
1699	0
1700	0
1701	0
1702	0
1703	0
1704	0
1705	0
1706	0
1707	0
1708	0
1709	0
1710	0
1711	1
1712	0
1713	0
1714	0
1715	0
1716	0
1717	0
1718	0
1719	0
1720	0
1721	0
1722	0
1723	0
1724	0
1725	0
1726	0
1727	0
1728	0
1729	0
1730	0
1731	0
1732	0
1733	0
1734	0
1735	0
1736	0
1737	0
1738	0
1739	0
1740	0
1741	1
1742	0
1743	0
1744	0
1745	0
1746	0
1747	0
1748	0
1749	0
1750	0
1751	0
1752	0
1753	0
1754	0
1755	0
1756	0
1757	0
1758	0
1759	0
1760	0
1761	0
1762	0
1763	0
1764	0
1765	0
1766	0
1767	0
1768	0
1769	0
1770	0
1771	0
1772	0
1773	0
1774	0
1775	0
1776	0
1777	0
1778	0
1779	0
1780	0
1781	0
1782	0
1783	0
1784	0
1785	0
1786	0
1787	0
1788	0
1789	0
1790	0
1791	0
1792	0
1793	0
1794	0
1795	0
1796	0
1797	0
1798	0
1799	0
1800	0
1801	0
1802	0
1803	0
1804	0
1805	0
1806	0
1807	0
1808	0
1809	0
1810	0
1811	0
1812	0
1813	0
1814	0
1815	0
1816	0
1817	0
1818	0
1819	0
1820	0
1821	0
1822	0
1823	0
1824	0
1825	0
1826	0
1827	0
1828	0
1829	0
1830	0
1831	0
1832	0
1833	0
1834	0
1835	0
1836	0
1837	0
1838	0
1839	0
1840	0
1841	0
1842	0
1843	0
1844	0
1845	0
1846	0
1847	0
1848	0
1849	0
1850	0
1851	0
1852	0
1853	0
1854	0
1855	0
1856	0
1857	0
1858	0
1859	0
1860	0
1861	0
1862	0
1863	0
1864	0
1865	0
1866	0
1867	0
1868	0
1869	0
1870	0
1871	0
1872	0
1873	0
1874	0
1875	0
1876	0
1877	0
1878	0
1879	0
1880	0
1881	0
1882	0
1883	0
1884	0
1885	0
1886	0
1887	0
1888	0
1889	0
1890	0
1891	0
1892	0
1893	0
1894	0
1895	0
1896	0
1897	0
1898	0
1899	0
1900	0
1901	0
1902	0
1903	0
1904	0
1905	0
1906	0
1907	0
1908	0
1909	0
1910	0
1911	0
1912	0
1913	0
1914	0
1915	0
1916	0
1917	0
1918	0
1919	0
1920	0
1921	0
1922	0
1923	0
1924	0
1925	0
1926	0
1927	0
1928	0
1929	0
1930	0
1931	0
1932	0
1933	0
1934	0
1935	0
1936	0
1937	0
1938	0
1939	0
1940	0
1941	0
1942	0
1943	0
1944	0
1945	0
1946	0
1947	0
1948	0
1949	0
1950	0
1951	0
1952	0
1953	0
1954	0
1955	0
1956	0
1957	0
1958	0
1959	0
1960	0
1961	0
1962	0
1963	0
1964	0
1965	0
1966	0
1967	0
1968	0
1969	0
1970	0
1971	1
1972	0
1973	0
1974	0
1975	0
1976	0
1977	0
1978	0
1979	0
1980	0
1981	0
1982	0
1983	0
1984	0
1985	0
1986	0
1987	0
1988	0
1989	0
1990	0
1991	0
1992	0
1993	0
1994	0
1995	0
1996	0
1997	0
1998	0
1999	0
2000	0
2001	0
2002	0
2003	0
2004	0
2005	0
2006	0
2007	0
2008	0
2009	0
2010	0
2011	0
2012	0
2013	0
2014	0
2015	0
2016	0
2017	0
2018	0
2019	0
2020	0
2021	0
2022	0
2023	0
2024	0
2025	0
2026	0
2027	0
2028	0
2029	0
2030	0
2031	0
2032	0
2033	0
2034	0
2035	0
2036	0
2037	0
2038	0
2039	0
2040	0
2041	0
2042	0
2043	0
2044	0
2045	0
2046	0
2047	0
