0	0
1	0
2	0
3	0
4	0
5	0
6	0
7	0
8	0
9	0
10	0
11	15
12	189
13	1209
14	1070
15	473
16	374
17	334
18	345
19	328
20	325
21	340
22	396
23	420
24	442
25	533
26	715
27	1028
28	1530
29	2262
30	2913
31	3436
32	3559
33	3375
34	2753
35	2107
36	1428
37	1032
38	791
39	577
40	506
41	404
42	363
43	369
44	358
45	367
46	337
47	402
48	350
49	356
50	382
51	374
52	389
53	376
54	376
55	383
56	377
57	379
58	374
59	379
60	365
61	352
62	315
63	330
64	387
65	341
66	296
67	341
68	337
69	324
70	375
71	351
72	346
73	360
74	395
75	356
76	352
77	341
78	377
79	359
80	328
81	337
82	347
83	317
84	350
85	351
86	367
87	337
88	345
89	314
90	330
91	310
92	343
93	306
94	335
95	359
96	336
97	316
98	339
99	342
100	320
101	328
102	325
103	345
104	311
105	362
106	313
107	303
108	338
109	334
110	386
111	350
112	341
113	348
114	324
115	329
116	326
117	351
118	361
119	343
120	307
121	306
122	360
123	321
124	345
125	355
126	341
127	356
128	379
129	336
130	403
131	380
132	383
133	379
134	394
135	398
136	391
137	402
138	394
139	395
140	406
141	411
142	390
143	399
144	396
145	416
146	375
147	392
148	412
149	387
150	400
151	381
152	393
153	409
154	366
155	328
156	454
157	371
158	375
159	403
160	408
161	412
162	387
163	370
164	421
165	388
166	385
167	371
168	380
169	372
170	388
171	345
172	385
173	351
174	406
175	381
176	371
177	360
178	345
179	336
180	342
181	365
182	356
183	355
184	364
185	373
186	328
187	341
188	415
189	332
190	351
191	344
192	336
193	355
194	357
195	321
196	360
197	317
198	345
199	328
200	342
201	332
202	345
203	329
204	341
205	342
206	375
207	355
208	304
209	316
210	351
211	321
212	330
213	315
214	339
215	306
216	315
217	306
218	299
219	308
220	325
221	336
222	342
223	299
224	311
225	343
226	326
227	320
228	296
229	298
230	323
231	293
232	293
233	305
234	330
235	279
236	299
237	303
238	288
239	291
240	321
241	281
242	341
243	319
244	331
245	333
246	329
247	332
248	288
249	317
250	320
251	278
252	312
253	269
254	296
255	347
256	310
257	288
258	293
259	315
260	299
261	323
262	296
263	291
264	331
265	275
266	264
267	312
268	289
269	317
270	320
271	304
272	314
273	323
274	286
275	333
276	325
277	291
278	312
279	302
280	286
281	298
282	321
283	304
284	284
285	298
286	269
287	312
288	287
289	294
290	284
291	296
292	325
293	311
294	332
295	278
296	320
297	327
298	320
299	296
300	308
301	328
302	299
303	294
304	310
305	306
306	301
307	290
308	295
309	260
310	292
311	299
312	230
313	258
314	233
315	236
316	220
317	230
318	238
319	181
320	217
321	214
322	180
323	165
324	175
325	177
326	164
327	141
328	133
329	133
330	114
331	107
332	110
333	123
334	130
335	117
336	124
337	111
338	97
339	106
340	94
341	86
342	69
343	96
344	80
345	88
346	85
347	88
348	74
349	68
350	67
351	67
352	61
353	71
354	66
355	67
356	61
357	60
358	61
359	64
360	67
361	49
362	50
363	65
364	56
365	59
366	53
367	48
368	52
369	49
370	42
371	42
372	44
373	51
374	52
375	47
376	55
377	47
378	60
379	55
380	50
381	45
382	55
383	43
384	49
385	30
386	48
387	44
388	35
389	37
390	46
391	49
392	42
393	43
394	58
395	44
396	45
397	40
398	36
399	43
400	45
401	59
402	50
403	54
404	56
405	59
406	64
407	80
408	77
409	93
410	96
411	113
412	147
413	169
414	186
415	222
416	284
417	329
418	424
419	464
420	542
421	615
422	721
423	857
424	1045
425	1134
426	1378
427	1442
428	1657
429	1791
430	1985
431	2141
432	2389
433	2501
434	2839
435	3095
436	3034
437	3174
438	3417
439	3441
440	3470
441	3529
442	3662
443	3744
444	3596
445	3480
446	3546
447	3357
448	3314
449	3150
450	2937
451	2739
452	2533
453	2376
454	2224
455	2013
456	1878
457	1711
458	1526
459	1376
460	1164
461	1059
462	936
463	822
464	680
465	601
466	508
467	436
468	387
469	330
470	256
471	245
472	205
473	174
474	137
475	128
476	105
477	92
478	88
479	83
480	75
481	79
482	67
483	71
484	82
485	57
486	57
487	52
488	45
489	45
490	48
491	50
492	46
493	43
494	48
495	49
496	39
497	45
498	37
499	39
500	45
501	31
502	50
503	37
504	38
505	40
506	39
507	28
508	36
509	30
510	35
511	43
512	37
513	29
514	40
515	38
516	36
517	32
518	41
519	33
520	34
521	32
522	28
523	35
524	29
525	36
526	28
527	29
528	34
529	32
530	34
531	28
532	27
533	31
534	26
535	24
536	26
537	37
538	39
539	27
540	26
541	25
542	44
543	35
544	35
545	37
546	34
547	31
548	42
549	28
550	35
551	41
552	22
553	39
554	33
555	25
556	44
557	43
558	22
559	33
560	35
561	25
562	38
563	37
564	31
565	28
566	40
567	23
568	35
569	28
570	33
571	29
572	22
573	22
574	29
575	41
576	25
577	45
578	28
579	37
580	26
581	21
582	37
583	27
584	20
585	25
586	35
587	25
588	44
589	23
590	20
591	29
592	30
593	27
594	17
595	25
596	25
597	28
598	26
599	38
600	31
601	32
602	32
603	20
604	31
605	27
606	21
607	20
608	22
609	33
610	17
611	18
612	25
613	24
614	31
615	17
616	25
617	29
618	18
619	28
620	20
621	25
622	19
623	20
624	23
625	14
626	22
627	26
628	21
629	27
630	24
631	19
632	18
633	22
634	27
635	26
636	20
637	24
638	20
639	13
640	27
641	16
642	13
643	25
644	27
645	20
646	25
647	31
648	22
649	26
650	28
651	33
652	25
653	19
654	18
655	18
656	27
657	26
658	18
659	21
660	16
661	14
662	25
663	14
664	17
665	18
666	10
667	9
668	11
669	21
670	17
671	17
672	18
673	17
674	18
675	19
676	16
677	16
678	23
679	19
680	16
681	15
682	23
683	14
684	16
685	17
686	19
687	20
688	10
689	18
690	13
691	14
692	13
693	17
694	18
695	16
696	17
697	17
698	11
699	12
700	21
701	10
702	14
703	16
704	14
705	15
706	17
707	14
708	14
709	29
710	15
711	16
712	17
713	21
714	12
715	13
716	9
717	19
718	17
719	14
720	14
721	17
722	28
723	19
724	9
725	14
726	19
727	14
728	10
729	12
730	13
731	11
732	16
733	11
734	11
735	14
736	17
737	10
738	14
739	14
740	12
741	13
742	7
743	6
744	9
745	11
746	13
747	9
748	10
749	13
750	19
751	18
752	9
753	13
754	5
755	8
756	9
757	11
758	15
759	11
760	14
761	11
762	12
763	14
764	15
765	12
766	9
767	8
768	3
769	6
770	11
771	11
772	7
773	9
774	8
775	12
776	8
777	10
778	18
779	8
780	11
781	11
782	7
783	17
784	10
785	12
786	15
787	11
788	11
789	7
790	6
791	10
792	12
793	11
794	19
795	11
796	9
797	8
798	15
799	10
800	10
801	10
802	13
803	12
804	15
805	16
806	10
807	13
808	7
809	9
810	13
811	5
812	8
813	14
814	6
815	13
816	15
817	7
818	17
819	10
820	13
821	10
822	14
823	8
824	7
825	25
826	10
827	8
828	7
829	6
830	12
831	11
832	18
833	16
834	12
835	13
836	11
837	13
838	10
839	16
840	19
841	18
842	16
843	19
844	13
845	19
846	17
847	21
848	10
849	13
850	9
851	19
852	24
853	15
854	20
855	18
856	14
857	14
858	16
859	18
860	18
861	15
862	18
863	19
864	17
865	17
866	20
867	18
868	19
869	19
870	18
871	18
872	22
873	15
874	16
875	17
876	14
877	13
878	24
879	15
880	6
881	19
882	9
883	16
884	12
885	13
886	11
887	15
888	11
889	4
890	8
891	7
892	12
893	8
894	12
895	11
896	8
897	8
898	6
899	11
900	5
901	7
902	1
903	7
904	6
905	2
906	6
907	3
908	3
909	3
910	0
911	3
912	1
913	5
914	2
915	1
916	1
917	2
918	2
919	1
920	1
921	0
922	0
923	4
924	2
925	3
926	1
927	0
928	1
929	0
930	6
931	2
932	1
933	1
934	0
935	1
936	0
937	1
938	1
939	2
940	1
941	1
942	3
943	1
944	0
945	3
946	0
947	0
948	1
949	1
950	0
951	2
952	0
953	1
954	0
955	0
956	0
957	0
958	0
959	0
960	1
961	0
962	0
963	2
964	1
965	1
966	0
967	0
968	1
969	0
970	0
971	3
972	0
973	1
974	1
975	0
976	0
977	0
978	2
979	0
980	2
981	0
982	2
983	1
984	0
985	0
986	0
987	0
988	1
989	1
990	1
991	1
992	0
993	1
994	0
995	0
996	0
997	1
998	0
999	0
1000	2
1001	1
1002	1
1003	1
1004	1
1005	0
1006	0
1007	0
1008	0
1009	2
1010	0
1011	1
1012	0
1013	0
1014	0
1015	2
1016	0
1017	1
1018	0
1019	1
1020	1
1021	1
1022	1
1023	0
1024	0
1025	1
1026	0
1027	0
1028	2
1029	0
1030	1
1031	0
1032	1
1033	1
1034	0
1035	1
1036	0
1037	0
1038	0
1039	0
1040	1
1041	0
1042	0
1043	0
1044	0
1045	1
1046	1
1047	1
1048	0
1049	0
1050	0
1051	1
1052	1
1053	1
1054	0
1055	0
1056	1
1057	1
1058	1
1059	3
1060	1
1061	0
1062	0
1063	1
1064	1
1065	0
1066	0
1067	1
1068	0
1069	0
1070	0
1071	0
1072	0
1073	0
1074	0
1075	1
1076	0
1077	1
1078	0
1079	0
1080	1
1081	0
1082	0
1083	1
1084	0
1085	0
1086	1
1087	1
1088	0
1089	1
1090	0
1091	0
1092	1
1093	0
1094	0
1095	0
1096	1
1097	0
1098	1
1099	0
1100	1
1101	0
1102	0
1103	1
1104	0
1105	0
1106	0
1107	0
1108	0
1109	0
1110	0
1111	0
1112	0
1113	0
1114	0
1115	2
1116	0
1117	0
1118	0
1119	0
1120	0
1121	1
1122	0
1123	0
1124	0
1125	0
1126	0
1127	0
1128	1
1129	0
1130	0
1131	1
1132	0
1133	2
1134	0
1135	1
1136	0
1137	1
1138	0
1139	0
1140	0
1141	0
1142	0
1143	0
1144	0
1145	1
1146	0
1147	2
1148	0
1149	0
1150	0
1151	0
1152	0
1153	0
1154	1
1155	0
1156	0
1157	0
1158	0
1159	0
1160	0
1161	0
1162	1
1163	0
1164	0
1165	0
1166	1
1167	0
1168	1
1169	0
1170	0
1171	0
1172	0
1173	0
1174	1
1175	1
1176	0
1177	0
1178	0
1179	0
1180	0
1181	0
1182	0
1183	1
1184	0
1185	0
1186	0
1187	1
1188	0
1189	1
1190	0
1191	0
1192	0
1193	0
1194	0
1195	0
1196	1
1197	3
1198	0
1199	0
1200	0
1201	0
1202	0
1203	0
1204	0
1205	0
1206	0
1207	0
1208	0
1209	0
1210	0
1211	0
1212	0
1213	0
1214	0
1215	1
1216	0
1217	0
1218	0
1219	0
1220	0
1221	0
1222	1
1223	0
1224	0
1225	0
1226	0
1227	0
1228	0
1229	0
1230	1
1231	0
1232	0
1233	0
1234	0
1235	0
1236	1
1237	0
1238	0
1239	1
1240	0
1241	1
1242	0
1243	0
1244	0
1245	0
1246	0
1247	0
1248	0
1249	0
1250	0
1251	0
1252	0
1253	1
1254	0
1255	0
1256	0
1257	0
1258	0
1259	0
1260	0
1261	0
1262	0
1263	0
1264	0
1265	0
1266	0
1267	0
1268	1
1269	0
1270	0
1271	0
1272	0
1273	0
1274	0
1275	0
1276	1
1277	0
1278	0
1279	0
1280	0
1281	0
1282	0
1283	0
1284	0
1285	0
1286	0
1287	0
1288	0
1289	0
1290	0
1291	0
1292	0
1293	1
1294	0
1295	0
1296	0
1297	0
1298	0
1299	0
1300	0
1301	0
1302	0
1303	0
1304	0
1305	0
1306	0
1307	0
1308	0
1309	0
1310	0
1311	0
1312	0
1313	1
1314	0
1315	0
1316	0
1317	0
1318	1
1319	0
1320	0
1321	0
1322	0
1323	0
1324	0
1325	0
1326	0
1327	0
1328	0
1329	0
1330	0
1331	0
1332	0
1333	0
1334	0
1335	0
1336	0
1337	0
1338	0
1339	0
1340	0
1341	0
1342	0
1343	0
1344	0
1345	0
1346	0
1347	0
1348	0
1349	0
1350	0
1351	0
1352	0
1353	0
1354	0
1355	0
1356	0
1357	0
1358	0
1359	0
1360	0
1361	0
1362	0
1363	0
1364	0
1365	0
1366	0
1367	0
1368	0
1369	0
1370	0
1371	0
1372	0
1373	0
1374	0
1375	0
1376	0
1377	0
1378	0
1379	0
1380	0
1381	0
1382	0
1383	0
1384	0
1385	0
1386	0
1387	0
1388	0
1389	0
1390	0
1391	0
1392	0
1393	0
1394	0
1395	0
1396	0
1397	0
1398	0
1399	0
1400	0
1401	0
1402	0
1403	0
1404	0
1405	0
1406	0
1407	0
1408	0
1409	0
1410	0
1411	0
1412	0
1413	0
1414	0
1415	0
1416	0
1417	0
1418	0
1419	0
1420	1
1421	0
1422	0
1423	0
1424	0
1425	0
1426	0
1427	0
1428	0
1429	0
1430	0
1431	0
1432	0
1433	0
1434	0
1435	0
1436	0
1437	0
1438	0
1439	0
1440	0
1441	0
1442	0
1443	0
1444	0
1445	0
1446	0
1447	0
1448	0
1449	0
1450	0
1451	0
1452	0
1453	0
1454	0
1455	1
1456	0
1457	0
1458	0
1459	0
1460	0
1461	0
1462	0
1463	0
1464	0
1465	0
1466	0
1467	0
1468	0
1469	0
1470	0
1471	0
1472	0
1473	0
1474	0
1475	0
1476	0
1477	0
1478	0
1479	0
1480	0
1481	0
1482	0
1483	0
1484	0
1485	0
1486	0
1487	0
1488	0
1489	0
1490	0
1491	0
1492	0
1493	0
1494	0
1495	0
1496	0
1497	0
1498	0
1499	0
1500	0
1501	0
1502	0
1503	0
1504	0
1505	0
1506	0
1507	0
1508	0
1509	0
1510	0
1511	0
1512	0
1513	0
1514	0
1515	0
1516	0
1517	0
1518	0
1519	0
1520	0
1521	0
1522	0
1523	0
1524	0
1525	0
1526	0
1527	0
1528	0
1529	0
1530	0
1531	0
1532	0
1533	0
1534	0
1535	0
1536	0
1537	0
1538	0
1539	0
1540	0
1541	1
1542	0
1543	0
1544	0
1545	0
1546	0
1547	0
1548	0
1549	0
1550	0
1551	0
1552	0
1553	0
1554	0
1555	0
1556	0
1557	0
1558	0
1559	0
1560	0
1561	0
1562	0
1563	0
1564	0
1565	0
1566	0
1567	0
1568	0
1569	0
1570	0
1571	0
1572	0
1573	0
1574	0
1575	0
1576	0
1577	0
1578	0
1579	0
1580	0
1581	0
1582	0
1583	0
1584	0
1585	0
1586	0
1587	0
1588	0
1589	0
1590	0
1591	0
1592	0
1593	0
1594	0
1595	0
1596	0
1597	0
1598	0
1599	0
1600	0
1601	0
1602	0
1603	0
1604	0
1605	0
1606	0
1607	0
1608	0
1609	0
1610	0
1611	1
1612	0
1613	0
1614	0
1615	0
1616	0
1617	0
1618	0
1619	0
1620	0
1621	0
1622	0
1623	0
1624	0
1625	0
1626	0
1627	0
1628	0
1629	0
1630	0
1631	0
1632	0
1633	0
1634	0
1635	0
1636	0
1637	0
1638	0
1639	0
1640	0
1641	0
1642	0
1643	0
1644	0
1645	0
1646	0
1647	0
1648	0
1649	0
1650	0
1651	0
1652	0
1653	0
1654	0
1655	0
1656	0
1657	0
1658	0
1659	0
1660	0
1661	0
1662	0
1663	0
1664	0
1665	0
1666	0
1667	0
1668	0
1669	0
1670	0
1671	0
1672	0
1673	0
1674	0
1675	0
1676	0
1677	0
1678	0
1679	0
1680	0
1681	0
1682	0
1683	0
1684	0
1685	0
1686	0
1687	0
1688	0
1689	0
1690	0
1691	0
1692	0
1693	0
1694	0
1695	0
1696	0
1697	0
1698	0
1699	0
1700	0
1701	0
1702	0
1703	0
1704	0
1705	0
1706	0
1707	0
1708	0
1709	0
1710	0
1711	0
1712	1
1713	0
1714	0
1715	0
1716	0
1717	0
1718	0
1719	0
1720	0
1721	0
1722	0
1723	0
1724	0
1725	0
1726	0
1727	0
1728	0
1729	0
1730	0
1731	0
1732	0
1733	0
1734	0
1735	0
1736	0
1737	0
1738	0
1739	0
1740	0
1741	1
1742	0
1743	0
1744	0
1745	0
1746	0
1747	0
1748	0
1749	0
1750	0
1751	0
1752	0
1753	0
1754	0
1755	0
1756	0
1757	0
1758	0
1759	0
1760	0
1761	0
1762	0
1763	0
1764	0
1765	0
1766	0
1767	0
1768	0
1769	0
1770	0
1771	0
1772	0
1773	0
1774	0
1775	0
1776	0
1777	0
1778	0
1779	0
1780	0
1781	0
1782	0
1783	0
1784	0
1785	0
1786	0
1787	0
1788	0
1789	0
1790	0
1791	0
1792	0
1793	0
1794	0
1795	0
1796	0
1797	0
1798	0
1799	0
1800	0
1801	0
1802	0
1803	0
1804	0
1805	0
1806	0
1807	0
1808	0
1809	0
1810	0
1811	0
1812	0
1813	0
1814	0
1815	0
1816	0
1817	0
1818	0
1819	0
1820	0
1821	0
1822	0
1823	0
1824	0
1825	0
1826	0
1827	0
1828	0
1829	0
1830	0
1831	0
1832	0
1833	0
1834	0
1835	0
1836	0
1837	0
1838	1
1839	0
1840	0
1841	0
1842	0
1843	0
1844	0
1845	0
1846	0
1847	0
1848	0
1849	0
1850	0
1851	0
1852	0
1853	0
1854	0
1855	0
1856	0
1857	0
1858	0
1859	0
1860	0
1861	0
1862	0
1863	0
1864	0
1865	0
1866	0
1867	0
1868	0
1869	0
1870	0
1871	0
1872	0
1873	0
1874	0
1875	0
1876	0
1877	0
1878	0
1879	0
1880	0
1881	1
1882	0
1883	0
1884	0
1885	0
1886	0
1887	0
1888	0
1889	0
1890	0
1891	0
1892	1
1893	0
1894	0
1895	0
1896	0
1897	0
1898	0
1899	0
1900	0
1901	0
1902	0
1903	0
1904	0
1905	0
1906	0
1907	0
1908	0
1909	0
1910	0
1911	0
1912	0
1913	0
1914	1
1915	0
1916	0
1917	0
1918	0
1919	0
1920	0
1921	0
1922	0
1923	0
1924	0
1925	0
1926	0
1927	0
1928	0
1929	0
1930	0
1931	0
1932	0
1933	0
1934	0
1935	0
1936	1
1937	0
1938	0
1939	0
1940	0
1941	0
1942	0
1943	0
1944	0
1945	0
1946	0
1947	0
1948	0
1949	0
1950	0
1951	0
1952	0
1953	0
1954	0
1955	0
1956	0
1957	0
1958	0
1959	0
1960	0
1961	0
1962	0
1963	0
1964	0
1965	0
1966	0
1967	0
1968	0
1969	0
1970	0
1971	0
1972	0
1973	0
1974	0
1975	0
1976	0
1977	0
1978	0
1979	0
1980	0
1981	0
1982	0
1983	0
1984	0
1985	0
1986	0
1987	0
1988	0
1989	0
1990	0
1991	0
1992	0
1993	0
1994	0
1995	0
1996	0
1997	0
1998	0
1999	0
2000	0
2001	0
2002	0
2003	0
2004	0
2005	0
2006	0
2007	0
2008	0
2009	0
2010	0
2011	0
2012	0
2013	0
2014	0
2015	0
2016	0
2017	0
2018	0
2019	0
2020	0
2021	0
2022	0
2023	0
2024	0
2025	0
2026	0
2027	0
2028	0
2029	0
2030	0
2031	0
2032	0
2033	0
2034	0
2035	0
2036	0
2037	0
2038	0
2039	0
2040	0
2041	0
2042	0
2043	0
2044	0
2045	0
2046	0
2047	0
