0	0
1	0
2	0
3	0
4	0
5	0
6	0
7	0
8	0
9	0
10	0
11	25
12	248
13	1571
14	1471
15	542
16	402
17	332
18	385
19	369
20	375
21	430
22	397
23	424
24	505
25	616
26	839
27	1184
28	1746
29	2343
30	3130
31	3636
32	3704
33	3468
34	2753
35	2132
36	1533
37	1141
38	846
39	636
40	534
41	449
42	396
43	447
44	409
45	376
46	357
47	368
48	381
49	381
50	375
51	412
52	424
53	371
54	358
55	388
56	406
57	379
58	384
59	359
60	390
61	379
62	413
63	362
64	357
65	355
66	374
67	320
68	336
69	357
70	397
71	360
72	390
73	317
74	354
75	365
76	330
77	348
78	381
79	377
80	371
81	363
82	341
83	353
84	352
85	389
86	334
87	387
88	361
89	355
90	356
91	353
92	361
93	357
94	381
95	365
96	366
97	345
98	367
99	357
100	354
101	360
102	387
103	354
104	358
105	375
106	374
107	378
108	348
109	378
110	337
111	349
112	373
113	347
114	346
115	343
116	335
117	344
118	355
119	344
120	349
121	367
122	341
123	350
124	356
125	374
126	386
127	425
128	364
129	394
130	421
131	430
132	429
133	451
134	416
135	409
136	491
137	471
138	482
139	426
140	428
141	489
142	443
143	486
144	428
145	460
146	447
147	454
148	424
149	456
150	456
151	440
152	473
153	423
154	418
155	422
156	428
157	401
158	438
159	451
160	423
161	375
162	413
163	406
164	401
165	452
166	396
167	416
168	373
169	395
170	383
171	417
172	389
173	397
174	385
175	370
176	376
177	409
178	357
179	384
180	377
181	369
182	413
183	408
184	365
185	375
186	390
187	374
188	359
189	367
190	348
191	372
192	359
193	386
194	360
195	385
196	341
197	392
198	357
199	402
200	339
201	353
202	361
203	340
204	350
205	340
206	351
207	368
208	319
209	335
210	332
211	360
212	327
213	346
214	339
215	327
216	342
217	336
218	337
219	341
220	332
221	313
222	327
223	330
224	334
225	296
226	343
227	340
228	309
229	332
230	328
231	319
232	327
233	300
234	332
235	326
236	331
237	313
238	330
239	308
240	323
241	341
242	284
243	288
244	339
245	292
246	330
247	337
248	320
249	333
250	301
251	324
252	321
253	313
254	312
255	328
256	314
257	325
258	314
259	323
260	335
261	299
262	332
263	313
264	304
265	324
266	329
267	282
268	300
269	278
270	296
271	314
272	299
273	331
274	276
275	285
276	313
277	293
278	344
279	357
280	286
281	317
282	313
283	302
284	317
285	334
286	285
287	329
288	286
289	303
290	321
291	322
292	339
293	304
294	340
295	304
296	314
297	324
298	313
299	319
300	322
301	297
302	308
303	289
304	325
305	329
306	291
307	278
308	316
309	318
310	311
311	328
312	316
313	294
314	271
315	255
316	272
317	272
318	240
319	266
320	251
321	214
322	205
323	185
324	186
325	176
326	173
327	156
328	154
329	146
330	155
331	165
332	121
333	135
334	118
335	115
336	111
337	120
338	99
339	89
340	109
341	101
342	96
343	98
344	88
345	77
346	77
347	74
348	63
349	72
350	65
351	79
352	57
353	60
354	56
355	83
356	58
357	65
358	51
359	57
360	55
361	46
362	55
363	66
364	39
365	43
366	46
367	59
368	44
369	55
370	49
371	44
372	40
373	44
374	42
375	37
376	52
377	45
378	44
379	32
380	33
381	43
382	38
383	39
384	37
385	39
386	47
387	50
388	38
389	35
390	43
391	36
392	35
393	39
394	45
395	44
396	50
397	39
398	40
399	44
400	44
401	35
402	44
403	43
404	41
405	53
406	59
407	69
408	60
409	68
410	83
411	69
412	101
413	129
414	138
415	173
416	210
417	240
418	287
419	322
420	439
421	537
422	577
423	679
424	776
425	893
426	1040
427	1189
428	1365
429	1558
430	1727
431	1876
432	2053
433	2287
434	2533
435	2692
436	2839
437	2990
438	3246
439	3324
440	3497
441	3544
442	3638
443	3785
444	3803
445	3917
446	3763
447	3778
448	3764
449	3636
450	3435
451	3343
452	3094
453	2900
454	2875
455	2609
456	2559
457	2273
458	1998
459	1892
460	1714
461	1544
462	1387
463	1177
464	1035
465	899
466	810
467	690
468	602
469	510
470	404
471	383
472	333
473	271
474	231
475	204
476	195
477	160
478	143
479	131
480	125
481	112
482	97
483	87
484	82
485	92
486	54
487	78
488	73
489	49
490	48
491	52
492	44
493	45
494	52
495	59
496	51
497	58
498	57
499	49
500	62
501	60
502	53
503	40
504	42
505	43
506	52
507	46
508	42
509	52
510	39
511	50
512	39
513	35
514	42
515	44
516	34
517	43
518	53
519	37
520	41
521	51
522	42
523	36
524	31
525	48
526	51
527	46
528	35
529	35
530	36
531	37
532	37
533	28
534	27
535	25
536	35
537	39
538	35
539	39
540	33
541	40
542	44
543	44
544	33
545	28
546	22
547	51
548	44
549	42
550	36
551	35
552	44
553	38
554	30
555	43
556	36
557	35
558	46
559	36
560	43
561	37
562	40
563	51
564	46
565	44
566	30
567	45
568	40
569	44
570	41
571	32
572	29
573	33
574	43
575	34
576	42
577	43
578	50
579	49
580	43
581	35
582	38
583	47
584	30
585	34
586	35
587	40
588	42
589	26
590	41
591	43
592	32
593	24
594	31
595	47
596	45
597	29
598	38
599	29
600	37
601	30
602	25
603	34
604	38
605	30
606	39
607	45
608	30
609	29
610	34
611	27
612	29
613	31
614	24
615	26
616	31
617	33
618	40
619	26
620	25
621	25
622	19
623	26
624	25
625	23
626	33
627	34
628	24
629	35
630	32
631	28
632	37
633	29
634	25
635	30
636	16
637	28
638	17
639	33
640	24
641	27
642	31
643	31
644	30
645	25
646	25
647	22
648	32
649	29
650	24
651	23
652	32
653	27
654	27
655	22
656	25
657	22
658	24
659	32
660	21
661	19
662	20
663	33
664	27
665	16
666	24
667	26
668	26
669	26
670	14
671	23
672	25
673	20
674	27
675	20
676	22
677	27
678	32
679	22
680	20
681	15
682	25
683	16
684	10
685	19
686	15
687	26
688	19
689	19
690	22
691	29
692	26
693	24
694	24
695	17
696	20
697	20
698	25
699	23
700	19
701	18
702	14
703	20
704	14
705	26
706	9
707	16
708	14
709	22
710	19
711	17
712	22
713	15
714	14
715	19
716	13
717	16
718	18
719	18
720	18
721	23
722	18
723	16
724	19
725	14
726	18
727	13
728	21
729	14
730	9
731	13
732	13
733	21
734	21
735	19
736	18
737	21
738	15
739	8
740	16
741	16
742	16
743	14
744	14
745	16
746	12
747	13
748	12
749	8
750	21
751	16
752	8
753	14
754	13
755	13
756	12
757	14
758	9
759	12
760	9
761	8
762	17
763	8
764	15
765	12
766	11
767	14
768	17
769	18
770	15
771	13
772	10
773	9
774	14
775	11
776	16
777	7
778	13
779	12
780	9
781	12
782	12
783	14
784	14
785	12
786	11
787	11
788	8
789	16
790	12
791	12
792	23
793	13
794	10
795	14
796	7
797	13
798	14
799	10
800	20
801	12
802	16
803	6
804	10
805	16
806	8
807	16
808	11
809	11
810	14
811	11
812	14
813	15
814	15
815	8
816	14
817	12
818	17
819	13
820	15
821	7
822	14
823	14
824	23
825	14
826	15
827	14
828	13
829	16
830	14
831	16
832	18
833	25
834	20
835	23
836	19
837	13
838	12
839	20
840	15
841	18
842	13
843	25
844	20
845	14
846	17
847	21
848	17
849	13
850	11
851	18
852	13
853	24
854	18
855	16
856	15
857	25
858	19
859	19
860	16
861	12
862	28
863	15
864	22
865	31
866	20
867	27
868	28
869	19
870	30
871	12
872	28
873	18
874	22
875	17
876	15
877	26
878	26
879	23
880	23
881	20
882	19
883	21
884	19
885	19
886	25
887	21
888	17
889	14
890	23
891	14
892	14
893	12
894	12
895	9
896	8
897	3
898	10
899	12
900	11
901	8
902	7
903	8
904	12
905	3
906	7
907	5
908	9
909	10
910	4
911	5
912	5
913	3
914	4
915	0
916	1
917	3
918	5
919	2
920	1
921	3
922	3
923	1
924	1
925	1
926	2
927	0
928	0
929	4
930	3
931	3
932	1
933	2
934	0
935	1
936	1
937	2
938	1
939	2
940	1
941	0
942	1
943	1
944	2
945	1
946	2
947	0
948	0
949	0
950	1
951	3
952	2
953	1
954	0
955	3
956	0
957	3
958	1
959	2
960	0
961	3
962	1
963	0
964	1
965	1
966	0
967	1
968	0
969	1
970	0
971	0
972	1
973	1
974	1
975	0
976	1
977	0
978	1
979	2
980	1
981	0
982	0
983	0
984	2
985	0
986	1
987	1
988	1
989	2
990	0
991	1
992	3
993	2
994	2
995	2
996	1
997	0
998	3
999	2
1000	2
1001	2
1002	2
1003	1
1004	1
1005	0
1006	1
1007	1
1008	1
1009	0
1010	1
1011	0
1012	0
1013	0
1014	0
1015	1
1016	0
1017	0
1018	1
1019	0
1020	2
1021	1
1022	1
1023	1
1024	1
1025	0
1026	0
1027	1
1028	1
1029	0
1030	0
1031	1
1032	0
1033	1
1034	0
1035	0
1036	1
1037	0
1038	1
1039	1
1040	0
1041	1
1042	0
1043	1
1044	1
1045	3
1046	0
1047	1
1048	1
1049	0
1050	0
1051	0
1052	0
1053	0
1054	0
1055	0
1056	2
1057	1
1058	0
1059	1
1060	0
1061	3
1062	0
1063	0
1064	1
1065	1
1066	1
1067	0
1068	2
1069	1
1070	0
1071	0
1072	1
1073	0
1074	1
1075	1
1076	0
1077	0
1078	0
1079	1
1080	0
1081	0
1082	0
1083	0
1084	0
1085	0
1086	2
1087	1
1088	0
1089	0
1090	0
1091	4
1092	1
1093	1
1094	0
1095	0
1096	1
1097	0
1098	1
1099	0
1100	2
1101	0
1102	1
1103	0
1104	0
1105	0
1106	0
1107	1
1108	0
1109	0
1110	1
1111	0
1112	1
1113	0
1114	0
1115	0
1116	0
1117	1
1118	2
1119	1
1120	0
1121	0
1122	2
1123	0
1124	0
1125	0
1126	2
1127	0
1128	0
1129	0
1130	1
1131	1
1132	0
1133	0
1134	0
1135	1
1136	0
1137	0
1138	0
1139	0
1140	0
1141	1
1142	0
1143	0
1144	2
1145	0
1146	0
1147	0
1148	0
1149	0
1150	1
1151	0
1152	0
1153	1
1154	0
1155	0
1156	0
1157	0
1158	0
1159	0
1160	0
1161	0
1162	0
1163	0
1164	0
1165	0
1166	0
1167	0
1168	0
1169	0
1170	0
1171	1
1172	0
1173	0
1174	0
1175	0
1176	0
1177	0
1178	1
1179	0
1180	1
1181	1
1182	0
1183	0
1184	0
1185	0
1186	0
1187	0
1188	0
1189	0
1190	0
1191	0
1192	1
1193	1
1194	1
1195	0
1196	1
1197	1
1198	0
1199	1
1200	0
1201	0
1202	0
1203	0
1204	0
1205	0
1206	0
1207	0
1208	0
1209	0
1210	0
1211	1
1212	0
1213	1
1214	0
1215	0
1216	0
1217	1
1218	0
1219	0
1220	0
1221	0
1222	0
1223	0
1224	1
1225	0
1226	0
1227	1
1228	0
1229	0
1230	0
1231	1
1232	0
1233	0
1234	0
1235	1
1236	0
1237	0
1238	0
1239	0
1240	0
1241	0
1242	0
1243	0
1244	0
1245	0
1246	2
1247	0
1248	1
1249	1
1250	1
1251	0
1252	0
1253	0
1254	0
1255	0
1256	0
1257	0
1258	0
1259	0
1260	0
1261	0
1262	0
1263	0
1264	0
1265	0
1266	0
1267	0
1268	0
1269	0
1270	0
1271	0
1272	0
1273	0
1274	0
1275	0
1276	1
1277	0
1278	1
1279	1
1280	0
1281	0
1282	0
1283	0
1284	1
1285	0
1286	0
1287	0
1288	0
1289	0
1290	0
1291	0
1292	0
1293	0
1294	0
1295	0
1296	0
1297	0
1298	1
1299	0
1300	1
1301	1
1302	0
1303	0
1304	0
1305	0
1306	1
1307	0
1308	0
1309	1
1310	1
1311	0
1312	0
1313	0
1314	0
1315	0
1316	0
1317	0
1318	0
1319	0
1320	1
1321	1
1322	0
1323	0
1324	0
1325	0
1326	0
1327	0
1328	0
1329	0
1330	0
1331	0
1332	0
1333	0
1334	0
1335	0
1336	0
1337	0
1338	0
1339	0
1340	0
1341	0
1342	0
1343	0
1344	0
1345	0
1346	0
1347	0
1348	0
1349	0
1350	0
1351	0
1352	0
1353	0
1354	0
1355	0
1356	0
1357	0
1358	0
1359	0
1360	0
1361	0
1362	0
1363	0
1364	1
1365	0
1366	0
1367	0
1368	1
1369	0
1370	1
1371	0
1372	0
1373	0
1374	0
1375	0
1376	0
1377	0
1378	0
1379	0
1380	0
1381	0
1382	0
1383	0
1384	0
1385	0
1386	0
1387	0
1388	0
1389	0
1390	0
1391	0
1392	1
1393	0
1394	0
1395	0
1396	0
1397	0
1398	0
1399	0
1400	0
1401	0
1402	0
1403	0
1404	0
1405	0
1406	0
1407	0
1408	0
1409	0
1410	0
1411	0
1412	1
1413	0
1414	0
1415	0
1416	0
1417	0
1418	0
1419	0
1420	0
1421	0
1422	0
1423	0
1424	1
1425	0
1426	0
1427	0
1428	0
1429	0
1430	0
1431	0
1432	0
1433	0
1434	0
1435	0
1436	0
1437	0
1438	0
1439	0
1440	0
1441	0
1442	0
1443	0
1444	0
1445	0
1446	0
1447	0
1448	0
1449	0
1450	0
1451	0
1452	0
1453	0
1454	0
1455	0
1456	0
1457	0
1458	0
1459	0
1460	0
1461	0
1462	0
1463	0
1464	0
1465	0
1466	0
1467	0
1468	0
1469	0
1470	0
1471	0
1472	0
1473	0
1474	0
1475	0
1476	0
1477	0
1478	0
1479	0
1480	0
1481	0
1482	0
1483	0
1484	0
1485	0
1486	0
1487	0
1488	0
1489	0
1490	0
1491	0
1492	0
1493	0
1494	0
1495	0
1496	0
1497	0
1498	0
1499	0
1500	0
1501	0
1502	0
1503	0
1504	0
1505	0
1506	0
1507	0
1508	0
1509	0
1510	0
1511	0
1512	0
1513	0
1514	0
1515	0
1516	0
1517	0
1518	0
1519	0
1520	0
1521	0
1522	0
1523	0
1524	0
1525	0
1526	0
1527	0
1528	0
1529	0
1530	0
1531	0
1532	0
1533	0
1534	0
1535	0
1536	0
1537	0
1538	0
1539	0
1540	0
1541	0
1542	0
1543	0
1544	0
1545	0
1546	0
1547	0
1548	0
1549	0
1550	0
1551	0
1552	0
1553	0
1554	0
1555	0
1556	0
1557	0
1558	0
1559	0
1560	0
1561	0
1562	0
1563	0
1564	0
1565	0
1566	0
1567	0
1568	0
1569	0
1570	0
1571	0
1572	0
1573	0
1574	0
1575	0
1576	0
1577	0
1578	0
1579	0
1580	0
1581	0
1582	0
1583	0
1584	0
1585	0
1586	0
1587	0
1588	0
1589	0
1590	0
1591	0
1592	0
1593	0
1594	0
1595	0
1596	0
1597	0
1598	0
1599	0
1600	0
1601	0
1602	0
1603	0
1604	0
1605	0
1606	0
1607	0
1608	0
1609	0
1610	0
1611	0
1612	0
1613	0
1614	0
1615	0
1616	1
1617	0
1618	0
1619	0
1620	0
1621	0
1622	0
1623	0
1624	0
1625	0
1626	0
1627	0
1628	0
1629	0
1630	0
1631	0
1632	0
1633	0
1634	0
1635	0
1636	0
1637	0
1638	0
1639	0
1640	0
1641	0
1642	0
1643	0
1644	0
1645	0
1646	0
1647	0
1648	0
1649	0
1650	0
1651	0
1652	0
1653	0
1654	0
1655	0
1656	0
1657	0
1658	0
1659	0
1660	0
1661	0
1662	0
1663	0
1664	0
1665	0
1666	0
1667	0
1668	0
1669	0
1670	0
1671	0
1672	0
1673	0
1674	0
1675	0
1676	0
1677	0
1678	0
1679	0
1680	0
1681	0
1682	0
1683	0
1684	1
1685	0
1686	0
1687	0
1688	0
1689	0
1690	0
1691	0
1692	0
1693	0
1694	0
1695	0
1696	0
1697	0
1698	0
1699	0
1700	0
1701	0
1702	0
1703	0
1704	0
1705	0
1706	1
1707	0
1708	0
1709	0
1710	1
1711	0
1712	0
1713	0
1714	0
1715	1
1716	0
1717	0
1718	0
1719	0
1720	1
1721	0
1722	0
1723	0
1724	0
1725	0
1726	0
1727	0
1728	0
1729	0
1730	0
1731	0
1732	0
1733	0
1734	0
1735	0
1736	0
1737	0
1738	1
1739	0
1740	0
1741	0
1742	0
1743	0
1744	1
1745	0
1746	0
1747	0
1748	0
1749	0
1750	0
1751	0
1752	0
1753	0
1754	0
1755	0
1756	0
1757	0
1758	0
1759	0
1760	0
1761	0
1762	0
1763	0
1764	0
1765	0
1766	0
1767	0
1768	1
1769	0
1770	0
1771	0
1772	0
1773	0
1774	0
1775	0
1776	0
1777	0
1778	0
1779	0
1780	0
1781	0
1782	0
1783	0
1784	0
1785	0
1786	0
1787	0
1788	0
1789	0
1790	0
1791	0
1792	0
1793	0
1794	0
1795	0
1796	0
1797	0
1798	0
1799	0
1800	0
1801	0
1802	1
1803	0
1804	0
1805	0
1806	0
1807	0
1808	0
1809	0
1810	0
1811	0
1812	0
1813	0
1814	0
1815	0
1816	0
1817	0
1818	0
1819	0
1820	0
1821	0
1822	0
1823	0
1824	0
1825	0
1826	0
1827	0
1828	0
1829	0
1830	0
1831	0
1832	0
1833	0
1834	0
1835	0
1836	0
1837	0
1838	0
1839	0
1840	0
1841	0
1842	0
1843	0
1844	0
1845	0
1846	0
1847	0
1848	0
1849	0
1850	0
1851	0
1852	0
1853	0
1854	0
1855	0
1856	0
1857	0
1858	0
1859	0
1860	0
1861	0
1862	0
1863	0
1864	0
1865	0
1866	0
1867	0
1868	0
1869	0
1870	0
1871	0
1872	0
1873	0
1874	0
1875	0
1876	0
1877	0
1878	0
1879	0
1880	0
1881	0
1882	0
1883	0
1884	0
1885	0
1886	0
1887	0
1888	0
1889	0
1890	0
1891	1
1892	0
1893	0
1894	0
1895	0
1896	1
1897	0
1898	0
1899	0
1900	0
1901	0
1902	0
1903	0
1904	0
1905	0
1906	0
1907	0
1908	0
1909	0
1910	0
1911	0
1912	0
1913	0
1914	0
1915	0
1916	0
1917	0
1918	0
1919	0
1920	0
1921	0
1922	0
1923	0
1924	0
1925	0
1926	0
1927	0
1928	0
1929	0
1930	0
1931	0
1932	0
1933	0
1934	0
1935	0
1936	0
1937	0
1938	0
1939	0
1940	0
1941	0
1942	0
1943	0
1944	0
1945	0
1946	1
1947	0
1948	0
1949	0
1950	0
1951	0
1952	0
1953	0
1954	0
1955	0
1956	0
1957	0
1958	0
1959	0
1960	0
1961	0
1962	0
1963	0
1964	0
1965	0
1966	0
1967	0
1968	0
1969	0
1970	0
1971	0
1972	0
1973	0
1974	0
1975	0
1976	0
1977	0
1978	0
1979	0
1980	0
1981	0
1982	0
1983	0
1984	0
1985	0
1986	0
1987	0
1988	0
1989	0
1990	0
1991	0
1992	0
1993	0
1994	0
1995	0
1996	0
1997	0
1998	0
1999	0
2000	0
2001	0
2002	0
2003	0
2004	0
2005	0
2006	0
2007	0
2008	0
2009	0
2010	0
2011	0
2012	0
2013	0
2014	0
2015	0
2016	0
2017	0
2018	0
2019	0
2020	0
2021	0
2022	0
2023	0
2024	0
2025	0
2026	0
2027	0
2028	0
2029	0
2030	0
2031	0
2032	0
2033	0
2034	0
2035	0
2036	0
2037	0
2038	0
2039	0
2040	0
2041	0
2042	0
2043	0
2044	0
2045	0
2046	0
2047	0
