0	0
1	0
2	0
3	0
4	0
5	0
6	0
7	0
8	0
9	0
10	1
11	15
12	193
13	1101
14	706
15	291
16	242
17	235
18	242
19	209
20	243
21	229
22	228
23	221
24	208
25	223
26	221
27	208
28	216
29	209
30	223
31	213
32	224
33	235
34	208
35	214
36	249
37	239
38	226
39	243
40	246
41	248
42	210
43	208
44	217
45	199
46	225
47	214
48	238
49	217
50	242
51	243
52	261
53	221
54	236
55	211
56	214
57	228
58	218
59	234
60	210
61	230
62	246
63	199
64	220
65	224
66	217
67	210
68	235
69	225
70	230
71	248
72	221
73	215
74	218
75	199
76	222
77	199
78	215
79	232
80	198
81	221
82	222
83	219
84	237
85	211
86	239
87	204
88	189
89	210
90	221
91	209
92	231
93	230
94	208
95	190
96	228
97	222
98	238
99	194
100	216
101	202
102	202
103	197
104	223
105	216
106	183
107	229
108	196
109	203
110	203
111	201
112	198
113	234
114	208
115	242
116	206
117	180
118	231
119	196
120	202
121	221
122	238
123	201
124	257
125	219
126	248
127	219
128	220
129	256
130	250
131	249
132	226
133	217
134	228
135	249
136	235
137	240
138	254
139	265
140	224
141	250
142	257
143	250
144	243
145	238
146	238
147	223
148	258
149	245
150	212
151	224
152	254
153	232
154	220
155	253
156	246
157	218
158	236
159	239
160	230
161	235
162	226
163	223
164	228
165	230
166	233
167	195
168	225
169	208
170	191
171	225
172	230
173	226
174	233
175	227
176	215
177	219
178	205
179	221
180	225
181	201
182	191
183	210
184	194
185	201
186	208
187	216
188	211
189	224
190	200
191	189
192	208
193	188
194	205
195	219
196	197
197	214
198	206
199	216
200	193
201	196
202	202
203	195
204	224
205	213
206	222
207	209
208	207
209	218
210	193
211	168
212	210
213	209
214	212
215	208
216	189
217	206
218	199
219	191
220	189
221	216
222	192
223	186
224	181
225	205
226	181
227	171
228	162
229	161
230	137
231	127
232	155
233	159
234	128
235	128
236	144
237	141
238	119
239	125
240	104
241	112
242	107
243	90
244	114
245	91
246	100
247	75
248	96
249	86
250	91
251	93
252	76
253	85
254	86
255	82
256	75
257	76
258	82
259	71
260	81
261	74
262	84
263	73
264	75
265	74
266	76
267	70
268	67
269	83
270	87
271	70
272	63
273	65
274	65
275	72
276	76
277	63
278	60
279	73
280	60
281	68
282	91
283	64
284	70
285	66
286	60
287	60
288	57
289	67
290	68
291	73
292	63
293	73
294	52
295	78
296	74
297	85
298	63
299	67
300	75
301	72
302	79
303	73
304	72
305	59
306	61
307	67
308	68
309	77
310	61
311	79
312	69
313	67
314	92
315	95
316	89
317	105
318	122
319	168
320	174
321	193
322	210
323	256
324	323
325	404
326	468
327	558
328	581
329	742
330	779
331	980
332	1069
333	1220
334	1358
335	1537
336	1626
337	1852
338	1982
339	2123
340	2210
341	2319
342	2403
343	2466
344	2596
345	2594
346	2588
347	2532
348	2471
349	2450
350	2255
351	2170
352	2043
353	1961
354	1696
355	1601
356	1508
357	1323
358	1159
359	1063
360	927
361	772
362	698
363	586
364	464
365	407
366	367
367	291
368	269
369	210
370	179
371	169
372	124
373	121
374	101
375	94
376	73
377	62
378	90
379	67
380	56
381	72
382	62
383	58
384	68
385	57
386	60
387	76
388	48
389	65
390	48
391	52
392	65
393	61
394	66
395	51
396	60
397	66
398	65
399	77
400	61
401	63
402	61
403	53
404	66
405	56
406	51
407	53
408	55
409	70
410	44
411	61
412	48
413	56
414	56
415	54
416	58
417	62
418	43
419	62
420	67
421	51
422	61
423	58
424	61
425	59
426	62
427	55
428	60
429	50
430	74
431	55
432	56
433	69
434	60
435	54
436	53
437	65
438	52
439	55
440	59
441	44
442	60
443	61
444	53
445	53
446	68
447	56
448	52
449	65
450	56
451	71
452	65
453	53
454	71
455	56
456	56
457	66
458	65
459	73
460	73
461	65
462	74
463	82
464	58
465	70
466	57
467	78
468	59
469	57
470	53
471	68
472	62
473	65
474	65
475	56
476	66
477	59
478	76
479	73
480	65
481	78
482	50
483	58
484	72
485	58
486	68
487	64
488	61
489	59
490	55
491	72
492	57
493	67
494	64
495	63
496	53
497	63
498	78
499	56
500	60
501	82
502	61
503	60
504	59
505	50
506	61
507	48
508	52
509	66
510	52
511	52
512	68
513	60
514	62
515	72
516	57
517	66
518	65
519	66
520	63
521	76
522	51
523	56
524	47
525	60
526	55
527	49
528	60
529	54
530	47
531	58
532	47
533	48
534	58
535	54
536	58
537	44
538	60
539	48
540	65
541	52
542	48
543	44
544	57
545	50
546	50
547	71
548	58
549	59
550	66
551	55
552	52
553	54
554	43
555	58
556	45
557	65
558	45
559	62
560	46
561	50
562	68
563	53
564	55
565	45
566	49
567	57
568	59
569	57
570	62
571	59
572	65
573	55
574	52
575	54
576	51
577	49
578	62
579	46
580	55
581	58
582	49
583	53
584	46
585	51
586	69
587	44
588	57
589	54
590	59
591	65
592	48
593	65
594	68
595	41
596	59
597	57
598	59
599	58
600	53
601	54
602	53
603	48
604	41
605	45
606	58
607	56
608	51
609	50
610	53
611	58
612	48
613	50
614	54
615	56
616	41
617	49
618	56
619	50
620	45
621	60
622	51
623	58
624	52
625	52
626	50
627	40
628	52
629	57
630	44
631	47
632	66
633	54
634	50
635	35
636	52
637	46
638	45
639	32
640	38
641	45
642	63
643	55
644	46
645	51
646	33
647	37
648	50
649	53
650	55
651	40
652	35
653	54
654	53
655	51
656	58
657	42
658	43
659	41
660	46
661	43
662	66
663	49
664	46
665	52
666	45
667	59
668	34
669	54
670	43
671	51
672	39
673	53
674	44
675	66
676	38
677	50
678	57
679	60
680	49
681	41
682	38
683	45
684	44
685	55
686	49
687	49
688	45
689	47
690	32
691	45
692	38
693	36
694	53
695	38
696	45
697	34
698	48
699	46
700	29
701	34
702	33
703	41
704	32
705	45
706	36
707	29
708	36
709	25
710	27
711	28
712	24
713	33
714	32
715	32
716	39
717	24
718	32
719	30
720	29
721	21
722	29
723	32
724	24
725	22
726	25
727	27
728	21
729	24
730	23
731	24
732	23
733	20
734	30
735	37
736	35
737	29
738	29
739	20
740	23
741	23
742	27
743	22
744	23
745	23
746	21
747	16
748	19
749	19
750	24
751	25
752	18
753	22
754	25
755	20
756	24
757	24
758	19
759	15
760	27
761	21
762	23
763	21
764	25
765	25
766	16
767	12
768	19
769	23
770	15
771	22
772	16
773	13
774	20
775	21
776	13
777	22
778	24
779	14
780	22
781	27
782	29
783	19
784	18
785	21
786	17
787	24
788	30
789	23
790	27
791	23
792	21
793	25
794	25
795	30
796	23
797	30
798	23
799	30
800	28
801	40
802	50
803	44
804	52
805	50
806	52
807	51
808	55
809	73
810	74
811	72
812	59
813	70
814	95
815	90
816	105
817	112
818	136
819	127
820	122
821	152
822	167
823	148
824	183
825	163
826	193
827	202
828	175
829	210
830	204
831	207
832	223
833	206
834	229
835	224
836	230
837	243
838	199
839	244
840	204
841	201
842	190
843	196
844	207
845	181
846	176
847	181
848	170
849	164
850	164
851	150
852	143
853	150
854	141
855	138
856	116
857	112
858	99
859	108
860	107
861	92
862	74
863	76
864	75
865	81
866	59
867	77
868	52
869	53
870	50
871	41
872	52
873	39
874	48
875	39
876	41
877	34
878	38
879	28
880	32
881	44
882	33
883	33
884	36
885	41
886	40
887	30
888	26
889	38
890	27
891	35
892	28
893	29
894	27
895	22
896	26
897	28
898	30
899	32
900	22
901	34
902	31
903	28
904	37
905	22
906	24
907	34
908	24
909	26
910	16
911	25
912	29
913	33
914	27
915	19
916	25
917	28
918	19
919	22
920	30
921	28
922	35
923	24
924	27
925	25
926	25
927	27
928	31
929	30
930	27
931	29
932	33
933	23
934	30
935	24
936	27
937	43
938	26
939	33
940	29
941	29
942	27
943	19
944	32
945	28
946	27
947	29
948	19
949	31
950	23
951	29
952	34
953	27
954	25
955	30
956	34
957	25
958	27
959	22
960	26
961	28
962	37
963	24
964	32
965	20
966	31
967	33
968	38
969	23
970	27
971	23
972	32
973	21
974	31
975	28
976	26
977	35
978	37
979	31
980	24
981	27
982	25
983	30
984	21
985	20
986	28
987	26
988	25
989	30
990	26
991	31
992	19
993	21
994	33
995	21
996	27
997	23
998	29
999	25
1000	27
1001	30
1002	36
1003	27
1004	20
1005	23
1006	30
1007	16
1008	28
1009	23
1010	28
1011	27
1012	33
1013	23
1014	20
1015	23
1016	24
1017	29
1018	31
1019	22
1020	16
1021	25
1022	23
1023	17
1024	26
1025	21
1026	20
1027	19
1028	22
1029	23
1030	22
1031	18
1032	28
1033	37
1034	21
1035	24
1036	21
1037	20
1038	19
1039	15
1040	13
1041	21
1042	17
1043	13
1044	16
1045	13
1046	23
1047	20
1048	15
1049	29
1050	18
1051	16
1052	23
1053	12
1054	11
1055	17
1056	12
1057	16
1058	16
1059	11
1060	18
1061	8
1062	20
1063	18
1064	14
1065	9
1066	11
1067	11
1068	9
1069	15
1070	10
1071	5
1072	15
1073	9
1074	11
1075	10
1076	15
1077	8
1078	6
1079	8
1080	7
1081	5
1082	11
1083	9
1084	9
1085	7
1086	8
1087	7
1088	10
1089	9
1090	10
1091	9
1092	6
1093	3
1094	6
1095	6
1096	5
1097	5
1098	6
1099	9
1100	6
1101	4
1102	6
1103	5
1104	4
1105	4
1106	3
1107	5
1108	12
1109	3
1110	4
1111	1
1112	2
1113	4
1114	1
1115	3
1116	5
1117	3
1118	3
1119	6
1120	5
1121	7
1122	4
1123	4
1124	4
1125	8
1126	3
1127	7
1128	11
1129	9
1130	9
1131	6
1132	4
1133	12
1134	9
1135	4
1136	8
1137	7
1138	13
1139	12
1140	15
1141	15
1142	17
1143	7
1144	20
1145	21
1146	21
1147	24
1148	26
1149	23
1150	33
1151	25
1152	31
1153	30
1154	35
1155	45
1156	35
1157	44
1158	46
1159	43
1160	49
1161	46
1162	48
1163	64
1164	67
1165	67
1166	64
1167	66
1168	78
1169	69
1170	77
1171	76
1172	75
1173	83
1174	73
1175	79
1176	83
1177	95
1178	77
1179	77
1180	86
1181	100
1182	78
1183	71
1184	77
1185	90
1186	82
1187	81
1188	91
1189	62
1190	77
1191	52
1192	66
1193	49
1194	63
1195	63
1196	54
1197	59
1198	35
1199	48
1200	62
1201	47
1202	49
1203	46
1204	34
1205	46
1206	35
1207	26
1208	32
1209	32
1210	26
1211	17
1212	19
1213	22
1214	18
1215	19
1216	22
1217	30
1218	12
1219	11
1220	13
1221	7
1222	4
1223	4
1224	12
1225	5
1226	3
1227	7
1228	5
1229	3
1230	10
1231	7
1232	2
1233	5
1234	5
1235	1
1236	3
1237	2
1238	2
1239	1
1240	4
1241	3
1242	2
1243	3
1244	3
1245	0
1246	1
1247	1
1248	3
1249	2
1250	1
1251	3
1252	0
1253	1
1254	3
1255	0
1256	2
1257	1
1258	0
1259	1
1260	1
1261	1
1262	0
1263	0
1264	1
1265	0
1266	0
1267	0
1268	3
1269	1
1270	1
1271	1
1272	1
1273	5
1274	1
1275	1
1276	0
1277	0
1278	0
1279	0
1280	3
1281	3
1282	1
1283	1
1284	2
1285	2
1286	2
1287	2
1288	2
1289	1
1290	0
1291	1
1292	4
1293	1
1294	1
1295	1
1296	0
1297	1
1298	1
1299	2
1300	0
1301	2
1302	1
1303	2
1304	0
1305	4
1306	1
1307	2
1308	3
1309	0
1310	0
1311	1
1312	0
1313	1
1314	1
1315	0
1316	2
1317	2
1318	2
1319	3
1320	0
1321	3
1322	4
1323	0
1324	1
1325	1
1326	2
1327	2
1328	2
1329	1
1330	3
1331	2
1332	1
1333	0
1334	1
1335	3
1336	0
1337	0
1338	2
1339	3
1340	0
1341	1
1342	1
1343	0
1344	3
1345	1
1346	0
1347	2
1348	1
1349	1
1350	2
1351	1
1352	3
1353	0
1354	0
1355	0
1356	0
1357	1
1358	1
1359	0
1360	2
1361	0
1362	0
1363	0
1364	2
1365	0
1366	0
1367	0
1368	0
1369	2
1370	1
1371	1
1372	0
1373	0
1374	1
1375	1
1376	0
1377	1
1378	1
1379	0
1380	0
1381	1
1382	3
1383	0
1384	0
1385	0
1386	0
1387	0
1388	1
1389	0
1390	0
1391	0
1392	0
1393	0
1394	1
1395	1
1396	0
1397	0
1398	1
1399	1
1400	1
1401	0
1402	0
1403	0
1404	1
1405	0
1406	0
1407	1
1408	0
1409	0
1410	0
1411	0
1412	0
1413	0
1414	2
1415	1
1416	0
1417	0
1418	0
1419	1
1420	0
1421	0
1422	2
1423	0
1424	2
1425	0
1426	0
1427	1
1428	0
1429	0
1430	0
1431	1
1432	0
1433	0
1434	1
1435	0
1436	0
1437	0
1438	0
1439	0
1440	0
1441	0
1442	0
1443	1
1444	0
1445	0
1446	0
1447	1
1448	0
1449	1
1450	1
1451	1
1452	0
1453	1
1454	0
1455	0
1456	1
1457	0
1458	0
1459	0
1460	1
1461	0
1462	0
1463	1
1464	0
1465	0
1466	1
1467	0
1468	1
1469	0
1470	0
1471	0
1472	1
1473	0
1474	0
1475	1
1476	1
1477	2
1478	1
1479	0
1480	0
1481	0
1482	1
1483	0
1484	1
1485	0
1486	0
1487	0
1488	0
1489	0
1490	0
1491	0
1492	1
1493	1
1494	1
1495	1
1496	0
1497	2
1498	0
1499	2
1500	1
1501	1
1502	2
1503	3
1504	0
1505	0
1506	1
1507	0
1508	0
1509	0
1510	0
1511	1
1512	0
1513	1
1514	0
1515	0
1516	1
1517	0
1518	0
1519	0
1520	1
1521	0
1522	2
1523	0
1524	1
1525	0
1526	0
1527	0
1528	0
1529	0
1530	0
1531	1
1532	0
1533	1
1534	0
1535	0
1536	0
1537	0
1538	1
1539	1
1540	1
1541	0
1542	0
1543	0
1544	0
1545	1
1546	0
1547	0
1548	0
1549	0
1550	0
1551	0
1552	0
1553	0
1554	0
1555	0
1556	0
1557	0
1558	0
1559	0
1560	1
1561	0
1562	1
1563	0
1564	0
1565	0
1566	0
1567	1
1568	0
1569	0
1570	0
1571	0
1572	1
1573	0
1574	0
1575	0
1576	0
1577	0
1578	0
1579	0
1580	0
1581	0
1582	0
1583	0
1584	0
1585	1
1586	0
1587	0
1588	0
1589	0
1590	0
1591	1
1592	0
1593	0
1594	0
1595	0
1596	0
1597	0
1598	0
1599	0
1600	0
1601	0
1602	0
1603	0
1604	0
1605	0
1606	0
1607	0
1608	0
1609	0
1610	0
1611	0
1612	0
1613	0
1614	0
1615	0
1616	0
1617	0
1618	0
1619	0
1620	0
1621	1
1622	0
1623	0
1624	0
1625	0
1626	0
1627	0
1628	0
1629	0
1630	0
1631	0
1632	0
1633	0
1634	0
1635	0
1636	0
1637	0
1638	0
1639	0
1640	0
1641	0
1642	1
1643	0
1644	0
1645	0
1646	0
1647	0
1648	0
1649	0
1650	0
1651	0
1652	0
1653	0
1654	0
1655	0
1656	0
1657	0
1658	0
1659	0
1660	0
1661	0
1662	0
1663	0
1664	0
1665	0
1666	0
1667	0
1668	0
1669	0
1670	0
1671	0
1672	0
1673	0
1674	0
1675	0
1676	0
1677	0
1678	0
1679	0
1680	0
1681	0
1682	1
1683	0
1684	0
1685	1
1686	0
1687	0
1688	0
1689	0
1690	0
1691	0
1692	0
1693	0
1694	0
1695	0
1696	0
1697	0
1698	0
1699	0
1700	0
1701	0
1702	0
1703	0
1704	0
1705	0
1706	0
1707	0
1708	0
1709	0
1710	0
1711	0
1712	0
1713	0
1714	0
1715	0
1716	0
1717	0
1718	0
1719	0
1720	0
1721	0
1722	0
1723	0
1724	0
1725	0
1726	0
1727	0
1728	1
1729	0
1730	0
1731	1
1732	0
1733	0
1734	0
1735	0
1736	0
1737	0
1738	0
1739	0
1740	0
1741	1
1742	0
1743	0
1744	0
1745	0
1746	0
1747	0
1748	0
1749	0
1750	0
1751	0
1752	0
1753	0
1754	0
1755	0
1756	0
1757	0
1758	1
1759	0
1760	0
1761	0
1762	0
1763	0
1764	0
1765	0
1766	0
1767	0
1768	0
1769	0
1770	0
1771	0
1772	0
1773	0
1774	0
1775	0
1776	0
1777	0
1778	0
1779	0
1780	0
1781	0
1782	0
1783	1
1784	0
1785	0
1786	0
1787	0
1788	0
1789	0
1790	0
1791	0
1792	0
1793	0
1794	1
1795	0
1796	0
1797	0
1798	0
1799	0
1800	0
1801	0
1802	0
1803	0
1804	0
1805	0
1806	0
1807	0
1808	0
1809	0
1810	0
1811	1
1812	0
1813	1
1814	0
1815	0
1816	0
1817	0
1818	0
1819	0
1820	0
1821	0
1822	0
1823	0
1824	0
1825	0
1826	0
1827	0
1828	0
1829	0
1830	0
1831	0
1832	0
1833	0
1834	0
1835	0
1836	0
1837	0
1838	0
1839	1
1840	0
1841	0
1842	0
1843	0
1844	0
1845	1
1846	0
1847	0
1848	0
1849	0
1850	0
1851	0
1852	0
1853	0
1854	0
1855	0
1856	0
1857	0
1858	0
1859	0
1860	0
1861	0
1862	0
1863	0
1864	0
1865	0
1866	0
1867	0
1868	0
1869	0
1870	0
1871	0
1872	1
1873	0
1874	0
1875	0
1876	0
1877	0
1878	0
1879	0
1880	0
1881	0
1882	0
1883	0
1884	0
1885	0
1886	0
1887	0
1888	0
1889	0
1890	0
1891	0
1892	0
1893	0
1894	0
1895	0
1896	0
1897	1
1898	0
1899	0
1900	0
1901	0
1902	0
1903	0
1904	0
1905	0
1906	0
1907	0
1908	0
1909	0
1910	0
1911	0
1912	0
1913	0
1914	0
1915	0
1916	0
1917	0
1918	0
1919	0
1920	0
1921	0
1922	0
1923	0
1924	0
1925	0
1926	0
1927	0
1928	0
1929	0
1930	0
1931	0
1932	0
1933	0
1934	0
1935	0
1936	0
1937	0
1938	0
1939	0
1940	0
1941	0
1942	0
1943	0
1944	0
1945	0
1946	0
1947	0
1948	0
1949	0
1950	0
1951	0
1952	0
1953	0
1954	0
1955	0
1956	0
1957	0
1958	1
1959	0
1960	0
1961	0
1962	0
1963	0
1964	0
1965	0
1966	0
1967	0
1968	0
1969	0
1970	0
1971	0
1972	0
1973	0
1974	0
1975	0
1976	0
1977	0
1978	0
1979	0
1980	0
1981	0
1982	0
1983	0
1984	0
1985	0
1986	0
1987	0
1988	0
1989	0
1990	0
1991	0
1992	0
1993	0
1994	0
1995	0
1996	0
1997	0
1998	0
1999	0
2000	0
2001	0
2002	0
2003	0
2004	0
2005	0
2006	0
2007	0
2008	0
2009	0
2010	0
2011	0
2012	0
2013	0
2014	0
2015	0
2016	0
2017	0
2018	0
2019	0
2020	0
2021	0
2022	0
2023	0
2024	0
2025	0
2026	0
2027	0
2028	0
2029	0
2030	0
2031	0
2032	0
2033	0
2034	0
2035	0
2036	0
2037	0
2038	0
2039	0
2040	0
2041	0
2042	0
2043	0
2044	0
2045	0
2046	0
2047	0
