0	0
1	0
2	0
3	0
4	0
5	0
6	0
7	0
8	0
9	0
10	0
11	11
12	148
13	1207
14	988
15	391
16	246
17	231
18	213
19	187
20	226
21	230
22	195
23	227
24	221
25	242
26	254
27	215
28	205
29	244
30	222
31	206
32	224
33	230
34	208
35	239
36	270
37	185
38	244
39	248
40	211
41	215
42	231
43	231
44	237
45	238
46	233
47	254
48	245
49	231
50	238
51	239
52	218
53	240
54	247
55	262
56	222
57	244
58	228
59	234
60	233
61	204
62	245
63	234
64	189
65	203
66	217
67	208
68	218
69	213
70	252
71	232
72	218
73	230
74	208
75	236
76	208
77	216
78	200
79	216
80	203
81	227
82	195
83	226
84	207
85	199
86	187
87	224
88	230
89	203
90	205
91	199
92	214
93	200
94	220
95	218
96	181
97	214
98	232
99	214
100	226
101	189
102	177
103	197
104	229
105	196
106	231
107	212
108	236
109	213
110	214
111	204
112	217
113	215
114	202
115	220
116	175
117	213
118	201
119	219
120	223
121	221
122	213
123	241
124	241
125	256
126	244
127	216
128	244
129	256
130	250
131	263
132	258
133	239
134	224
135	265
136	211
137	224
138	255
139	244
140	249
141	252
142	245
143	234
144	236
145	289
146	253
147	258
148	241
149	248
150	230
151	231
152	251
153	226
154	251
155	220
156	243
157	252
158	254
159	240
160	229
161	230
162	246
163	249
164	207
165	244
166	201
167	218
168	218
169	221
170	206
171	213
172	219
173	232
174	237
175	216
176	193
177	202
178	227
179	221
180	212
181	207
182	217
183	213
184	191
185	170
186	225
187	206
188	217
189	192
190	225
191	231
192	196
193	200
194	199
195	223
196	198
197	203
198	194
199	206
200	209
201	202
202	223
203	215
204	198
205	209
206	210
207	167
208	189
209	186
210	206
211	205
212	200
213	219
214	195
215	207
216	218
217	191
218	229
219	212
220	194
221	216
222	181
223	199
224	179
225	203
226	162
227	185
228	190
229	194
230	153
231	174
232	159
233	152
234	144
235	146
236	154
237	119
238	125
239	119
240	107
241	100
242	94
243	105
244	107
245	103
246	105
247	89
248	79
249	100
250	97
251	100
252	86
253	89
254	82
255	100
256	81
257	92
258	85
259	84
260	72
261	73
262	69
263	68
264	81
265	74
266	83
267	82
268	73
269	73
270	68
271	51
272	65
273	71
274	65
275	67
276	69
277	58
278	61
279	53
280	64
281	76
282	63
283	69
284	71
285	69
286	71
287	81
288	65
289	74
290	76
291	72
292	65
293	66
294	61
295	68
296	73
297	79
298	69
299	78
300	65
301	56
302	68
303	67
304	65
305	67
306	67
307	65
308	81
309	82
310	80
311	71
312	76
313	71
314	87
315	71
316	89
317	89
318	97
319	134
320	145
321	135
322	185
323	201
324	239
325	298
326	350
327	427
328	499
329	593
330	637
331	787
332	916
333	1094
334	1171
335	1365
336	1517
337	1609
338	1774
339	1927
340	2059
341	2217
342	2287
343	2409
344	2487
345	2624
346	2591
347	2551
348	2517
349	2451
350	2398
351	2387
352	2299
353	2189
354	2112
355	1875
356	1756
357	1585
358	1433
359	1249
360	1115
361	990
362	819
363	748
364	649
365	540
366	475
367	391
368	343
369	298
370	244
371	228
372	181
373	148
374	139
375	108
376	116
377	95
378	82
379	83
380	66
381	81
382	71
383	84
384	49
385	66
386	70
387	56
388	41
389	58
390	57
391	46
392	59
393	65
394	70
395	66
396	71
397	52
398	48
399	64
400	50
401	63
402	49
403	71
404	56
405	63
406	69
407	59
408	64
409	51
410	44
411	55
412	55
413	66
414	64
415	57
416	52
417	53
418	52
419	50
420	59
421	70
422	50
423	60
424	54
425	64
426	57
427	65
428	59
429	70
430	40
431	56
432	60
433	57
434	60
435	54
436	55
437	44
438	42
439	42
440	55
441	65
442	62
443	52
444	52
445	57
446	50
447	47
448	65
449	44
450	49
451	65
452	63
453	59
454	61
455	53
456	44
457	56
458	63
459	54
460	62
461	64
462	60
463	54
464	70
465	52
466	65
467	61
468	72
469	81
470	62
471	70
472	70
473	64
474	62
475	65
476	78
477	83
478	39
479	63
480	67
481	65
482	67
483	66
484	71
485	64
486	78
487	62
488	45
489	69
490	54
491	63
492	59
493	69
494	65
495	60
496	71
497	55
498	49
499	63
500	64
501	63
502	65
503	49
504	64
505	56
506	54
507	65
508	45
509	69
510	59
511	43
512	67
513	52
514	47
515	77
516	47
517	61
518	57
519	76
520	70
521	47
522	70
523	55
524	82
525	57
526	73
527	64
528	56
529	61
530	60
531	68
532	63
533	60
534	70
535	57
536	77
537	61
538	69
539	65
540	58
541	77
542	48
543	42
544	54
545	61
546	64
547	52
548	56
549	76
550	42
551	49
552	59
553	52
554	56
555	54
556	37
557	60
558	60
559	59
560	43
561	48
562	67
563	53
564	57
565	57
566	51
567	55
568	50
569	57
570	56
571	56
572	59
573	47
574	58
575	72
576	48
577	55
578	56
579	60
580	57
581	70
582	47
583	51
584	55
585	58
586	47
587	54
588	59
589	67
590	38
591	52
592	65
593	59
594	45
595	51
596	54
597	64
598	54
599	61
600	47
601	58
602	53
603	56
604	65
605	49
606	55
607	57
608	45
609	60
610	65
611	57
612	60
613	57
614	57
615	62
616	47
617	53
618	47
619	50
620	57
621	58
622	59
623	65
624	61
625	51
626	49
627	61
628	43
629	59
630	43
631	64
632	56
633	69
634	52
635	53
636	55
637	53
638	60
639	63
640	58
641	52
642	58
643	46
644	49
645	51
646	55
647	48
648	44
649	60
650	53
651	50
652	54
653	63
654	48
655	66
656	62
657	54
658	62
659	45
660	60
661	51
662	67
663	49
664	67
665	58
666	61
667	56
668	61
669	57
670	63
671	51
672	63
673	60
674	53
675	70
676	51
677	51
678	51
679	55
680	58
681	54
682	67
683	64
684	66
685	68
686	60
687	63
688	53
689	54
690	54
691	44
692	48
693	45
694	57
695	61
696	40
697	46
698	41
699	48
700	44
701	45
702	46
703	42
704	49
705	49
706	38
707	34
708	40
709	41
710	31
711	27
712	42
713	40
714	39
715	27
716	34
717	43
718	32
719	42
720	43
721	31
722	32
723	34
724	35
725	26
726	31
727	36
728	26
729	30
730	30
731	28
732	38
733	20
734	28
735	20
736	30
737	24
738	29
739	35
740	27
741	30
742	26
743	20
744	23
745	21
746	22
747	28
748	24
749	22
750	18
751	30
752	30
753	20
754	21
755	24
756	17
757	18
758	18
759	31
760	21
761	15
762	24
763	27
764	31
765	25
766	19
767	35
768	23
769	19
770	23
771	26
772	23
773	21
774	27
775	22
776	32
777	18
778	20
779	26
780	30
781	25
782	22
783	28
784	27
785	26
786	21
787	25
788	17
789	24
790	26
791	22
792	30
793	27
794	26
795	29
796	40
797	28
798	38
799	35
800	23
801	31
802	37
803	35
804	35
805	45
806	36
807	63
808	40
809	37
810	56
811	47
812	68
813	78
814	68
815	71
816	89
817	100
818	95
819	115
820	114
821	128
822	119
823	110
824	124
825	156
826	133
827	165
828	179
829	188
830	192
831	175
832	192
833	214
834	206
835	238
836	241
837	238
838	219
839	243
840	228
841	266
842	242
843	241
844	236
845	249
846	275
847	218
848	236
849	221
850	232
851	249
852	223
853	195
854	188
855	203
856	201
857	187
858	170
859	178
860	144
861	145
862	152
863	128
864	135
865	135
866	116
867	121
868	105
869	85
870	104
871	69
872	85
873	85
874	72
875	52
876	62
877	56
878	47
879	48
880	64
881	42
882	51
883	47
884	36
885	38
886	46
887	43
888	25
889	41
890	35
891	37
892	35
893	37
894	38
895	38
896	35
897	38
898	33
899	25
900	29
901	29
902	35
903	39
904	36
905	40
906	39
907	30
908	32
909	25
910	37
911	43
912	28
913	36
914	32
915	38
916	23
917	37
918	26
919	34
920	35
921	21
922	32
923	41
924	38
925	20
926	20
927	31
928	42
929	25
930	37
931	28
932	18
933	19
934	30
935	33
936	38
937	25
938	46
939	35
940	32
941	24
942	26
943	27
944	27
945	26
946	37
947	35
948	38
949	33
950	39
951	27
952	29
953	31
954	44
955	34
956	28
957	23
958	23
959	35
960	29
961	30
962	34
963	31
964	33
965	27
966	39
967	31
968	33
969	23
970	33
971	34
972	29
973	25
974	28
975	35
976	26
977	35
978	42
979	25
980	30
981	26
982	24
983	29
984	26
985	35
986	37
987	26
988	28
989	31
990	31
991	33
992	42
993	19
994	33
995	32
996	26
997	21
998	28
999	29
1000	18
1001	31
1002	34
1003	20
1004	32
1005	29
1006	29
1007	39
1008	40
1009	23
1010	22
1011	38
1012	31
1013	28
1014	27
1015	30
1016	33
1017	30
1018	35
1019	34
1020	23
1021	35
1022	25
1023	37
1024	29
1025	27
1026	33
1027	25
1028	29
1029	31
1030	21
1031	29
1032	29
1033	24
1034	26
1035	29
1036	24
1037	27
1038	26
1039	30
1040	28
1041	26
1042	20
1043	27
1044	29
1045	29
1046	13
1047	22
1048	24
1049	20
1050	23
1051	22
1052	19
1053	25
1054	34
1055	29
1056	14
1057	25
1058	22
1059	25
1060	17
1061	20
1062	20
1063	22
1064	18
1065	10
1066	18
1067	18
1068	12
1069	7
1070	16
1071	14
1072	17
1073	15
1074	16
1075	18
1076	19
1077	15
1078	14
1079	5
1080	16
1081	12
1082	8
1083	16
1084	11
1085	13
1086	13
1087	5
1088	9
1089	8
1090	7
1091	3
1092	9
1093	8
1094	3
1095	5
1096	8
1097	12
1098	13
1099	11
1100	7
1101	4
1102	9
1103	6
1104	5
1105	8
1106	6
1107	7
1108	4
1109	3
1110	6
1111	6
1112	9
1113	10
1114	7
1115	8
1116	2
1117	0
1118	4
1119	7
1120	5
1121	2
1122	7
1123	6
1124	3
1125	7
1126	8
1127	6
1128	6
1129	7
1130	7
1131	7
1132	8
1133	5
1134	8
1135	9
1136	6
1137	5
1138	3
1139	12
1140	3
1141	12
1142	8
1143	12
1144	10
1145	8
1146	17
1147	7
1148	10
1149	13
1150	17
1151	17
1152	16
1153	15
1154	12
1155	17
1156	27
1157	25
1158	28
1159	36
1160	31
1161	33
1162	28
1163	48
1164	43
1165	43
1166	39
1167	53
1168	67
1169	68
1170	65
1171	58
1172	61
1173	76
1174	64
1175	67
1176	75
1177	71
1178	89
1179	62
1180	81
1181	85
1182	83
1183	106
1184	72
1185	87
1186	81
1187	86
1188	94
1189	84
1190	87
1191	90
1192	96
1193	98
1194	93
1195	98
1196	90
1197	79
1198	82
1199	86
1200	80
1201	85
1202	87
1203	97
1204	54
1205	69
1206	73
1207	62
1208	67
1209	53
1210	72
1211	45
1212	62
1213	42
1214	44
1215	47
1216	42
1217	53
1218	39
1219	32
1220	28
1221	25
1222	31
1223	26
1224	34
1225	25
1226	19
1227	25
1228	24
1229	14
1230	22
1231	10
1232	10
1233	15
1234	10
1235	8
1236	9
1237	6
1238	6
1239	12
1240	2
1241	6
1242	4
1243	4
1244	3
1245	6
1246	4
1247	4
1248	5
1249	1
1250	2
1251	6
1252	3
1253	3
1254	1
1255	3
1256	4
1257	5
1258	1
1259	2
1260	4
1261	1
1262	1
1263	1
1264	1
1265	0
1266	2
1267	1
1268	1
1269	1
1270	5
1271	1
1272	2
1273	3
1274	1
1275	1
1276	0
1277	3
1278	1
1279	1
1280	1
1281	0
1282	2
1283	1
1284	0
1285	1
1286	1
1287	1
1288	3
1289	3
1290	2
1291	1
1292	2
1293	2
1294	2
1295	1
1296	0
1297	2
1298	0
1299	2
1300	1
1301	0
1302	2
1303	1
1304	2
1305	2
1306	5
1307	0
1308	1
1309	2
1310	1
1311	2
1312	2
1313	0
1314	1
1315	0
1316	1
1317	0
1318	2
1319	4
1320	1
1321	3
1322	1
1323	1
1324	4
1325	1
1326	0
1327	0
1328	0
1329	2
1330	2
1331	1
1332	0
1333	1
1334	2
1335	1
1336	1
1337	0
1338	1
1339	0
1340	0
1341	2
1342	1
1343	0
1344	1
1345	1
1346	3
1347	1
1348	0
1349	2
1350	0
1351	6
1352	1
1353	0
1354	0
1355	2
1356	1
1357	0
1358	0
1359	0
1360	1
1361	0
1362	1
1363	1
1364	1
1365	0
1366	1
1367	0
1368	0
1369	1
1370	3
1371	1
1372	4
1373	0
1374	0
1375	0
1376	0
1377	1
1378	0
1379	0
1380	1
1381	0
1382	1
1383	1
1384	2
1385	0
1386	2
1387	0
1388	3
1389	1
1390	0
1391	1
1392	1
1393	1
1394	0
1395	0
1396	0
1397	0
1398	0
1399	0
1400	0
1401	0
1402	2
1403	0
1404	0
1405	0
1406	0
1407	0
1408	0
1409	1
1410	0
1411	1
1412	1
1413	0
1414	1
1415	0
1416	2
1417	0
1418	0
1419	1
1420	0
1421	0
1422	1
1423	0
1424	0
1425	0
1426	1
1427	0
1428	4
1429	0
1430	1
1431	2
1432	0
1433	0
1434	0
1435	0
1436	1
1437	0
1438	1
1439	0
1440	0
1441	2
1442	0
1443	0
1444	0
1445	2
1446	0
1447	1
1448	2
1449	0
1450	1
1451	0
1452	1
1453	2
1454	0
1455	0
1456	0
1457	1
1458	2
1459	0
1460	2
1461	0
1462	0
1463	0
1464	0
1465	0
1466	0
1467	0
1468	0
1469	0
1470	1
1471	0
1472	1
1473	1
1474	0
1475	0
1476	0
1477	1
1478	1
1479	1
1480	0
1481	0
1482	2
1483	0
1484	0
1485	0
1486	1
1487	0
1488	1
1489	0
1490	0
1491	1
1492	1
1493	0
1494	0
1495	0
1496	0
1497	0
1498	1
1499	0
1500	0
1501	1
1502	0
1503	0
1504	0
1505	0
1506	0
1507	0
1508	0
1509	0
1510	1
1511	2
1512	1
1513	0
1514	0
1515	0
1516	1
1517	0
1518	0
1519	1
1520	0
1521	0
1522	1
1523	1
1524	0
1525	0
1526	0
1527	1
1528	0
1529	0
1530	0
1531	1
1532	1
1533	2
1534	0
1535	1
1536	1
1537	0
1538	0
1539	0
1540	0
1541	1
1542	0
1543	1
1544	0
1545	1
1546	1
1547	0
1548	0
1549	0
1550	2
1551	1
1552	2
1553	0
1554	0
1555	0
1556	1
1557	0
1558	0
1559	1
1560	0
1561	1
1562	0
1563	0
1564	0
1565	0
1566	0
1567	0
1568	1
1569	0
1570	1
1571	0
1572	1
1573	0
1574	0
1575	0
1576	1
1577	0
1578	0
1579	1
1580	1
1581	1
1582	0
1583	0
1584	0
1585	0
1586	0
1587	1
1588	0
1589	0
1590	0
1591	0
1592	1
1593	0
1594	1
1595	0
1596	0
1597	0
1598	0
1599	0
1600	1
1601	0
1602	0
1603	1
1604	0
1605	1
1606	1
1607	0
1608	1
1609	0
1610	0
1611	0
1612	0
1613	0
1614	0
1615	0
1616	0
1617	0
1618	0
1619	0
1620	0
1621	0
1622	0
1623	0
1624	0
1625	0
1626	0
1627	1
1628	0
1629	0
1630	0
1631	0
1632	0
1633	0
1634	0
1635	0
1636	0
1637	0
1638	1
1639	1
1640	0
1641	0
1642	0
1643	1
1644	0
1645	0
1646	0
1647	1
1648	1
1649	1
1650	0
1651	1
1652	0
1653	1
1654	0
1655	1
1656	0
1657	0
1658	0
1659	0
1660	0
1661	0
1662	0
1663	0
1664	0
1665	0
1666	0
1667	0
1668	0
1669	0
1670	0
1671	0
1672	0
1673	0
1674	0
1675	1
1676	0
1677	0
1678	1
1679	0
1680	0
1681	1
1682	0
1683	1
1684	0
1685	1
1686	0
1687	0
1688	0
1689	0
1690	0
1691	0
1692	0
1693	0
1694	0
1695	0
1696	0
1697	0
1698	0
1699	0
1700	0
1701	0
1702	0
1703	0
1704	2
1705	0
1706	1
1707	0
1708	0
1709	0
1710	0
1711	2
1712	0
1713	0
1714	0
1715	0
1716	0
1717	1
1718	1
1719	0
1720	0
1721	0
1722	0
1723	0
1724	0
1725	0
1726	0
1727	0
1728	0
1729	1
1730	0
1731	0
1732	0
1733	1
1734	1
1735	0
1736	0
1737	0
1738	0
1739	0
1740	1
1741	0
1742	0
1743	0
1744	0
1745	0
1746	0
1747	0
1748	0
1749	0
1750	0
1751	0
1752	0
1753	0
1754	0
1755	0
1756	0
1757	0
1758	0
1759	0
1760	0
1761	0
1762	0
1763	0
1764	0
1765	0
1766	0
1767	1
1768	0
1769	0
1770	0
1771	0
1772	1
1773	0
1774	0
1775	1
1776	0
1777	0
1778	0
1779	0
1780	0
1781	0
1782	0
1783	0
1784	0
1785	0
1786	0
1787	0
1788	0
1789	0
1790	0
1791	0
1792	0
1793	0
1794	1
1795	0
1796	0
1797	0
1798	0
1799	0
1800	0
1801	0
1802	0
1803	1
1804	0
1805	0
1806	1
1807	0
1808	0
1809	0
1810	0
1811	0
1812	0
1813	0
1814	0
1815	0
1816	0
1817	0
1818	0
1819	0
1820	0
1821	0
1822	0
1823	0
1824	0
1825	0
1826	1
1827	0
1828	1
1829	0
1830	0
1831	0
1832	0
1833	0
1834	0
1835	0
1836	0
1837	0
1838	0
1839	0
1840	0
1841	0
1842	0
1843	0
1844	0
1845	0
1846	0
1847	0
1848	0
1849	0
1850	0
1851	0
1852	0
1853	0
1854	0
1855	0
1856	0
1857	0
1858	0
1859	0
1860	0
1861	0
1862	0
1863	0
1864	0
1865	0
1866	0
1867	1
1868	0
1869	0
1870	0
1871	0
1872	0
1873	0
1874	0
1875	0
1876	0
1877	0
1878	0
1879	0
1880	0
1881	0
1882	1
1883	0
1884	0
1885	0
1886	0
1887	0
1888	0
1889	0
1890	0
1891	0
1892	1
1893	0
1894	0
1895	0
1896	0
1897	0
1898	0
1899	0
1900	0
1901	0
1902	0
1903	1
1904	0
1905	0
1906	0
1907	0
1908	1
1909	0
1910	0
1911	0
1912	0
1913	0
1914	0
1915	0
1916	0
1917	0
1918	0
1919	0
1920	0
1921	0
1922	0
1923	2
1924	0
1925	0
1926	0
1927	0
1928	0
1929	0
1930	0
1931	0
1932	0
1933	0
1934	0
1935	0
1936	0
1937	0
1938	0
1939	0
1940	0
1941	0
1942	0
1943	0
1944	1
1945	0
1946	0
1947	0
1948	0
1949	0
1950	1
1951	0
1952	0
1953	0
1954	0
1955	0
1956	0
1957	0
1958	0
1959	0
1960	0
1961	0
1962	0
1963	1
1964	0
1965	0
1966	0
1967	0
1968	0
1969	0
1970	0
1971	0
1972	0
1973	0
1974	0
1975	0
1976	0
1977	0
1978	0
1979	0
1980	0
1981	0
1982	0
1983	0
1984	0
1985	1
1986	0
1987	0
1988	0
1989	0
1990	0
1991	0
1992	0
1993	0
1994	0
1995	0
1996	0
1997	0
1998	0
1999	0
2000	0
2001	0
2002	0
2003	0
2004	0
2005	0
2006	0
2007	0
2008	0
2009	0
2010	0
2011	1
2012	0
2013	0
2014	0
2015	0
2016	0
2017	0
2018	0
2019	0
2020	0
2021	0
2022	0
2023	0
2024	0
2025	0
2026	0
2027	0
2028	0
2029	0
2030	0
2031	0
2032	0
2033	0
2034	0
2035	0
2036	0
2037	0
2038	0
2039	0
2040	0
2041	0
2042	0
2043	0
2044	0
2045	0
2046	0
2047	0
