0	0
1	0
2	0
3	0
4	0
5	0
6	0
7	0
8	0
9	0
10	0
11	5
12	62
13	779
14	706
15	321
16	247
17	189
18	224
19	223
20	207
21	237
22	216
23	211
24	239
25	212
26	228
27	220
28	245
29	245
30	242
31	211
32	216
33	223
34	221
35	224
36	236
37	223
38	240
39	249
40	245
41	271
42	242
43	226
44	248
45	218
46	227
47	229
48	214
49	226
50	242
51	217
52	232
53	229
54	219
55	221
56	217
57	249
58	227
59	227
60	212
61	213
62	218
63	228
64	247
65	227
66	211
67	230
68	254
69	247
70	193
71	219
72	236
73	197
74	214
75	200
76	223
77	206
78	169
79	236
80	228
81	191
82	232
83	200
84	231
85	201
86	223
87	226
88	232
89	208
90	205
91	203
92	238
93	224
94	225
95	212
96	189
97	195
98	205
99	225
100	190
101	220
102	203
103	187
104	181
105	212
106	196
107	196
108	207
109	196
110	195
111	239
112	200
113	216
114	208
115	221
116	197
117	207
118	214
119	214
120	225
121	217
122	229
123	241
124	237
125	223
126	250
127	243
128	267
129	218
130	235
131	265
132	276
133	256
134	237
135	250
136	258
137	276
138	245
139	272
140	261
141	261
142	258
143	257
144	234
145	234
146	232
147	236
148	230
149	231
150	242
151	249
152	229
153	207
154	233
155	239
156	229
157	258
158	209
159	221
160	255
161	234
162	222
163	213
164	240
165	214
166	253
167	227
168	236
169	212
170	239
171	224
172	213
173	235
174	222
175	248
176	207
177	201
178	211
179	250
180	212
181	228
182	192
183	204
184	207
185	228
186	221
187	222
188	194
189	205
190	233
191	213
192	222
193	204
194	231
195	247
196	208
197	187
198	188
199	219
200	188
201	221
202	214
203	227
204	202
205	215
206	198
207	219
208	221
209	195
210	236
211	198
212	210
213	216
214	214
215	198
216	185
217	201
218	213
219	225
220	182
221	202
222	185
223	206
224	191
225	184
226	178
227	192
228	156
229	189
230	160
231	150
232	146
233	148
234	140
235	133
236	141
237	128
238	138
239	119
240	123
241	97
242	112
243	98
244	110
245	85
246	93
247	96
248	104
249	92
250	91
251	95
252	93
253	83
254	100
255	77
256	78
257	83
258	78
259	89
260	81
261	103
262	68
263	65
264	90
265	76
266	63
267	59
268	66
269	72
270	78
271	73
272	78
273	77
274	78
275	69
276	75
277	77
278	60
279	66
280	59
281	86
282	57
283	87
284	61
285	84
286	68
287	92
288	79
289	69
290	81
291	69
292	75
293	75
294	54
295	57
296	72
297	69
298	64
299	81
300	57
301	72
302	53
303	83
304	62
305	56
306	69
307	76
308	60
309	67
310	66
311	65
312	81
313	85
314	89
315	89
316	96
317	124
318	125
319	127
320	168
321	176
322	225
323	262
324	314
325	359
326	423
327	502
328	581
329	708
330	792
331	957
332	1069
333	1257
334	1408
335	1527
336	1703
337	1789
338	1955
339	2149
340	2156
341	2407
342	2456
343	2555
344	2589
345	2668
346	2634
347	2586
348	2584
349	2496
350	2349
351	2291
352	2147
353	1959
354	1850
355	1739
356	1521
357	1399
358	1186
359	1054
360	927
361	806
362	689
363	617
364	477
365	458
366	364
367	332
368	286
369	223
370	169
371	150
372	125
373	124
374	111
375	103
376	87
377	83
378	67
379	73
380	72
381	71
382	67
383	61
384	62
385	61
386	70
387	64
388	62
389	58
390	63
391	59
392	57
393	67
394	63
395	57
396	58
397	56
398	45
399	67
400	57
401	60
402	55
403	53
404	55
405	54
406	63
407	65
408	60
409	60
410	64
411	66
412	72
413	66
414	52
415	58
416	60
417	52
418	48
419	57
420	47
421	51
422	54
423	61
424	51
425	72
426	47
427	58
428	61
429	58
430	60
431	63
432	65
433	54
434	53
435	45
436	57
437	51
438	64
439	58
440	59
441	69
442	50
443	56
444	58
445	44
446	47
447	59
448	56
449	65
450	52
451	66
452	59
453	63
454	56
455	67
456	67
457	47
458	57
459	61
460	60
461	83
462	74
463	61
464	73
465	55
466	58
467	73
468	60
469	58
470	71
471	58
472	61
473	58
474	54
475	69
476	67
477	61
478	57
479	69
480	71
481	57
482	70
483	71
484	58
485	56
486	71
487	64
488	56
489	63
490	71
491	52
492	81
493	67
494	71
495	78
496	75
497	73
498	76
499	65
500	65
501	61
502	69
503	60
504	68
505	67
506	80
507	64
508	57
509	62
510	59
511	47
512	57
513	61
514	49
515	71
516	60
517	58
518	76
519	58
520	57
521	53
522	60
523	58
524	57
525	62
526	42
527	65
528	71
529	68
530	47
531	69
532	69
533	57
534	61
535	48
536	52
537	61
538	58
539	48
540	55
541	63
542	56
543	65
544	45
545	56
546	63
547	54
548	57
549	51
550	56
551	44
552	53
553	51
554	46
555	58
556	41
557	52
558	60
559	54
560	51
561	66
562	46
563	64
564	56
565	47
566	63
567	55
568	58
569	54
570	44
571	58
572	47
573	57
574	46
575	55
576	48
577	55
578	53
579	63
580	56
581	45
582	53
583	62
584	61
585	54
586	60
587	54
588	71
589	56
590	60
591	62
592	48
593	72
594	53
595	43
596	52
597	55
598	57
599	64
600	52
601	57
602	50
603	56
604	56
605	48
606	52
607	54
608	54
609	57
610	57
611	62
612	72
613	63
614	60
615	66
616	50
617	56
618	53
619	64
620	56
621	59
622	48
623	65
624	61
625	69
626	66
627	60
628	56
629	53
630	48
631	43
632	55
633	64
634	56
635	54
636	54
637	58
638	55
639	47
640	52
641	64
642	52
643	63
644	49
645	41
646	51
647	51
648	66
649	60
650	40
651	59
652	68
653	54
654	61
655	66
656	50
657	55
658	62
659	46
660	70
661	47
662	52
663	52
664	61
665	65
666	46
667	63
668	59
669	54
670	65
671	54
672	59
673	72
674	61
675	74
676	38
677	65
678	59
679	55
680	61
681	68
682	55
683	45
684	52
685	56
686	45
687	46
688	41
689	42
690	40
691	64
692	55
693	38
694	39
695	45
696	52
697	50
698	55
699	49
700	41
701	35
702	42
703	44
704	34
705	44
706	48
707	46
708	50
709	27
710	33
711	50
712	44
713	42
714	36
715	45
716	39
717	25
718	26
719	26
720	40
721	24
722	33
723	36
724	30
725	34
726	29
727	30
728	41
729	28
730	38
731	31
732	23
733	33
734	22
735	25
736	26
737	20
738	24
739	34
740	21
741	30
742	31
743	30
744	29
745	32
746	23
747	37
748	31
749	26
750	25
751	30
752	24
753	21
754	26
755	28
756	30
757	32
758	21
759	22
760	37
761	24
762	19
763	20
764	28
765	30
766	19
767	29
768	22
769	24
770	24
771	25
772	21
773	22
774	25
775	28
776	26
777	16
778	30
779	29
780	18
781	25
782	28
783	35
784	21
785	27
786	25
787	18
788	30
789	25
790	25
791	23
792	26
793	23
794	25
795	32
796	31
797	37
798	28
799	28
800	37
801	31
802	48
803	40
804	39
805	39
806	54
807	53
808	41
809	57
810	57
811	69
812	81
813	70
814	76
815	98
816	99
817	97
818	113
819	116
820	119
821	115
822	155
823	170
824	150
825	139
826	172
827	155
828	176
829	225
830	206
831	202
832	191
833	212
834	218
835	248
836	235
837	251
838	247
839	251
840	216
841	211
842	268
843	210
844	227
845	265
846	257
847	233
848	241
849	226
850	202
851	202
852	195
853	218
854	174
855	191
856	197
857	154
858	128
859	142
860	115
861	168
862	145
863	132
864	133
865	114
866	96
867	79
868	95
869	93
870	62
871	43
872	76
873	49
874	71
875	64
876	59
877	42
878	55
879	43
880	52
881	44
882	41
883	39
884	42
885	54
886	28
887	52
888	38
889	37
890	37
891	35
892	33
893	34
894	36
895	35
896	29
897	29
898	40
899	26
900	33
901	29
902	31
903	30
904	35
905	23
906	32
907	35
908	45
909	35
910	33
911	40
912	27
913	29
914	26
915	39
916	28
917	31
918	30
919	27
920	37
921	32
922	30
923	41
924	40
925	22
926	34
927	35
928	33
929	33
930	32
931	31
932	42
933	32
934	32
935	26
936	20
937	41
938	25
939	29
940	31
941	28
942	35
943	37
944	25
945	38
946	34
947	42
948	32
949	29
950	26
951	24
952	34
953	24
954	34
955	34
956	31
957	34
958	23
959	33
960	32
961	25
962	28
963	34
964	30
965	29
966	30
967	34
968	31
969	30
970	33
971	40
972	32
973	33
974	28
975	35
976	38
977	31
978	40
979	33
980	32
981	38
982	39
983	37
984	35
985	34
986	37
987	26
988	31
989	21
990	40
991	32
992	34
993	35
994	33
995	22
996	32
997	30
998	31
999	36
1000	32
1001	23
1002	31
1003	28
1004	26
1005	24
1006	19
1007	34
1008	21
1009	20
1010	25
1011	30
1012	34
1013	29
1014	20
1015	25
1016	21
1017	23
1018	22
1019	24
1020	29
1021	22
1022	36
1023	25
1024	17
1025	26
1026	28
1027	20
1028	34
1029	24
1030	22
1031	19
1032	26
1033	42
1034	18
1035	23
1036	26
1037	28
1038	14
1039	26
1040	30
1041	19
1042	16
1043	25
1044	24
1045	21
1046	26
1047	29
1048	14
1049	15
1050	20
1051	28
1052	13
1053	19
1054	14
1055	19
1056	19
1057	17
1058	28
1059	17
1060	19
1061	20
1062	12
1063	13
1064	14
1065	21
1066	12
1067	16
1068	14
1069	14
1070	19
1071	18
1072	18
1073	11
1074	14
1075	13
1076	12
1077	13
1078	9
1079	5
1080	11
1081	9
1082	14
1083	10
1084	12
1085	6
1086	11
1087	13
1088	8
1089	12
1090	13
1091	4
1092	8
1093	10
1094	4
1095	7
1096	6
1097	11
1098	5
1099	10
1100	8
1101	9
1102	9
1103	5
1104	7
1105	7
1106	6
1107	6
1108	3
1109	5
1110	4
1111	1
1112	8
1113	5
1114	3
1115	2
1116	3
1117	4
1118	6
1119	8
1120	8
1121	6
1122	5
1123	7
1124	3
1125	5
1126	2
1127	8
1128	6
1129	7
1130	6
1131	6
1132	6
1133	5
1134	8
1135	5
1136	11
1137	5
1138	4
1139	10
1140	7
1141	10
1142	17
1143	8
1144	14
1145	9
1146	14
1147	20
1148	12
1149	15
1150	19
1151	23
1152	13
1153	17
1154	24
1155	24
1156	27
1157	32
1158	26
1159	39
1160	26
1161	41
1162	31
1163	45
1164	53
1165	38
1166	40
1167	45
1168	62
1169	53
1170	58
1171	69
1172	69
1173	75
1174	70
1175	64
1176	79
1177	85
1178	78
1179	71
1180	69
1181	80
1182	90
1183	78
1184	92
1185	83
1186	80
1187	94
1188	102
1189	82
1190	88
1191	83
1192	70
1193	81
1194	94
1195	91
1196	78
1197	80
1198	66
1199	81
1200	84
1201	66
1202	65
1203	67
1204	63
1205	65
1206	63
1207	52
1208	42
1209	54
1210	37
1211	38
1212	39
1213	27
1214	42
1215	36
1216	30
1217	38
1218	29
1219	22
1220	35
1221	25
1222	24
1223	18
1224	12
1225	14
1226	16
1227	13
1228	12
1229	12
1230	14
1231	10
1232	11
1233	6
1234	5
1235	5
1236	6
1237	2
1238	2
1239	5
1240	4
1241	3
1242	2
1243	1
1244	1
1245	4
1246	6
1247	4
1248	3
1249	1
1250	5
1251	2
1252	4
1253	4
1254	1
1255	1
1256	4
1257	3
1258	0
1259	2
1260	1
1261	3
1262	1
1263	0
1264	1
1265	1
1266	2
1267	1
1268	1
1269	0
1270	0
1271	3
1272	0
1273	2
1274	1
1275	0
1276	1
1277	0
1278	4
1279	0
1280	1
1281	1
1282	2
1283	0
1284	1
1285	0
1286	0
1287	0
1288	3
1289	0
1290	2
1291	1
1292	3
1293	3
1294	1
1295	1
1296	0
1297	0
1298	0
1299	3
1300	1
1301	1
1302	2
1303	1
1304	1
1305	2
1306	2
1307	1
1308	2
1309	1
1310	2
1311	2
1312	3
1313	1
1314	2
1315	1
1316	2
1317	3
1318	5
1319	4
1320	1
1321	3
1322	2
1323	1
1324	2
1325	2
1326	2
1327	1
1328	2
1329	0
1330	4
1331	4
1332	1
1333	0
1334	1
1335	1
1336	1
1337	0
1338	1
1339	2
1340	1
1341	2
1342	1
1343	2
1344	0
1345	1
1346	0
1347	2
1348	2
1349	2
1350	2
1351	0
1352	1
1353	1
1354	2
1355	3
1356	1
1357	1
1358	3
1359	3
1360	1
1361	5
1362	1
1363	1
1364	1
1365	3
1366	2
1367	1
1368	2
1369	0
1370	1
1371	1
1372	0
1373	1
1374	1
1375	2
1376	4
1377	0
1378	0
1379	1
1380	2
1381	0
1382	1
1383	0
1384	0
1385	1
1386	1
1387	0
1388	2
1389	1
1390	1
1391	0
1392	0
1393	1
1394	0
1395	2
1396	2
1397	0
1398	0
1399	2
1400	2
1401	2
1402	0
1403	0
1404	0
1405	3
1406	1
1407	0
1408	0
1409	0
1410	0
1411	0
1412	1
1413	0
1414	0
1415	1
1416	1
1417	0
1418	1
1419	1
1420	0
1421	0
1422	2
1423	1
1424	0
1425	2
1426	3
1427	0
1428	1
1429	1
1430	1
1431	1
1432	0
1433	2
1434	0
1435	0
1436	0
1437	0
1438	0
1439	0
1440	0
1441	0
1442	1
1443	3
1444	1
1445	0
1446	0
1447	0
1448	0
1449	0
1450	0
1451	1
1452	1
1453	1
1454	0
1455	1
1456	1
1457	0
1458	0
1459	1
1460	0
1461	0
1462	0
1463	0
1464	0
1465	1
1466	0
1467	0
1468	0
1469	0
1470	0
1471	0
1472	0
1473	1
1474	0
1475	1
1476	2
1477	0
1478	0
1479	0
1480	1
1481	0
1482	2
1483	1
1484	3
1485	1
1486	0
1487	0
1488	0
1489	0
1490	0
1491	1
1492	0
1493	0
1494	0
1495	0
1496	0
1497	0
1498	0
1499	1
1500	1
1501	0
1502	0
1503	0
1504	0
1505	0
1506	2
1507	1
1508	0
1509	0
1510	2
1511	1
1512	0
1513	0
1514	1
1515	0
1516	3
1517	0
1518	1
1519	0
1520	1
1521	0
1522	0
1523	0
1524	0
1525	0
1526	0
1527	0
1528	2
1529	0
1530	0
1531	1
1532	3
1533	1
1534	0
1535	0
1536	0
1537	1
1538	0
1539	1
1540	3
1541	0
1542	0
1543	1
1544	0
1545	1
1546	0
1547	0
1548	0
1549	0
1550	0
1551	0
1552	1
1553	1
1554	0
1555	0
1556	1
1557	1
1558	0
1559	0
1560	0
1561	0
1562	0
1563	1
1564	2
1565	0
1566	0
1567	0
1568	1
1569	0
1570	0
1571	0
1572	0
1573	0
1574	0
1575	0
1576	0
1577	0
1578	0
1579	0
1580	0
1581	0
1582	0
1583	0
1584	1
1585	0
1586	0
1587	0
1588	0
1589	0
1590	0
1591	0
1592	1
1593	0
1594	0
1595	0
1596	0
1597	0
1598	0
1599	0
1600	0
1601	1
1602	0
1603	0
1604	2
1605	1
1606	1
1607	0
1608	0
1609	0
1610	0
1611	0
1612	0
1613	1
1614	0
1615	0
1616	0
1617	0
1618	1
1619	0
1620	0
1621	0
1622	0
1623	0
1624	0
1625	0
1626	0
1627	0
1628	1
1629	0
1630	0
1631	1
1632	0
1633	0
1634	0
1635	0
1636	1
1637	0
1638	0
1639	0
1640	0
1641	0
1642	0
1643	0
1644	0
1645	0
1646	0
1647	0
1648	1
1649	0
1650	0
1651	0
1652	0
1653	0
1654	0
1655	0
1656	0
1657	2
1658	1
1659	0
1660	0
1661	0
1662	1
1663	0
1664	0
1665	1
1666	0
1667	0
1668	0
1669	0
1670	0
1671	2
1672	0
1673	0
1674	0
1675	0
1676	0
1677	0
1678	0
1679	2
1680	0
1681	0
1682	0
1683	0
1684	1
1685	0
1686	0
1687	1
1688	0
1689	0
1690	1
1691	0
1692	1
1693	0
1694	0
1695	0
1696	0
1697	0
1698	0
1699	0
1700	0
1701	0
1702	0
1703	0
1704	0
1705	0
1706	0
1707	0
1708	1
1709	0
1710	0
1711	0
1712	1
1713	0
1714	1
1715	0
1716	1
1717	0
1718	1
1719	0
1720	0
1721	0
1722	0
1723	0
1724	0
1725	0
1726	0
1727	0
1728	1
1729	0
1730	0
1731	0
1732	0
1733	1
1734	0
1735	0
1736	0
1737	0
1738	1
1739	0
1740	0
1741	0
1742	0
1743	0
1744	0
1745	0
1746	0
1747	0
1748	0
1749	0
1750	0
1751	0
1752	0
1753	0
1754	0
1755	0
1756	0
1757	0
1758	0
1759	0
1760	0
1761	0
1762	0
1763	0
1764	0
1765	0
1766	0
1767	0
1768	0
1769	0
1770	0
1771	0
1772	1
1773	0
1774	0
1775	0
1776	0
1777	0
1778	0
1779	0
1780	0
1781	0
1782	0
1783	0
1784	0
1785	0
1786	0
1787	0
1788	0
1789	0
1790	0
1791	1
1792	1
1793	0
1794	0
1795	1
1796	2
1797	0
1798	0
1799	0
1800	0
1801	0
1802	0
1803	0
1804	0
1805	0
1806	0
1807	0
1808	0
1809	0
1810	0
1811	0
1812	0
1813	0
1814	0
1815	0
1816	0
1817	0
1818	0
1819	0
1820	0
1821	0
1822	0
1823	0
1824	0
1825	0
1826	0
1827	0
1828	0
1829	0
1830	1
1831	0
1832	0
1833	0
1834	0
1835	0
1836	0
1837	0
1838	0
1839	0
1840	0
1841	0
1842	1
1843	2
1844	0
1845	0
1846	1
1847	0
1848	0
1849	0
1850	0
1851	0
1852	0
1853	1
1854	0
1855	0
1856	1
1857	0
1858	0
1859	0
1860	0
1861	0
1862	0
1863	0
1864	0
1865	0
1866	0
1867	0
1868	0
1869	1
1870	0
1871	0
1872	0
1873	0
1874	0
1875	0
1876	0
1877	0
1878	0
1879	0
1880	0
1881	0
1882	0
1883	0
1884	0
1885	0
1886	0
1887	1
1888	0
1889	0
1890	0
1891	0
1892	0
1893	0
1894	1
1895	0
1896	0
1897	0
1898	0
1899	0
1900	0
1901	0
1902	0
1903	0
1904	2
1905	0
1906	0
1907	0
1908	0
1909	0
1910	0
1911	0
1912	0
1913	0
1914	0
1915	0
1916	0
1917	1
1918	0
1919	0
1920	0
1921	0
1922	0
1923	0
1924	0
1925	0
1926	0
1927	0
1928	0
1929	0
1930	0
1931	0
1932	0
1933	1
1934	0
1935	0
1936	0
1937	0
1938	0
1939	0
1940	0
1941	2
1942	0
1943	0
1944	0
1945	0
1946	0
1947	0
1948	0
1949	0
1950	0
1951	0
1952	0
1953	0
1954	0
1955	0
1956	0
1957	0
1958	0
1959	0
1960	0
1961	0
1962	0
1963	0
1964	0
1965	1
1966	0
1967	0
1968	0
1969	0
1970	1
1971	0
1972	0
1973	0
1974	0
1975	0
1976	0
1977	0
1978	0
1979	0
1980	0
1981	0
1982	0
1983	0
1984	0
1985	0
1986	0
1987	0
1988	0
1989	0
1990	0
1991	0
1992	0
1993	0
1994	0
1995	0
1996	0
1997	0
1998	0
1999	0
2000	0
2001	0
2002	0
2003	0
2004	0
2005	1
2006	0
2007	0
2008	0
2009	0
2010	1
2011	0
2012	0
2013	0
2014	1
2015	0
2016	0
2017	0
2018	0
2019	0
2020	0
2021	0
2022	0
2023	0
2024	0
2025	0
2026	0
2027	0
2028	0
2029	0
2030	0
2031	0
2032	0
2033	0
2034	0
2035	0
2036	0
2037	0
2038	0
2039	0
2040	0
2041	0
2042	0
2043	0
2044	0
2045	0
2046	0
2047	0
