0	0
1	0
2	0
3	0
4	0
5	0
6	0
7	0
8	0
9	0
10	0
11	1
12	25
13	126
14	102
15	81
16	44
17	65
18	51
19	66
20	219
21	857
22	2931
23	7332
24	13173
25	16932
26	16408
27	12202
28	7473
29	3780
30	1704
31	632
32	248
33	112
34	56
35	33
36	32
37	47
38	36
39	64
40	62
41	70
42	46
43	49
44	41
45	29
46	36
47	35
48	51
49	55
50	60
51	61
52	61
53	50
54	35
55	45
56	30
57	34
58	30
59	39
60	38
61	45
62	49
63	56
64	48
65	86
66	96
67	151
68	251
69	343
70	386
71	494
72	538
73	511
74	452
75	379
76	361
77	239
78	176
79	115
80	55
81	31
82	26
83	16
84	13
85	8
86	5
87	7
88	9
89	6
90	6
91	12
92	4
93	6
94	2
95	7
96	3
97	2
98	8
99	4
100	7
101	6
102	10
103	4
104	9
105	4
106	7
107	7
108	12
109	7
110	7
111	2
112	6
113	5
114	3
115	11
116	7
117	9
118	7
119	4
120	4
121	4
122	7
123	5
124	10
125	2
126	7
127	9
128	5
129	4
130	4
131	8
132	10
133	5
134	7
135	7
136	4
137	4
138	4
139	6
140	6
141	8
142	4
143	8
144	6
145	3
146	8
147	4
148	7
149	8
150	2
151	4
152	5
153	2
154	2
155	10
156	4
157	3
158	2
159	9
160	6
161	2
162	2
163	8
164	4
165	2
166	3
167	5
168	1
169	3
170	3
171	2
172	4
173	9
174	2
175	4
176	5
177	1
178	6
179	3
180	3
181	6
182	3
183	2
184	4
185	2
186	0
187	6
188	1
189	2
190	3
191	2
192	3
193	2
194	2
195	5
196	2
197	3
198	1
199	1
200	3
201	3
202	5
203	2
204	3
205	4
206	0
207	5
208	2
209	6
210	1
211	4
212	0
213	4
214	3
215	2
216	4
217	2
218	1
219	4
220	5
221	3
222	2
223	2
224	4
225	1
226	1
227	4
228	2
229	1
230	1
231	4
232	1
233	0
234	1
235	2
236	1
237	1
238	4
239	0
240	5
241	2
242	7
243	0
244	2
245	0
246	2
247	3
248	3
249	5
250	1
251	2
252	3
253	5
254	2
255	2
256	1
257	2
258	3
259	1
260	1
261	3
262	0
263	3
264	2
265	1
266	3
267	0
268	4
269	5
270	4
271	1
272	3
273	2
274	2
275	3
276	1
277	1
278	1
279	1
280	2
281	3
282	1
283	1
284	2
285	4
286	1
287	3
288	0
289	1
290	5
291	3
292	2
293	0
294	2
295	7
296	2
297	1
298	0
299	0
300	1
301	3
302	2
303	1
304	1
305	1
306	1
307	1
308	2
309	0
310	0
311	2
312	1
313	1
314	3
315	3
316	0
317	0
318	1
319	2
320	2
321	5
322	2
323	5
324	1
325	2
326	3
327	2
328	1
329	4
330	3
331	0
332	2
333	1
334	2
335	2
336	3
337	3
338	2
339	2
340	0
341	3
342	2
343	3
344	0
345	2
346	0
347	3
348	0
349	0
350	3
351	3
352	2
353	3
354	1
355	1
356	0
357	1
358	2
359	0
360	2
361	1
362	2
363	0
364	3
365	0
366	0
367	1
368	2
369	0
370	0
371	1
372	1
373	0
374	1
375	3
376	0
377	0
378	1
379	2
380	2
381	2
382	0
383	2
384	1
385	1
386	1
387	0
388	2
389	0
390	0
391	2
392	0
393	0
394	0
395	0
396	0
397	1
398	2
399	3
400	2
401	5
402	0
403	1
404	2
405	0
406	0
407	0
408	0
409	0
410	4
411	2
412	0
413	1
414	2
415	1
416	0
417	1
418	0
419	2
420	2
421	1
422	1
423	0
424	0
425	0
426	1
427	0
428	0
429	1
430	2
431	0
432	2
433	1
434	4
435	1
436	0
437	2
438	1
439	0
440	1
441	0
442	1
443	1
444	1
445	1
446	0
447	1
448	1
449	2
450	2
451	3
452	0
453	0
454	2
455	0
456	0
457	3
458	0
459	1
460	2
461	1
462	2
463	0
464	0
465	0
466	0
467	0
468	1
469	0
470	1
471	2
472	1
473	2
474	2
475	0
476	0
477	1
478	0
479	1
480	1
481	0
482	3
483	0
484	0
485	0
486	1
487	1
488	0
489	1
490	1
491	0
492	0
493	2
494	0
495	0
496	2
497	1
498	1
499	1
500	0
501	1
502	0
503	1
504	2
505	1
506	0
507	0
508	1
509	1
510	1
511	0
512	0
513	1
514	0
515	0
516	0
517	0
518	2
519	2
520	2
521	2
522	1
523	1
524	1
525	0
526	0
527	0
528	0
529	0
530	0
531	0
532	1
533	3
534	0
535	2
536	0
537	0
538	1
539	0
540	2
541	2
542	2
543	0
544	0
545	2
546	2
547	3
548	1
549	0
550	1
551	2
552	1
553	1
554	1
555	0
556	0
557	0
558	2
559	0
560	0
561	1
562	1
563	1
564	1
565	0
566	1
567	0
568	1
569	1
570	0
571	2
572	0
573	1
574	0
575	1
576	3
577	1
578	1
579	2
580	1
581	0
582	2
583	0
584	3
585	1
586	0
587	1
588	0
589	1
590	2
591	0
592	0
593	0
594	0
595	0
596	1
597	2
598	2
599	0
600	0
601	1
602	0
603	1
604	1
605	0
606	2
607	1
608	1
609	0
610	0
611	0
612	0
613	0
614	1
615	0
616	0
617	1
618	1
619	0
620	2
621	0
622	1
623	1
624	0
625	2
626	0
627	0
628	0
629	0
630	0
631	0
632	0
633	2
634	1
635	1
636	0
637	2
638	0
639	0
640	0
641	1
642	0
643	0
644	0
645	0
646	0
647	0
648	0
649	0
650	0
651	0
652	1
653	1
654	0
655	0
656	1
657	1
658	0
659	1
660	1
661	0
662	1
663	0
664	2
665	1
666	0
667	0
668	0
669	0
670	0
671	0
672	0
673	0
674	0
675	2
676	0
677	1
678	0
679	0
680	0
681	0
682	0
683	0
684	0
685	0
686	0
687	0
688	0
689	1
690	0
691	2
692	0
693	0
694	0
695	0
696	2
697	1
698	1
699	1
700	0
701	0
702	0
703	1
704	0
705	0
706	1
707	0
708	0
709	0
710	0
711	0
712	0
713	0
714	0
715	0
716	0
717	2
718	0
719	1
720	0
721	0
722	2
723	0
724	0
725	2
726	1
727	1
728	0
729	0
730	0
731	0
732	0
733	1
734	1
735	0
736	0
737	0
738	1
739	0
740	0
741	1
742	0
743	1
744	1
745	1
746	0
747	1
748	1
749	1
750	2
751	0
752	0
753	1
754	1
755	0
756	0
757	1
758	0
759	1
760	1
761	1
762	0
763	1
764	0
765	0
766	0
767	2
768	0
769	1
770	0
771	0
772	0
773	0
774	1
775	1
776	1
777	0
778	1
779	0
780	0
781	1
782	2
783	2
784	1
785	1
786	0
787	0
788	0
789	0
790	0
791	0
792	0
793	0
794	1
795	0
796	1
797	1
798	2
799	0
800	2
801	0
802	0
803	0
804	0
805	0
806	0
807	0
808	0
809	0
810	0
811	0
812	2
813	0
814	0
815	0
816	0
817	0
818	0
819	0
820	0
821	0
822	2
823	1
824	0
825	1
826	0
827	0
828	0
829	1
830	0
831	1
832	0
833	0
834	0
835	0
836	1
837	1
838	1
839	0
840	0
841	1
842	0
843	1
844	0
845	0
846	0
847	2
848	0
849	0
850	1
851	1
852	0
853	0
854	0
855	0
856	1
857	0
858	0
859	0
860	1
861	0
862	0
863	0
864	0
865	0
866	0
867	1
868	0
869	0
870	0
871	1
872	0
873	1
874	1
875	0
876	0
877	0
878	0
879	1
880	0
881	0
882	0
883	0
884	0
885	0
886	0
887	0
888	0
889	0
890	0
891	0
892	1
893	0
894	0
895	0
896	0
897	0
898	0
899	0
900	0
901	0
902	0
903	0
904	0
905	0
906	0
907	1
908	0
909	1
910	0
911	0
912	1
913	0
914	0
915	0
916	0
917	0
918	0
919	0
920	0
921	0
922	0
923	0
924	1
925	0
926	0
927	0
928	1
929	2
930	0
931	0
932	0
933	0
934	1
935	1
936	2
937	0
938	0
939	0
940	1
941	1
942	2
943	0
944	0
945	0
946	0
947	0
948	0
949	1
950	0
951	0
952	0
953	0
954	2
955	0
956	1
957	1
958	0
959	2
960	2
961	3
962	1
963	0
964	0
965	0
966	0
967	0
968	1
969	1
970	0
971	0
972	2
973	0
974	0
975	0
976	1
977	1
978	2
979	3
980	0
981	0
982	0
983	1
984	0
985	0
986	0
987	0
988	0
989	1
990	0
991	0
992	1
993	0
994	0
995	0
996	1
997	0
998	0
999	0
1000	0
1001	0
1002	0
1003	0
1004	0
1005	0
1006	1
1007	0
1008	0
1009	0
1010	0
1011	0
1012	1
1013	0
1014	0
1015	0
1016	0
1017	0
1018	0
1019	1
1020	0
1021	1
1022	1
1023	0
1024	0
1025	0
1026	1
1027	0
1028	0
1029	0
1030	0
1031	0
1032	0
1033	0
1034	0
1035	0
1036	0
1037	0
1038	0
1039	0
1040	1
1041	0
1042	0
1043	0
1044	0
1045	0
1046	0
1047	0
1048	0
1049	2
1050	0
1051	0
1052	1
1053	0
1054	0
1055	0
1056	1
1057	0
1058	0
1059	0
1060	0
1061	0
1062	1
1063	1
1064	0
1065	0
1066	0
1067	0
1068	0
1069	0
1070	0
1071	1
1072	0
1073	0
1074	0
1075	0
1076	0
1077	1
1078	0
1079	0
1080	0
1081	0
1082	0
1083	1
1084	0
1085	1
1086	0
1087	1
1088	0
1089	0
1090	0
1091	0
1092	0
1093	0
1094	0
1095	0
1096	0
1097	0
1098	0
1099	0
1100	1
1101	0
1102	1
1103	0
1104	0
1105	0
1106	0
1107	0
1108	0
1109	1
1110	1
1111	1
1112	0
1113	0
1114	0
1115	0
1116	0
1117	0
1118	0
1119	0
1120	0
1121	0
1122	0
1123	0
1124	0
1125	0
1126	1
1127	0
1128	0
1129	0
1130	0
1131	1
1132	0
1133	0
1134	0
1135	0
1136	0
1137	0
1138	0
1139	0
1140	0
1141	0
1142	0
1143	0
1144	0
1145	0
1146	0
1147	0
1148	0
1149	0
1150	0
1151	0
1152	0
1153	0
1154	0
1155	0
1156	1
1157	0
1158	0
1159	0
1160	1
1161	0
1162	0
1163	0
1164	0
1165	0
1166	0
1167	0
1168	1
1169	0
1170	0
1171	0
1172	0
1173	0
1174	0
1175	0
1176	1
1177	0
1178	0
1179	0
1180	0
1181	0
1182	0
1183	0
1184	0
1185	1
1186	0
1187	0
1188	0
1189	0
1190	0
1191	0
1192	0
1193	0
1194	0
1195	0
1196	0
1197	0
1198	0
1199	0
1200	0
1201	1
1202	0
1203	0
1204	0
1205	0
1206	0
1207	0
1208	0
1209	0
1210	1
1211	0
1212	0
1213	0
1214	0
1215	0
1216	0
1217	1
1218	0
1219	0
1220	0
1221	0
1222	0
1223	0
1224	0
1225	0
1226	0
1227	1
1228	0
1229	0
1230	0
1231	0
1232	0
1233	0
1234	0
1235	1
1236	0
1237	0
1238	0
1239	0
1240	0
1241	0
1242	0
1243	0
1244	0
1245	0
1246	1
1247	0
1248	0
1249	1
1250	0
1251	0
1252	0
1253	1
1254	1
1255	0
1256	0
1257	0
1258	0
1259	0
1260	0
1261	1
1262	0
1263	0
1264	0
1265	0
1266	1
1267	0
1268	0
1269	0
1270	0
1271	0
1272	0
1273	0
1274	0
1275	0
1276	0
1277	0
1278	0
1279	0
1280	0
1281	0
1282	0
1283	0
1284	0
1285	0
1286	1
1287	0
1288	0
1289	0
1290	0
1291	0
1292	0
1293	0
1294	0
1295	0
1296	0
1297	0
1298	0
1299	0
1300	0
1301	0
1302	0
1303	0
1304	0
1305	0
1306	1
1307	0
1308	0
1309	0
1310	1
1311	0
1312	0
1313	0
1314	0
1315	0
1316	0
1317	0
1318	0
1319	0
1320	0
1321	0
1322	0
1323	1
1324	0
1325	0
1326	0
1327	0
1328	1
1329	0
1330	0
1331	0
1332	0
1333	0
1334	0
1335	0
1336	0
1337	0
1338	0
1339	0
1340	0
1341	0
1342	0
1343	0
1344	1
1345	0
1346	0
1347	0
1348	0
1349	0
1350	1
1351	0
1352	0
1353	0
1354	0
1355	0
1356	0
1357	0
1358	0
1359	0
1360	0
1361	0
1362	0
1363	0
1364	0
1365	0
1366	0
1367	1
1368	0
1369	0
1370	0
1371	0
1372	0
1373	1
1374	0
1375	0
1376	0
1377	0
1378	0
1379	0
1380	1
1381	0
1382	0
1383	0
1384	0
1385	0
1386	0
1387	0
1388	0
1389	1
1390	0
1391	0
1392	0
1393	0
1394	0
1395	0
1396	0
1397	1
1398	0
1399	0
1400	0
1401	0
1402	0
1403	0
1404	0
1405	0
1406	0
1407	0
1408	1
1409	0
1410	0
1411	0
1412	0
1413	0
1414	0
1415	0
1416	0
1417	1
1418	0
1419	0
1420	0
1421	0
1422	0
1423	0
1424	0
1425	0
1426	0
1427	0
1428	0
1429	0
1430	0
1431	0
1432	0
1433	0
1434	0
1435	0
1436	0
1437	0
1438	0
1439	0
1440	0
1441	0
1442	0
1443	0
1444	0
1445	0
1446	0
1447	0
1448	0
1449	0
1450	0
1451	0
1452	0
1453	0
1454	0
1455	1
1456	0
1457	0
1458	0
1459	0
1460	0
1461	0
1462	0
1463	0
1464	0
1465	0
1466	0
1467	0
1468	0
1469	0
1470	0
1471	0
1472	0
1473	0
1474	0
1475	0
1476	0
1477	0
1478	0
1479	0
1480	0
1481	0
1482	0
1483	0
1484	0
1485	0
1486	0
1487	0
1488	0
1489	0
1490	0
1491	0
1492	0
1493	0
1494	0
1495	0
1496	0
1497	0
1498	0
1499	0
1500	0
1501	0
1502	1
1503	0
1504	0
1505	0
1506	0
1507	0
1508	0
1509	0
1510	0
1511	0
1512	1
1513	0
1514	0
1515	0
1516	0
1517	0
1518	0
1519	0
1520	0
1521	0
1522	0
1523	0
1524	0
1525	0
1526	0
1527	0
1528	0
1529	0
1530	0
1531	0
1532	0
1533	0
1534	0
1535	0
1536	0
1537	0
1538	0
1539	0
1540	0
1541	0
1542	0
1543	0
1544	0
1545	0
1546	0
1547	0
1548	0
1549	0
1550	0
1551	0
1552	0
1553	0
1554	0
1555	0
1556	0
1557	0
1558	0
1559	0
1560	0
1561	0
1562	0
1563	0
1564	1
1565	0
1566	0
1567	0
1568	0
1569	0
1570	0
1571	0
1572	0
1573	2
1574	0
1575	0
1576	0
1577	0
1578	0
1579	0
1580	0
1581	0
1582	0
1583	0
1584	0
1585	0
1586	0
1587	0
1588	0
1589	0
1590	0
1591	0
1592	0
1593	0
1594	0
1595	0
1596	0
1597	0
1598	0
1599	0
1600	0
1601	0
1602	0
1603	0
1604	0
1605	0
1606	0
1607	0
1608	0
1609	0
1610	0
1611	0
1612	0
1613	0
1614	0
1615	0
1616	0
1617	0
1618	0
1619	0
1620	0
1621	0
1622	0
1623	0
1624	0
1625	0
1626	0
1627	0
1628	0
1629	0
1630	0
1631	0
1632	0
1633	0
1634	0
1635	0
1636	0
1637	1
1638	0
1639	0
1640	0
1641	0
1642	0
1643	0
1644	0
1645	0
1646	0
1647	0
1648	0
1649	0
1650	0
1651	0
1652	0
1653	0
1654	0
1655	0
1656	0
1657	0
1658	0
1659	0
1660	0
1661	0
1662	0
1663	1
1664	0
1665	0
1666	0
1667	0
1668	0
1669	0
1670	0
1671	0
1672	0
1673	0
1674	0
1675	0
1676	0
1677	0
1678	0
1679	0
1680	0
1681	0
1682	0
1683	1
1684	0
1685	0
1686	0
1687	0
1688	0
1689	0
1690	0
1691	0
1692	0
1693	0
1694	0
1695	0
1696	0
1697	0
1698	0
1699	0
1700	0
1701	0
1702	0
1703	0
1704	0
1705	0
1706	0
1707	0
1708	0
1709	0
1710	0
1711	0
1712	0
1713	0
1714	0
1715	0
1716	0
1717	0
1718	0
1719	0
1720	0
1721	0
1722	0
1723	0
1724	0
1725	0
1726	0
1727	0
1728	0
1729	0
1730	0
1731	0
1732	0
1733	0
1734	0
1735	0
1736	0
1737	0
1738	0
1739	0
1740	0
1741	0
1742	0
1743	0
1744	0
1745	0
1746	0
1747	0
1748	0
1749	0
1750	1
1751	0
1752	0
1753	0
1754	0
1755	0
1756	0
1757	0
1758	0
1759	0
1760	0
1761	0
1762	0
1763	0
1764	0
1765	0
1766	0
1767	0
1768	0
1769	0
1770	0
1771	0
1772	1
1773	0
1774	0
1775	0
1776	0
1777	0
1778	0
1779	0
1780	0
1781	0
1782	0
1783	0
1784	0
1785	0
1786	0
1787	0
1788	0
1789	0
1790	0
1791	0
1792	0
1793	0
1794	1
1795	0
1796	0
1797	0
1798	0
1799	0
1800	0
1801	0
1802	0
1803	0
1804	0
1805	0
1806	0
1807	0
1808	0
1809	0
1810	0
1811	0
1812	0
1813	0
1814	0
1815	0
1816	0
1817	0
1818	0
1819	0
1820	0
1821	0
1822	0
1823	0
1824	0
1825	0
1826	0
1827	0
1828	0
1829	0
1830	0
1831	0
1832	0
1833	0
1834	0
1835	0
1836	0
1837	0
1838	0
1839	0
1840	0
1841	0
1842	0
1843	1
1844	0
1845	0
1846	0
1847	0
1848	0
1849	0
1850	1
1851	0
1852	0
1853	0
1854	0
1855	0
1856	0
1857	0
1858	1
1859	0
1860	0
1861	0
1862	0
1863	0
1864	0
1865	0
1866	0
1867	0
1868	0
1869	0
1870	0
1871	0
1872	0
1873	0
1874	0
1875	0
1876	1
1877	0
1878	0
1879	0
1880	0
1881	0
1882	0
1883	0
1884	0
1885	0
1886	0
1887	0
1888	0
1889	0
1890	0
1891	0
1892	0
1893	0
1894	0
1895	0
1896	0
1897	0
1898	0
1899	0
1900	0
1901	0
1902	0
1903	0
1904	0
1905	0
1906	0
1907	0
1908	0
1909	0
1910	0
1911	0
1912	0
1913	0
1914	0
1915	0
1916	0
1917	0
1918	0
1919	0
1920	0
1921	0
1922	0
1923	0
1924	0
1925	0
1926	0
1927	0
1928	0
1929	0
1930	0
1931	0
1932	0
1933	0
1934	0
1935	1
1936	0
1937	0
1938	0
1939	0
1940	0
1941	0
1942	0
1943	0
1944	0
1945	0
1946	0
1947	0
1948	0
1949	0
1950	0
1951	0
1952	0
1953	0
1954	0
1955	0
1956	0
1957	0
1958	0
1959	0
1960	0
1961	0
1962	0
1963	0
1964	0
1965	0
1966	0
1967	0
1968	0
1969	0
1970	0
1971	0
1972	0
1973	0
1974	0
1975	0
1976	0
1977	0
1978	0
1979	0
1980	0
1981	0
1982	0
1983	0
1984	0
1985	0
1986	0
1987	0
1988	0
1989	0
1990	0
1991	0
1992	0
1993	0
1994	0
1995	0
1996	0
1997	0
1998	0
1999	0
2000	0
2001	0
2002	0
2003	0
2004	0
2005	0
2006	1
2007	0
2008	0
2009	0
2010	0
2011	0
2012	1
2013	0
2014	0
2015	0
2016	0
2017	0
2018	0
2019	0
2020	0
2021	0
2022	0
2023	0
2024	0
2025	0
2026	0
2027	0
2028	0
2029	0
2030	0
2031	0
2032	0
2033	0
2034	0
2035	0
2036	0
2037	0
2038	0
2039	0
2040	0
2041	0
2042	0
2043	0
2044	0
2045	0
2046	0
2047	0
