0	0
1	0
2	0
3	0
4	0
5	0
6	0
7	0
8	0
9	0
10	0
11	9
12	90
13	905
14	898
15	419
16	280
17	239
18	242
19	223
20	212
21	209
22	239
23	240
24	218
25	222
26	246
27	228
28	232
29	216
30	255
31	219
32	221
33	236
34	234
35	240
36	246
37	220
38	235
39	255
40	222
41	240
42	225
43	244
44	246
45	228
46	226
47	247
48	223
49	237
50	232
51	226
52	238
53	222
54	234
55	212
56	228
57	234
58	228
59	220
60	218
61	226
62	242
63	237
64	232
65	224
66	215
67	265
68	232
69	236
70	233
71	239
72	229
73	216
74	227
75	206
76	230
77	224
78	207
79	248
80	196
81	202
82	224
83	235
84	217
85	209
86	213
87	213
88	250
89	219
90	215
91	196
92	217
93	206
94	204
95	192
96	227
97	187
98	215
99	226
100	210
101	202
102	244
103	216
104	207
105	218
106	191
107	214
108	197
109	203
110	222
111	201
112	189
113	187
114	230
115	237
116	210
117	204
118	236
119	219
120	234
121	224
122	237
123	254
124	253
125	251
126	257
127	239
128	260
129	246
130	254
131	264
132	259
133	257
134	259
135	226
136	231
137	260
138	251
139	260
140	249
141	250
142	236
143	233
144	254
145	219
146	234
147	249
148	277
149	235
150	240
151	240
152	254
153	239
154	228
155	242
156	243
157	222
158	234
159	220
160	224
161	220
162	226
163	239
164	245
165	224
166	244
167	235
168	235
169	255
170	242
171	210
172	269
173	223
174	217
175	198
176	196
177	212
178	196
179	204
180	207
181	228
182	227
183	195
184	219
185	212
186	209
187	195
188	234
189	205
190	216
191	203
192	197
193	219
194	206
195	201
196	206
197	211
198	186
199	203
200	210
201	205
202	201
203	202
204	213
205	202
206	235
207	217
208	223
209	214
210	223
211	223
212	182
213	195
214	213
215	232
216	215
217	211
218	208
219	203
220	194
221	206
222	210
223	198
224	184
225	185
226	181
227	186
228	161
229	138
230	163
231	141
232	137
233	144
234	136
235	149
236	117
237	115
238	120
239	118
240	101
241	116
242	116
243	91
244	91
245	109
246	102
247	91
248	90
249	90
250	108
251	80
252	88
253	83
254	72
255	88
256	75
257	91
258	76
259	95
260	82
261	74
262	80
263	71
264	74
265	78
266	78
267	88
268	68
269	65
270	66
271	51
272	77
273	82
274	62
275	75
276	73
277	69
278	67
279	61
280	65
281	50
282	68
283	62
284	77
285	66
286	76
287	83
288	66
289	61
290	76
291	86
292	61
293	62
294	66
295	54
296	67
297	64
298	69
299	52
300	64
301	62
302	75
303	63
304	59
305	53
306	81
307	71
308	72
309	78
310	70
311	80
312	88
313	108
314	92
315	103
316	121
317	136
318	130
319	165
320	172
321	219
322	271
323	338
324	380
325	448
326	581
327	609
328	749
329	886
330	914
331	1156
332	1284
333	1458
334	1537
335	1778
336	1872
337	1987
338	2231
339	2308
340	2449
341	2533
342	2646
343	2559
344	2656
345	2601
346	2504
347	2481
348	2421
349	2359
350	2260
351	2094
352	2020
353	1801
354	1554
355	1531
356	1314
357	1181
358	1025
359	887
360	811
361	684
362	596
363	482
364	434
365	367
366	298
367	256
368	205
369	175
370	165
371	110
372	126
373	84
374	87
375	85
376	79
377	86
378	81
379	65
380	72
381	65
382	71
383	67
384	59
385	53
386	72
387	59
388	52
389	63
390	49
391	55
392	61
393	70
394	54
395	51
396	54
397	65
398	70
399	57
400	56
401	72
402	55
403	51
404	57
405	67
406	52
407	53
408	69
409	54
410	66
411	52
412	66
413	59
414	56
415	53
416	54
417	56
418	49
419	51
420	73
421	60
422	45
423	61
424	59
425	49
426	51
427	62
428	55
429	63
430	66
431	65
432	43
433	56
434	50
435	62
436	57
437	53
438	53
439	50
440	58
441	65
442	46
443	68
444	59
445	57
446	53
447	58
448	50
449	67
450	50
451	64
452	62
453	75
454	60
455	67
456	57
457	68
458	65
459	53
460	61
461	54
462	65
463	73
464	62
465	67
466	61
467	68
468	71
469	65
470	77
471	51
472	55
473	58
474	57
475	62
476	58
477	69
478	65
479	71
480	68
481	68
482	86
483	69
484	66
485	71
486	66
487	67
488	69
489	66
490	62
491	50
492	60
493	59
494	49
495	59
496	60
497	76
498	64
499	51
500	74
501	67
502	69
503	55
504	64
505	58
506	62
507	63
508	76
509	75
510	48
511	59
512	62
513	65
514	69
515	65
516	63
517	68
518	60
519	58
520	65
521	50
522	60
523	66
524	52
525	58
526	64
527	61
528	62
529	65
530	59
531	63
532	64
533	57
534	56
535	49
536	58
537	57
538	66
539	62
540	62
541	54
542	64
543	45
544	45
545	57
546	52
547	52
548	51
549	55
550	59
551	55
552	52
553	57
554	58
555	63
556	58
557	54
558	60
559	69
560	53
561	61
562	53
563	49
564	53
565	53
566	49
567	70
568	54
569	48
570	55
571	49
572	42
573	54
574	56
575	45
576	53
577	63
578	68
579	66
580	53
581	53
582	68
583	52
584	54
585	63
586	73
587	41
588	50
589	59
590	47
591	57
592	58
593	58
594	59
595	49
596	63
597	56
598	52
599	49
600	71
601	58
602	60
603	55
604	57
605	50
606	59
607	65
608	50
609	56
610	48
611	51
612	65
613	48
614	51
615	53
616	57
617	53
618	56
619	64
620	51
621	73
622	57
623	59
624	63
625	64
626	74
627	63
628	61
629	39
630	54
631	49
632	56
633	57
634	42
635	64
636	46
637	69
638	51
639	61
640	48
641	51
642	46
643	65
644	62
645	67
646	46
647	59
648	58
649	47
650	45
651	59
652	51
653	60
654	82
655	63
656	70
657	61
658	55
659	71
660	57
661	68
662	59
663	52
664	54
665	57
666	72
667	58
668	45
669	42
670	63
671	54
672	52
673	57
674	51
675	56
676	50
677	59
678	60
679	59
680	50
681	56
682	56
683	54
684	51
685	53
686	62
687	45
688	60
689	47
690	47
691	47
692	47
693	53
694	33
695	60
696	38
697	46
698	49
699	44
700	49
701	38
702	61
703	43
704	41
705	41
706	47
707	35
708	36
709	29
710	34
711	34
712	47
713	36
714	36
715	34
716	34
717	27
718	32
719	32
720	40
721	31
722	23
723	48
724	37
725	37
726	32
727	20
728	39
729	32
730	32
731	28
732	20
733	40
734	36
735	36
736	30
737	35
738	34
739	24
740	23
741	24
742	26
743	31
744	19
745	24
746	30
747	20
748	30
749	31
750	31
751	33
752	16
753	24
754	23
755	30
756	32
757	21
758	25
759	25
760	24
761	15
762	21
763	28
764	32
765	20
766	28
767	15
768	27
769	21
770	23
771	17
772	21
773	23
774	29
775	23
776	27
777	27
778	24
779	31
780	38
781	29
782	21
783	32
784	26
785	24
786	33
787	25
788	22
789	20
790	30
791	22
792	40
793	27
794	27
795	31
796	38
797	45
798	42
799	31
800	54
801	39
802	50
803	53
804	54
805	52
806	61
807	72
808	75
809	74
810	82
811	85
812	90
813	104
814	115
815	135
816	174
817	139
818	146
819	152
820	182
821	174
822	185
823	163
824	219
825	200
826	229
827	208
828	230
829	221
830	212
831	238
832	253
833	232
834	259
835	281
836	240
837	259
838	272
839	242
840	271
841	217
842	219
843	218
844	241
845	224
846	203
847	206
848	220
849	177
850	179
851	181
852	183
853	165
854	140
855	145
856	156
857	128
858	137
859	127
860	103
861	105
862	112
863	108
864	83
865	102
866	66
867	76
868	74
869	59
870	59
871	48
872	58
873	54
874	46
875	52
876	46
877	45
878	50
879	32
880	35
881	31
882	38
883	29
884	41
885	34
886	39
887	38
888	42
889	36
890	33
891	29
892	37
893	35
894	40
895	36
896	36
897	32
898	37
899	29
900	22
901	34
902	46
903	45
904	30
905	36
906	33
907	28
908	33
909	14
910	28
911	30
912	30
913	28
914	33
915	38
916	37
917	34
918	26
919	32
920	28
921	31
922	30
923	27
924	36
925	35
926	26
927	24
928	36
929	29
930	38
931	24
932	30
933	26
934	29
935	21
936	29
937	25
938	35
939	38
940	31
941	32
942	29
943	30
944	28
945	32
946	49
947	32
948	35
949	26
950	23
951	35
952	29
953	36
954	26
955	33
956	35
957	32
958	36
959	44
960	31
961	29
962	34
963	22
964	36
965	32
966	25
967	26
968	31
969	31
970	25
971	26
972	34
973	24
974	31
975	29
976	28
977	24
978	35
979	33
980	36
981	38
982	35
983	26
984	26
985	26
986	36
987	25
988	39
989	33
990	30
991	36
992	30
993	25
994	40
995	26
996	26
997	24
998	30
999	24
1000	25
1001	39
1002	29
1003	30
1004	34
1005	29
1006	32
1007	29
1008	26
1009	32
1010	32
1011	27
1012	40
1013	26
1014	27
1015	22
1016	29
1017	28
1018	21
1019	26
1020	22
1021	33
1022	20
1023	19
1024	25
1025	29
1026	27
1027	24
1028	20
1029	23
1030	19
1031	25
1032	24
1033	16
1034	20
1035	23
1036	24
1037	21
1038	16
1039	18
1040	27
1041	20
1042	20
1043	19
1044	25
1045	14
1046	14
1047	22
1048	21
1049	13
1050	13
1051	8
1052	13
1053	19
1054	14
1055	17
1056	11
1057	23
1058	16
1059	13
1060	14
1061	17
1062	8
1063	14
1064	10
1065	16
1066	11
1067	13
1068	10
1069	14
1070	16
1071	15
1072	11
1073	13
1074	11
1075	8
1076	10
1077	14
1078	7
1079	12
1080	7
1081	12
1082	8
1083	11
1084	11
1085	9
1086	14
1087	3
1088	3
1089	10
1090	7
1091	10
1092	6
1093	5
1094	5
1095	6
1096	5
1097	6
1098	8
1099	4
1100	4
1101	3
1102	5
1103	5
1104	6
1105	3
1106	6
1107	4
1108	6
1109	5
1110	5
1111	7
1112	5
1113	10
1114	11
1115	3
1116	6
1117	6
1118	4
1119	5
1120	5
1121	10
1122	13
1123	5
1124	6
1125	6
1126	6
1127	4
1128	5
1129	6
1130	7
1131	7
1132	7
1133	10
1134	6
1135	17
1136	12
1137	13
1138	12
1139	11
1140	11
1141	17
1142	14
1143	17
1144	13
1145	17
1146	14
1147	29
1148	21
1149	22
1150	24
1151	23
1152	29
1153	25
1154	36
1155	31
1156	36
1157	34
1158	51
1159	44
1160	43
1161	41
1162	69
1163	76
1164	54
1165	71
1166	62
1167	58
1168	45
1169	75
1170	75
1171	71
1172	82
1173	68
1174	78
1175	71
1176	76
1177	76
1178	80
1179	72
1180	81
1181	86
1182	68
1183	70
1184	92
1185	89
1186	79
1187	58
1188	69
1189	86
1190	55
1191	78
1192	66
1193	67
1194	63
1195	56
1196	66
1197	55
1198	56
1199	51
1200	60
1201	64
1202	43
1203	44
1204	43
1205	36
1206	45
1207	28
1208	27
1209	25
1210	25
1211	34
1212	29
1213	19
1214	17
1215	21
1216	24
1217	20
1218	19
1219	16
1220	13
1221	6
1222	8
1223	12
1224	11
1225	10
1226	7
1227	3
1228	14
1229	7
1230	8
1231	1
1232	4
1233	7
1234	6
1235	3
1236	2
1237	1
1238	1
1239	4
1240	3
1241	1
1242	2
1243	2
1244	3
1245	2
1246	0
1247	1
1248	2
1249	1
1250	3
1251	1
1252	1
1253	1
1254	5
1255	1
1256	0
1257	3
1258	1
1259	1
1260	4
1261	4
1262	1
1263	1
1264	1
1265	1
1266	4
1267	3
1268	1
1269	0
1270	1
1271	4
1272	2
1273	0
1274	2
1275	1
1276	2
1277	1
1278	0
1279	1
1280	4
1281	0
1282	2
1283	4
1284	2
1285	0
1286	2
1287	3
1288	1
1289	3
1290	1
1291	1
1292	4
1293	0
1294	2
1295	0
1296	0
1297	0
1298	0
1299	0
1300	1
1301	2
1302	2
1303	0
1304	1
1305	1
1306	1
1307	2
1308	3
1309	0
1310	2
1311	0
1312	1
1313	0
1314	4
1315	0
1316	0
1317	1
1318	0
1319	1
1320	0
1321	2
1322	1
1323	1
1324	0
1325	1
1326	1
1327	1
1328	1
1329	1
1330	1
1331	0
1332	2
1333	3
1334	1
1335	1
1336	1
1337	1
1338	3
1339	1
1340	2
1341	2
1342	1
1343	3
1344	1
1345	3
1346	2
1347	1
1348	1
1349	2
1350	3
1351	0
1352	2
1353	2
1354	3
1355	0
1356	0
1357	1
1358	0
1359	0
1360	0
1361	0
1362	0
1363	1
1364	3
1365	1
1366	1
1367	0
1368	2
1369	1
1370	1
1371	0
1372	0
1373	0
1374	1
1375	0
1376	0
1377	1
1378	0
1379	2
1380	3
1381	1
1382	0
1383	2
1384	0
1385	2
1386	0
1387	1
1388	0
1389	0
1390	1
1391	0
1392	0
1393	1
1394	0
1395	0
1396	0
1397	1
1398	1
1399	2
1400	1
1401	1
1402	0
1403	0
1404	1
1405	1
1406	0
1407	3
1408	0
1409	1
1410	1
1411	0
1412	0
1413	0
1414	0
1415	1
1416	0
1417	0
1418	0
1419	0
1420	1
1421	0
1422	1
1423	1
1424	1
1425	0
1426	2
1427	0
1428	0
1429	2
1430	3
1431	0
1432	0
1433	0
1434	1
1435	1
1436	0
1437	1
1438	0
1439	1
1440	1
1441	0
1442	1
1443	1
1444	0
1445	0
1446	0
1447	1
1448	0
1449	0
1450	0
1451	0
1452	2
1453	1
1454	0
1455	0
1456	1
1457	0
1458	1
1459	0
1460	1
1461	0
1462	0
1463	0
1464	1
1465	0
1466	0
1467	0
1468	2
1469	1
1470	0
1471	1
1472	1
1473	1
1474	0
1475	0
1476	0
1477	1
1478	0
1479	1
1480	0
1481	0
1482	1
1483	2
1484	0
1485	1
1486	0
1487	0
1488	2
1489	2
1490	0
1491	0
1492	1
1493	1
1494	0
1495	0
1496	0
1497	0
1498	0
1499	0
1500	0
1501	1
1502	0
1503	0
1504	2
1505	0
1506	0
1507	0
1508	0
1509	0
1510	0
1511	2
1512	0
1513	3
1514	1
1515	1
1516	1
1517	1
1518	0
1519	0
1520	1
1521	0
1522	0
1523	1
1524	0
1525	0
1526	0
1527	0
1528	0
1529	0
1530	0
1531	2
1532	0
1533	0
1534	0
1535	0
1536	1
1537	0
1538	0
1539	0
1540	3
1541	0
1542	1
1543	0
1544	0
1545	1
1546	0
1547	0
1548	0
1549	0
1550	0
1551	0
1552	0
1553	0
1554	0
1555	0
1556	0
1557	0
1558	0
1559	1
1560	0
1561	0
1562	0
1563	1
1564	0
1565	0
1566	0
1567	0
1568	1
1569	0
1570	0
1571	0
1572	2
1573	0
1574	0
1575	0
1576	0
1577	0
1578	0
1579	0
1580	0
1581	0
1582	1
1583	0
1584	0
1585	0
1586	0
1587	1
1588	0
1589	1
1590	0
1591	0
1592	1
1593	1
1594	0
1595	0
1596	0
1597	0
1598	1
1599	0
1600	0
1601	1
1602	0
1603	0
1604	0
1605	0
1606	0
1607	1
1608	1
1609	0
1610	0
1611	0
1612	1
1613	1
1614	0
1615	0
1616	0
1617	0
1618	0
1619	0
1620	0
1621	0
1622	0
1623	0
1624	0
1625	0
1626	1
1627	1
1628	0
1629	0
1630	0
1631	0
1632	0
1633	0
1634	0
1635	0
1636	0
1637	2
1638	0
1639	0
1640	0
1641	2
1642	0
1643	0
1644	0
1645	0
1646	0
1647	1
1648	0
1649	0
1650	0
1651	0
1652	0
1653	0
1654	0
1655	0
1656	0
1657	0
1658	1
1659	0
1660	0
1661	0
1662	0
1663	0
1664	2
1665	1
1666	0
1667	0
1668	0
1669	0
1670	0
1671	0
1672	0
1673	0
1674	0
1675	0
1676	0
1677	0
1678	0
1679	0
1680	0
1681	1
1682	1
1683	0
1684	0
1685	0
1686	1
1687	0
1688	0
1689	0
1690	1
1691	0
1692	0
1693	0
1694	0
1695	0
1696	0
1697	0
1698	0
1699	0
1700	1
1701	0
1702	0
1703	1
1704	0
1705	0
1706	1
1707	0
1708	0
1709	0
1710	0
1711	0
1712	0
1713	0
1714	0
1715	0
1716	0
1717	0
1718	0
1719	0
1720	1
1721	0
1722	0
1723	0
1724	0
1725	0
1726	2
1727	0
1728	0
1729	0
1730	0
1731	0
1732	0
1733	0
1734	0
1735	0
1736	0
1737	0
1738	0
1739	0
1740	0
1741	0
1742	0
1743	0
1744	0
1745	0
1746	0
1747	0
1748	0
1749	0
1750	0
1751	0
1752	0
1753	0
1754	0
1755	0
1756	0
1757	0
1758	0
1759	0
1760	0
1761	0
1762	0
1763	0
1764	0
1765	0
1766	0
1767	0
1768	0
1769	0
1770	0
1771	1
1772	0
1773	0
1774	0
1775	0
1776	1
1777	0
1778	0
1779	0
1780	0
1781	0
1782	0
1783	0
1784	0
1785	0
1786	0
1787	0
1788	0
1789	0
1790	0
1791	1
1792	0
1793	0
1794	0
1795	0
1796	0
1797	0
1798	0
1799	1
1800	0
1801	0
1802	0
1803	0
1804	0
1805	0
1806	0
1807	0
1808	0
1809	0
1810	0
1811	0
1812	0
1813	1
1814	0
1815	0
1816	0
1817	0
1818	0
1819	0
1820	0
1821	0
1822	0
1823	0
1824	0
1825	0
1826	0
1827	0
1828	0
1829	1
1830	0
1831	0
1832	0
1833	0
1834	0
1835	0
1836	0
1837	0
1838	0
1839	0
1840	0
1841	0
1842	0
1843	0
1844	0
1845	0
1846	1
1847	0
1848	0
1849	0
1850	0
1851	0
1852	0
1853	0
1854	1
1855	0
1856	1
1857	0
1858	0
1859	0
1860	0
1861	0
1862	0
1863	0
1864	0
1865	0
1866	0
1867	0
1868	0
1869	0
1870	0
1871	0
1872	0
1873	0
1874	0
1875	0
1876	0
1877	0
1878	0
1879	0
1880	0
1881	0
1882	0
1883	0
1884	0
1885	0
1886	0
1887	0
1888	0
1889	0
1890	0
1891	0
1892	0
1893	0
1894	0
1895	0
1896	0
1897	0
1898	0
1899	0
1900	0
1901	0
1902	0
1903	0
1904	0
1905	0
1906	0
1907	0
1908	0
1909	0
1910	0
1911	0
1912	0
1913	1
1914	0
1915	0
1916	0
1917	0
1918	0
1919	0
1920	0
1921	0
1922	0
1923	0
1924	0
1925	0
1926	0
1927	0
1928	0
1929	0
1930	0
1931	0
1932	0
1933	1
1934	0
1935	0
1936	0
1937	0
1938	0
1939	0
1940	0
1941	0
1942	0
1943	0
1944	0
1945	0
1946	2
1947	0
1948	0
1949	0
1950	0
1951	0
1952	0
1953	0
1954	0
1955	0
1956	0
1957	0
1958	1
1959	0
1960	0
1961	0
1962	0
1963	0
1964	0
1965	0
1966	0
1967	0
1968	0
1969	0
1970	0
1971	0
1972	0
1973	0
1974	0
1975	0
1976	0
1977	0
1978	0
1979	0
1980	0
1981	0
1982	0
1983	0
1984	0
1985	0
1986	0
1987	0
1988	0
1989	0
1990	0
1991	0
1992	0
1993	0
1994	0
1995	0
1996	0
1997	0
1998	0
1999	1
2000	0
2001	0
2002	0
2003	0
2004	0
2005	0
2006	0
2007	0
2008	0
2009	0
2010	0
2011	0
2012	0
2013	1
2014	1
2015	0
2016	0
2017	0
2018	0
2019	0
2020	0
2021	0
2022	0
2023	0
2024	0
2025	0
2026	0
2027	0
2028	0
2029	0
2030	0
2031	0
2032	0
2033	0
2034	0
2035	0
2036	0
2037	0
2038	0
2039	0
2040	0
2041	0
2042	0
2043	0
2044	0
2045	0
2046	0
2047	0
