0	0
1	0
2	0
3	0
4	0
5	0
6	0
7	0
8	0
9	1
10	9
11	37
12	187
13	1216
14	1183
15	628
16	393
17	408
18	356
19	376
20	418
21	408
22	448
23	477
24	537
25	672
26	861
27	1275
28	1916
29	2654
30	3380
31	3947
32	3982
33	3508
34	2934
35	2233
36	1683
37	1191
38	877
39	615
40	509
41	504
42	427
43	426
44	420
45	437
46	396
47	411
48	402
49	405
50	372
51	442
52	383
53	439
54	404
55	428
56	399
57	409
58	411
59	401
60	383
61	409
62	392
63	363
64	377
65	378
66	399
67	403
68	406
69	416
70	434
71	376
72	364
73	371
74	364
75	416
76	340
77	434
78	364
79	394
80	383
81	382
82	367
83	333
84	392
85	383
86	370
87	369
88	368
89	338
90	369
91	430
92	399
93	374
94	391
95	371
96	335
97	354
98	352
99	372
100	382
101	387
102	393
103	392
104	333
105	384
106	412
107	351
108	377
109	373
110	373
111	346
112	343
113	395
114	398
115	378
116	385
117	367
118	383
119	404
120	356
121	407
122	378
123	384
124	361
125	414
126	383
127	412
128	422
129	445
130	400
131	411
132	465
133	471
134	483
135	492
136	466
137	515
138	500
139	498
140	558
141	482
142	505
143	484
144	505
145	460
146	469
147	474
148	469
149	469
150	467
151	488
152	486
153	465
154	485
155	492
156	475
157	472
158	463
159	456
160	452
161	445
162	447
163	454
164	453
165	398
166	474
167	401
168	415
169	410
170	464
171	448
172	401
173	395
174	448
175	417
176	448
177	430
178	391
179	415
180	397
181	395
182	399
183	389
184	375
185	415
186	418
187	419
188	361
189	415
190	379
191	417
192	381
193	398
194	374
195	397
196	411
197	390
198	389
199	383
200	368
201	362
202	410
203	346
204	374
205	375
206	397
207	405
208	385
209	378
210	348
211	357
212	367
213	341
214	367
215	321
216	334
217	353
218	337
219	346
220	349
221	358
222	357
223	337
224	365
225	354
226	370
227	375
228	344
229	339
230	352
231	330
232	338
233	352
234	381
235	342
236	378
237	349
238	355
239	322
240	338
241	334
242	357
243	312
244	368
245	296
246	347
247	350
248	327
249	324
250	353
251	352
252	358
253	344
254	323
255	333
256	338
257	333
258	337
259	295
260	328
261	327
262	279
263	319
264	341
265	323
266	330
267	333
268	322
269	346
270	356
271	351
272	309
273	303
274	319
275	337
276	342
277	313
278	311
279	345
280	336
281	347
282	334
283	313
284	315
285	328
286	355
287	363
288	339
289	327
290	345
291	356
292	342
293	337
294	361
295	288
296	346
297	354
298	318
299	305
300	331
301	328
302	305
303	330
304	372
305	321
306	328
307	340
308	321
309	307
310	324
311	277
312	312
313	288
314	282
315	271
316	277
317	240
318	237
319	219
320	231
321	207
322	191
323	180
324	192
325	163
326	158
327	137
328	150
329	149
330	142
331	138
332	135
333	124
334	120
335	127
336	94
337	102
338	106
339	102
340	84
341	86
342	87
343	79
344	78
345	65
346	86
347	76
348	78
349	85
350	69
351	58
352	65
353	74
354	74
355	90
356	59
357	53
358	55
359	54
360	56
361	55
362	59
363	67
364	48
365	54
366	57
367	55
368	57
369	54
370	65
371	47
372	58
373	48
374	52
375	48
376	45
377	50
378	55
379	37
380	37
381	39
382	45
383	34
384	42
385	39
386	42
387	44
388	41
389	48
390	44
391	37
392	56
393	30
394	40
395	35
396	40
397	43
398	57
399	51
400	50
401	54
402	60
403	64
404	47
405	70
406	69
407	85
408	88
409	112
410	124
411	149
412	172
413	212
414	230
415	291
416	337
417	419
418	478
419	579
420	659
421	744
422	888
423	1071
424	1172
425	1398
426	1522
427	1731
428	1954
429	2140
430	2358
431	2673
432	2808
433	3001
434	3184
435	3339
436	3423
437	3612
438	3792
439	3970
440	4099
441	4087
442	4050
443	4110
444	4065
445	4076
446	3998
447	3866
448	3539
449	3441
450	3216
451	3030
452	2934
453	2610
454	2488
455	2247
456	2072
457	1842
458	1614
459	1479
460	1290
461	1137
462	1017
463	862
464	763
465	631
466	575
467	487
468	434
469	364
470	338
471	316
472	250
473	228
474	167
475	138
476	139
477	133
478	104
479	88
480	92
481	94
482	82
483	88
484	84
485	46
486	75
487	54
488	53
489	53
490	69
491	78
492	64
493	66
494	44
495	55
496	49
497	53
498	43
499	57
500	51
501	58
502	44
503	42
504	55
505	46
506	42
507	52
508	54
509	42
510	58
511	52
512	49
513	39
514	40
515	39
516	33
517	45
518	36
519	27
520	30
521	35
522	48
523	50
524	33
525	37
526	45
527	41
528	33
529	42
530	53
531	35
532	38
533	35
534	48
535	43
536	33
537	32
538	39
539	33
540	38
541	38
542	44
543	40
544	51
545	44
546	38
547	37
548	49
549	42
550	54
551	46
552	42
553	56
554	53
555	50
556	44
557	49
558	40
559	55
560	43
561	34
562	38
563	49
564	37
565	38
566	49
567	40
568	41
569	58
570	31
571	42
572	36
573	34
574	35
575	38
576	39
577	38
578	37
579	38
580	49
581	41
582	47
583	40
584	29
585	30
586	35
587	32
588	42
589	33
590	40
591	46
592	39
593	43
594	25
595	31
596	32
597	37
598	29
599	35
600	18
601	35
602	29
603	43
604	34
605	31
606	42
607	40
608	35
609	29
610	35
611	27
612	27
613	23
614	31
615	30
616	29
617	38
618	26
619	33
620	39
621	29
622	24
623	33
624	27
625	28
626	23
627	18
628	30
629	20
630	24
631	24
632	24
633	24
634	19
635	27
636	27
637	32
638	23
639	26
640	21
641	31
642	24
643	21
644	35
645	31
646	30
647	33
648	28
649	20
650	16
651	28
652	23
653	32
654	20
655	26
656	23
657	22
658	24
659	23
660	28
661	20
662	23
663	29
664	14
665	18
666	14
667	17
668	22
669	30
670	12
671	25
672	12
673	28
674	18
675	22
676	22
677	22
678	19
679	26
680	18
681	13
682	31
683	22
684	17
685	16
686	15
687	21
688	29
689	14
690	22
691	19
692	17
693	20
694	21
695	24
696	20
697	22
698	21
699	19
700	10
701	24
702	21
703	15
704	20
705	8
706	24
707	18
708	23
709	26
710	16
711	26
712	14
713	21
714	24
715	22
716	17
717	20
718	18
719	16
720	21
721	17
722	23
723	16
724	23
725	14
726	16
727	12
728	18
729	19
730	17
731	25
732	26
733	17
734	18
735	18
736	21
737	20
738	23
739	16
740	17
741	17
742	17
743	17
744	22
745	20
746	15
747	16
748	18
749	11
750	16
751	13
752	18
753	26
754	21
755	18
756	17
757	20
758	16
759	15
760	17
761	11
762	16
763	14
764	12
765	11
766	12
767	14
768	13
769	24
770	9
771	10
772	20
773	24
774	15
775	8
776	7
777	11
778	13
779	13
780	18
781	8
782	12
783	15
784	8
785	16
786	12
787	5
788	16
789	10
790	15
791	14
792	6
793	17
794	15
795	11
796	8
797	21
798	14
799	8
800	17
801	9
802	7
803	12
804	5
805	16
806	8
807	13
808	15
809	17
810	12
811	7
812	15
813	15
814	18
815	18
816	8
817	15
818	11
819	9
820	13
821	16
822	20
823	14
824	18
825	19
826	22
827	10
828	9
829	18
830	13
831	17
832	14
833	24
834	11
835	17
836	19
837	25
838	14
839	19
840	19
841	15
842	20
843	20
844	15
845	12
846	12
847	18
848	20
849	22
850	28
851	22
852	19
853	22
854	18
855	19
856	35
857	20
858	26
859	15
860	23
861	22
862	29
863	20
864	21
865	17
866	19
867	22
868	17
869	24
870	15
871	25
872	27
873	19
874	26
875	22
876	22
877	29
878	26
879	23
880	23
881	19
882	16
883	21
884	25
885	24
886	20
887	16
888	20
889	11
890	15
891	12
892	15
893	21
894	15
895	8
896	12
897	13
898	10
899	8
900	12
901	9
902	8
903	6
904	8
905	9
906	4
907	4
908	5
909	1
910	5
911	2
912	4
913	3
914	5
915	1
916	2
917	1
918	2
919	2
920	2
921	2
922	1
923	3
924	2
925	0
926	3
927	0
928	2
929	2
930	0
931	1
932	2
933	0
934	3
935	0
936	2
937	2
938	1
939	3
940	1
941	2
942	0
943	2
944	3
945	1
946	2
947	1
948	2
949	0
950	2
951	2
952	2
953	0
954	1
955	1
956	0
957	1
958	1
959	2
960	1
961	0
962	2
963	4
964	1
965	1
966	1
967	3
968	1
969	3
970	2
971	1
972	2
973	2
974	1
975	0
976	1
977	1
978	1
979	2
980	1
981	0
982	0
983	1
984	0
985	0
986	1
987	1
988	1
989	2
990	0
991	2
992	1
993	0
994	0
995	2
996	0
997	3
998	1
999	0
1000	1
1001	1
1002	1
1003	1
1004	0
1005	0
1006	1
1007	1
1008	0
1009	0
1010	0
1011	0
1012	0
1013	0
1014	0
1015	1
1016	3
1017	0
1018	0
1019	0
1020	0
1021	0
1022	1
1023	0
1024	1
1025	0
1026	1
1027	1
1028	2
1029	1
1030	0
1031	1
1032	3
1033	0
1034	0
1035	1
1036	0
1037	0
1038	2
1039	0
1040	1
1041	0
1042	1
1043	0
1044	1
1045	0
1046	1
1047	2
1048	1
1049	1
1050	0
1051	0
1052	0
1053	0
1054	0
1055	2
1056	0
1057	2
1058	1
1059	1
1060	1
1061	1
1062	0
1063	0
1064	2
1065	0
1066	0
1067	1
1068	0
1069	0
1070	1
1071	2
1072	1
1073	0
1074	0
1075	0
1076	0
1077	1
1078	1
1079	1
1080	0
1081	0
1082	0
1083	1
1084	1
1085	3
1086	0
1087	1
1088	1
1089	0
1090	0
1091	0
1092	0
1093	0
1094	1
1095	1
1096	0
1097	1
1098	1
1099	1
1100	0
1101	1
1102	0
1103	0
1104	1
1105	0
1106	2
1107	0
1108	0
1109	1
1110	2
1111	0
1112	2
1113	0
1114	0
1115	0
1116	0
1117	0
1118	0
1119	0
1120	0
1121	0
1122	1
1123	0
1124	0
1125	0
1126	2
1127	0
1128	0
1129	0
1130	0
1131	1
1132	1
1133	0
1134	1
1135	0
1136	0
1137	0
1138	0
1139	1
1140	1
1141	0
1142	0
1143	0
1144	1
1145	0
1146	1
1147	1
1148	0
1149	1
1150	0
1151	0
1152	1
1153	0
1154	0
1155	0
1156	1
1157	0
1158	0
1159	0
1160	0
1161	0
1162	1
1163	0
1164	1
1165	1
1166	0
1167	0
1168	0
1169	0
1170	0
1171	0
1172	1
1173	0
1174	0
1175	1
1176	0
1177	0
1178	1
1179	0
1180	1
1181	0
1182	0
1183	2
1184	0
1185	1
1186	0
1187	0
1188	0
1189	0
1190	1
1191	0
1192	0
1193	0
1194	0
1195	1
1196	0
1197	0
1198	0
1199	0
1200	0
1201	0
1202	0
1203	0
1204	1
1205	2
1206	1
1207	0
1208	0
1209	0
1210	0
1211	0
1212	0
1213	0
1214	1
1215	1
1216	0
1217	0
1218	0
1219	0
1220	1
1221	0
1222	0
1223	1
1224	0
1225	0
1226	0
1227	1
1228	1
1229	0
1230	1
1231	1
1232	0
1233	0
1234	0
1235	0
1236	0
1237	0
1238	0
1239	0
1240	0
1241	2
1242	0
1243	0
1244	0
1245	0
1246	0
1247	0
1248	0
1249	0
1250	0
1251	0
1252	0
1253	0
1254	1
1255	0
1256	0
1257	0
1258	0
1259	0
1260	1
1261	0
1262	0
1263	1
1264	0
1265	0
1266	0
1267	1
1268	1
1269	0
1270	1
1271	0
1272	0
1273	1
1274	0
1275	0
1276	0
1277	0
1278	0
1279	0
1280	0
1281	1
1282	1
1283	0
1284	0
1285	1
1286	1
1287	0
1288	0
1289	0
1290	0
1291	0
1292	0
1293	1
1294	1
1295	0
1296	0
1297	0
1298	0
1299	0
1300	0
1301	0
1302	2
1303	0
1304	1
1305	0
1306	2
1307	0
1308	0
1309	0
1310	0
1311	2
1312	1
1313	0
1314	0
1315	0
1316	0
1317	0
1318	0
1319	0
1320	0
1321	0
1322	0
1323	0
1324	0
1325	0
1326	0
1327	1
1328	0
1329	0
1330	0
1331	1
1332	0
1333	0
1334	0
1335	0
1336	0
1337	0
1338	0
1339	0
1340	0
1341	0
1342	0
1343	1
1344	1
1345	0
1346	0
1347	0
1348	0
1349	0
1350	0
1351	0
1352	0
1353	0
1354	0
1355	0
1356	1
1357	0
1358	0
1359	0
1360	0
1361	0
1362	0
1363	0
1364	0
1365	0
1366	0
1367	0
1368	0
1369	0
1370	0
1371	1
1372	0
1373	0
1374	0
1375	0
1376	0
1377	0
1378	0
1379	0
1380	0
1381	0
1382	0
1383	0
1384	0
1385	0
1386	0
1387	0
1388	0
1389	0
1390	0
1391	0
1392	0
1393	0
1394	0
1395	0
1396	0
1397	0
1398	0
1399	0
1400	0
1401	0
1402	0
1403	0
1404	0
1405	0
1406	0
1407	0
1408	0
1409	0
1410	0
1411	0
1412	0
1413	0
1414	0
1415	0
1416	0
1417	0
1418	0
1419	0
1420	0
1421	0
1422	0
1423	0
1424	0
1425	0
1426	0
1427	0
1428	0
1429	0
1430	0
1431	0
1432	0
1433	0
1434	0
1435	0
1436	0
1437	0
1438	0
1439	0
1440	0
1441	0
1442	0
1443	0
1444	0
1445	0
1446	0
1447	0
1448	0
1449	0
1450	1
1451	0
1452	0
1453	1
1454	0
1455	0
1456	0
1457	0
1458	0
1459	0
1460	0
1461	0
1462	0
1463	0
1464	0
1465	0
1466	0
1467	0
1468	0
1469	0
1470	0
1471	0
1472	0
1473	0
1474	0
1475	0
1476	0
1477	0
1478	0
1479	0
1480	0
1481	0
1482	0
1483	0
1484	0
1485	0
1486	0
1487	0
1488	0
1489	1
1490	0
1491	0
1492	0
1493	0
1494	0
1495	0
1496	0
1497	0
1498	0
1499	0
1500	0
1501	0
1502	0
1503	0
1504	0
1505	0
1506	0
1507	0
1508	0
1509	1
1510	0
1511	0
1512	1
1513	0
1514	1
1515	0
1516	0
1517	0
1518	0
1519	1
1520	0
1521	1
1522	0
1523	0
1524	0
1525	0
1526	0
1527	0
1528	0
1529	0
1530	0
1531	0
1532	0
1533	0
1534	0
1535	0
1536	0
1537	0
1538	0
1539	0
1540	0
1541	0
1542	0
1543	0
1544	0
1545	0
1546	0
1547	0
1548	0
1549	0
1550	0
1551	0
1552	0
1553	0
1554	0
1555	0
1556	0
1557	0
1558	0
1559	0
1560	0
1561	0
1562	0
1563	0
1564	0
1565	0
1566	0
1567	0
1568	0
1569	0
1570	0
1571	0
1572	0
1573	0
1574	1
1575	0
1576	0
1577	0
1578	0
1579	0
1580	0
1581	0
1582	0
1583	0
1584	0
1585	0
1586	0
1587	0
1588	0
1589	0
1590	0
1591	0
1592	0
1593	0
1594	0
1595	0
1596	0
1597	0
1598	0
1599	0
1600	0
1601	0
1602	0
1603	0
1604	0
1605	0
1606	0
1607	0
1608	0
1609	0
1610	0
1611	0
1612	0
1613	0
1614	0
1615	0
1616	0
1617	0
1618	0
1619	0
1620	0
1621	0
1622	0
1623	0
1624	0
1625	0
1626	0
1627	0
1628	0
1629	0
1630	0
1631	0
1632	0
1633	0
1634	0
1635	0
1636	0
1637	0
1638	0
1639	0
1640	0
1641	0
1642	0
1643	0
1644	0
1645	0
1646	0
1647	0
1648	0
1649	0
1650	0
1651	0
1652	0
1653	0
1654	0
1655	0
1656	0
1657	0
1658	0
1659	0
1660	0
1661	0
1662	0
1663	0
1664	0
1665	0
1666	0
1667	0
1668	0
1669	0
1670	0
1671	0
1672	0
1673	0
1674	0
1675	0
1676	0
1677	0
1678	0
1679	0
1680	0
1681	0
1682	0
1683	0
1684	0
1685	0
1686	0
1687	0
1688	0
1689	0
1690	0
1691	0
1692	0
1693	0
1694	1
1695	1
1696	0
1697	0
1698	0
1699	0
1700	0
1701	0
1702	0
1703	0
1704	0
1705	0
1706	0
1707	0
1708	1
1709	0
1710	0
1711	0
1712	0
1713	0
1714	0
1715	0
1716	0
1717	0
1718	0
1719	0
1720	0
1721	0
1722	0
1723	0
1724	0
1725	0
1726	0
1727	0
1728	0
1729	0
1730	0
1731	0
1732	0
1733	0
1734	0
1735	0
1736	0
1737	0
1738	0
1739	0
1740	0
1741	0
1742	0
1743	0
1744	0
1745	0
1746	0
1747	0
1748	0
1749	0
1750	0
1751	0
1752	1
1753	0
1754	0
1755	0
1756	0
1757	0
1758	0
1759	0
1760	0
1761	0
1762	0
1763	0
1764	0
1765	0
1766	0
1767	0
1768	0
1769	0
1770	0
1771	0
1772	0
1773	0
1774	0
1775	0
1776	0
1777	0
1778	0
1779	0
1780	0
1781	0
1782	0
1783	0
1784	0
1785	0
1786	0
1787	0
1788	0
1789	0
1790	0
1791	0
1792	0
1793	0
1794	0
1795	0
1796	1
1797	0
1798	0
1799	0
1800	0
1801	0
1802	0
1803	0
1804	0
1805	0
1806	0
1807	0
1808	0
1809	0
1810	0
1811	0
1812	0
1813	1
1814	0
1815	0
1816	0
1817	0
1818	0
1819	0
1820	0
1821	0
1822	0
1823	0
1824	0
1825	0
1826	0
1827	0
1828	0
1829	0
1830	0
1831	0
1832	0
1833	0
1834	0
1835	0
1836	0
1837	0
1838	0
1839	0
1840	0
1841	0
1842	0
1843	1
1844	0
1845	0
1846	0
1847	0
1848	0
1849	0
1850	0
1851	0
1852	0
1853	0
1854	0
1855	0
1856	0
1857	0
1858	0
1859	0
1860	0
1861	1
1862	0
1863	0
1864	0
1865	0
1866	0
1867	0
1868	0
1869	0
1870	0
1871	0
1872	0
1873	0
1874	0
1875	0
1876	0
1877	0
1878	0
1879	0
1880	0
1881	0
1882	0
1883	0
1884	0
1885	0
1886	0
1887	0
1888	0
1889	0
1890	0
1891	0
1892	0
1893	0
1894	0
1895	0
1896	0
1897	0
1898	0
1899	0
1900	0
1901	0
1902	0
1903	0
1904	0
1905	0
1906	0
1907	0
1908	0
1909	0
1910	0
1911	0
1912	0
1913	0
1914	0
1915	0
1916	0
1917	0
1918	1
1919	0
1920	0
1921	0
1922	0
1923	0
1924	0
1925	0
1926	0
1927	0
1928	0
1929	0
1930	0
1931	0
1932	0
1933	0
1934	0
1935	0
1936	0
1937	0
1938	0
1939	1
1940	0
1941	0
1942	0
1943	0
1944	0
1945	0
1946	0
1947	0
1948	0
1949	0
1950	0
1951	0
1952	0
1953	0
1954	0
1955	0
1956	0
1957	0
1958	0
1959	0
1960	0
1961	0
1962	0
1963	0
1964	0
1965	0
1966	0
1967	0
1968	0
1969	0
1970	0
1971	0
1972	0
1973	0
1974	0
1975	0
1976	0
1977	0
1978	0
1979	0
1980	0
1981	0
1982	0
1983	0
1984	0
1985	0
1986	0
1987	0
1988	0
1989	0
1990	0
1991	0
1992	0
1993	0
1994	0
1995	0
1996	0
1997	0
1998	0
1999	0
2000	0
2001	0
2002	0
2003	0
2004	0
2005	0
2006	0
2007	0
2008	0
2009	0
2010	0
2011	0
2012	0
2013	0
2014	0
2015	0
2016	0
2017	0
2018	0
2019	0
2020	0
2021	0
2022	0
2023	0
2024	0
2025	0
2026	0
2027	0
2028	0
2029	0
2030	0
2031	0
2032	0
2033	0
2034	0
2035	0
2036	0
2037	0
2038	0
2039	0
2040	0
2041	0
2042	0
2043	0
2044	0
2045	0
2046	0
2047	0
