0	0
1	0
2	0
3	0
4	0
5	0
6	0
7	0
8	0
9	0
10	2
11	8
12	33
13	288
14	292
15	233
16	196
17	219
18	204
19	191
20	210
21	229
22	221
23	226
24	244
25	230
26	217
27	214
28	251
29	246
30	237
31	232
32	228
33	255
34	261
35	237
36	253
37	221
38	214
39	210
40	226
41	247
42	221
43	221
44	238
45	210
46	212
47	253
48	244
49	211
50	212
51	203
52	221
53	229
54	228
55	230
56	250
57	205
58	230
59	219
60	217
61	252
62	249
63	230
64	216
65	223
66	251
67	240
68	255
69	232
70	216
71	210
72	222
73	220
74	208
75	220
76	214
77	223
78	225
79	209
80	221
81	219
82	199
83	209
84	225
85	218
86	209
87	191
88	238
89	201
90	215
91	204
92	212
93	237
94	242
95	222
96	225
97	203
98	206
99	224
100	206
101	237
102	229
103	200
104	203
105	224
106	204
107	186
108	228
109	210
110	197
111	228
112	207
113	199
114	213
115	214
116	215
117	227
118	191
119	237
120	195
121	222
122	222
123	225
124	272
125	241
126	257
127	235
128	257
129	282
130	240
131	243
132	286
133	236
134	255
135	271
136	259
137	254
138	251
139	238
140	241
141	252
142	237
143	253
144	243
145	230
146	250
147	267
148	227
149	259
150	251
151	230
152	237
153	249
154	267
155	253
156	210
157	246
158	231
159	225
160	252
161	227
162	251
163	220
164	231
165	224
166	254
167	256
168	207
169	233
170	247
171	218
172	212
173	235
174	214
175	203
176	218
177	221
178	232
179	242
180	206
181	193
182	207
183	207
184	215
185	196
186	219
187	200
188	205
189	225
190	208
191	210
192	172
193	220
194	231
195	223
196	199
197	193
198	223
199	203
200	227
201	185
202	198
203	224
204	205
205	196
206	201
207	172
208	195
209	222
210	218
211	207
212	197
213	200
214	183
215	201
216	196
217	181
218	197
219	206
220	175
221	225
222	193
223	213
224	175
225	182
226	189
227	193
228	172
229	181
230	184
231	172
232	152
233	154
234	127
235	153
236	124
237	126
238	127
239	101
240	111
241	107
242	115
243	99
244	109
245	96
246	109
247	104
248	99
249	87
250	95
251	96
252	88
253	85
254	90
255	87
256	85
257	89
258	71
259	76
260	55
261	81
262	95
263	76
264	70
265	77
266	78
267	88
268	95
269	60
270	73
271	63
272	66
273	57
274	71
275	66
276	74
277	64
278	77
279	70
280	61
281	73
282	79
283	76
284	73
285	73
286	65
287	67
288	63
289	69
290	76
291	60
292	54
293	65
294	80
295	70
296	77
297	55
298	72
299	78
300	68
301	74
302	70
303	64
304	64
305	64
306	76
307	62
308	70
309	63
310	60
311	69
312	76
313	85
314	80
315	115
316	87
317	116
318	117
319	141
320	146
321	166
322	186
323	241
324	268
325	330
326	397
327	452
328	543
329	609
330	752
331	849
332	1001
333	1204
334	1235
335	1360
336	1564
337	1803
338	1903
339	2006
340	2138
341	2306
342	2389
343	2467
344	2610
345	2647
346	2670
347	2619
348	2729
349	2493
350	2473
351	2267
352	2263
353	2054
354	1950
355	1757
356	1663
357	1423
358	1365
359	1076
360	1073
361	939
362	793
363	674
364	579
365	475
366	414
367	343
368	296
369	227
370	220
371	177
372	130
373	136
374	102
375	94
376	94
377	86
378	74
379	86
380	76
381	66
382	66
383	57
384	61
385	67
386	60
387	53
388	69
389	61
390	46
391	60
392	54
393	56
394	52
395	68
396	64
397	68
398	70
399	76
400	63
401	79
402	59
403	55
404	48
405	62
406	64
407	61
408	59
409	67
410	60
411	60
412	67
413	52
414	63
415	68
416	68
417	52
418	45
419	71
420	54
421	52
422	58
423	56
424	69
425	64
426	58
427	44
428	51
429	74
430	55
431	54
432	68
433	57
434	53
435	81
436	54
437	61
438	64
439	70
440	57
441	54
442	60
443	50
444	56
445	60
446	59
447	77
448	51
449	52
450	51
451	48
452	61
453	57
454	73
455	75
456	73
457	64
458	68
459	63
460	72
461	50
462	75
463	62
464	71
465	52
466	58
467	81
468	62
469	83
470	53
471	65
472	51
473	76
474	82
475	76
476	64
477	68
478	59
479	71
480	67
481	65
482	64
483	57
484	78
485	63
486	59
487	62
488	66
489	69
490	68
491	64
492	70
493	54
494	66
495	60
496	69
497	66
498	54
499	65
500	70
501	61
502	86
503	71
504	56
505	54
506	45
507	55
508	67
509	86
510	60
511	64
512	57
513	54
514	65
515	63
516	55
517	61
518	67
519	53
520	67
521	68
522	47
523	64
524	48
525	59
526	55
527	54
528	55
529	50
530	69
531	58
532	49
533	51
534	58
535	58
536	59
537	53
538	59
539	55
540	51
541	53
542	58
543	52
544	68
545	49
546	48
547	47
548	63
549	48
550	63
551	59
552	51
553	59
554	69
555	61
556	66
557	58
558	73
559	47
560	72
561	65
562	58
563	61
564	43
565	65
566	64
567	54
568	46
569	51
570	64
571	58
572	60
573	70
574	56
575	44
576	52
577	64
578	54
579	62
580	56
581	57
582	62
583	49
584	49
585	67
586	61
587	58
588	55
589	74
590	61
591	49
592	66
593	69
594	51
595	49
596	56
597	47
598	58
599	61
600	59
601	55
602	51
603	54
604	60
605	55
606	55
607	52
608	61
609	65
610	46
611	57
612	61
613	60
614	57
615	67
616	55
617	45
618	60
619	69
620	63
621	60
622	57
623	57
624	55
625	48
626	52
627	51
628	69
629	60
630	61
631	67
632	60
633	64
634	81
635	66
636	58
637	53
638	68
639	63
640	46
641	61
642	58
643	65
644	76
645	43
646	57
647	57
648	53
649	52
650	58
651	58
652	54
653	59
654	65
655	67
656	53
657	56
658	61
659	56
660	59
661	45
662	62
663	69
664	60
665	70
666	51
667	64
668	53
669	56
670	58
671	57
672	52
673	59
674	45
675	52
676	50
677	72
678	65
679	54
680	58
681	49
682	53
683	53
684	51
685	48
686	61
687	62
688	62
689	56
690	50
691	48
692	63
693	55
694	46
695	56
696	48
697	37
698	52
699	49
700	51
701	32
702	47
703	49
704	34
705	57
706	45
707	30
708	48
709	38
710	45
711	37
712	32
713	38
714	27
715	38
716	34
717	35
718	36
719	41
720	34
721	28
722	36
723	35
724	32
725	31
726	25
727	34
728	29
729	29
730	29
731	37
732	42
733	25
734	29
735	38
736	27
737	29
738	26
739	32
740	25
741	33
742	31
743	29
744	29
745	24
746	31
747	33
748	37
749	21
750	23
751	25
752	26
753	21
754	23
755	30
756	24
757	30
758	23
759	30
760	45
761	21
762	18
763	26
764	26
765	28
766	25
767	24
768	13
769	22
770	28
771	21
772	23
773	32
774	19
775	27
776	20
777	19
778	30
779	24
780	23
781	30
782	47
783	28
784	25
785	21
786	27
787	24
788	24
789	32
790	15
791	18
792	22
793	30
794	27
795	31
796	35
797	34
798	36
799	31
800	31
801	37
802	37
803	43
804	38
805	59
806	48
807	50
808	60
809	46
810	71
811	78
812	87
813	94
814	92
815	76
816	94
817	118
818	133
819	124
820	163
821	143
822	175
823	166
824	176
825	168
826	213
827	203
828	197
829	197
830	215
831	195
832	223
833	250
834	249
835	224
836	243
837	258
838	285
839	273
840	266
841	250
842	275
843	228
844	240
845	227
846	255
847	218
848	236
849	226
850	187
851	191
852	196
853	163
854	179
855	197
856	165
857	146
858	138
859	152
860	127
861	135
862	114
863	107
864	113
865	92
866	89
867	94
868	87
869	81
870	66
871	60
872	53
873	48
874	51
875	54
876	58
877	50
878	45
879	45
880	39
881	39
882	42
883	45
884	42
885	32
886	46
887	33
888	24
889	40
890	38
891	30
892	23
893	33
894	34
895	31
896	36
897	44
898	30
899	39
900	24
901	36
902	33
903	37
904	39
905	39
906	29
907	27
908	30
909	28
910	38
911	27
912	37
913	31
914	43
915	40
916	29
917	36
918	27
919	30
920	36
921	33
922	40
923	22
924	31
925	28
926	38
927	37
928	31
929	31
930	40
931	25
932	29
933	25
934	25
935	42
936	36
937	34
938	27
939	32
940	36
941	37
942	33
943	34
944	29
945	24
946	31
947	32
948	38
949	22
950	42
951	30
952	26
953	27
954	33
955	37
956	31
957	24
958	25
959	27
960	24
961	40
962	17
963	42
964	25
965	28
966	40
967	38
968	32
969	36
970	28
971	30
972	43
973	33
974	28
975	39
976	24
977	37
978	35
979	30
980	41
981	25
982	34
983	27
984	40
985	46
986	31
987	40
988	28
989	27
990	33
991	39
992	31
993	24
994	29
995	31
996	39
997	29
998	39
999	31
1000	30
1001	29
1002	20
1003	22
1004	39
1005	28
1006	33
1007	24
1008	37
1009	32
1010	21
1011	19
1012	23
1013	33
1014	31
1015	29
1016	23
1017	34
1018	21
1019	27
1020	34
1021	19
1022	29
1023	24
1024	26
1025	37
1026	26
1027	21
1028	32
1029	20
1030	26
1031	29
1032	23
1033	25
1034	30
1035	27
1036	21
1037	17
1038	18
1039	34
1040	22
1041	16
1042	21
1043	21
1044	27
1045	23
1046	29
1047	20
1048	30
1049	24
1050	15
1051	15
1052	33
1053	15
1054	11
1055	19
1056	15
1057	14
1058	15
1059	16
1060	16
1061	13
1062	13
1063	18
1064	18
1065	14
1066	13
1067	12
1068	14
1069	20
1070	16
1071	17
1072	13
1073	12
1074	19
1075	9
1076	17
1077	6
1078	17
1079	6
1080	11
1081	9
1082	2
1083	7
1084	15
1085	7
1086	9
1087	5
1088	7
1089	12
1090	11
1091	6
1092	10
1093	7
1094	11
1095	5
1096	7
1097	3
1098	6
1099	5
1100	7
1101	3
1102	4
1103	11
1104	9
1105	3
1106	8
1107	2
1108	6
1109	7
1110	4
1111	5
1112	1
1113	9
1114	7
1115	1
1116	6
1117	6
1118	7
1119	8
1120	6
1121	5
1122	5
1123	7
1124	6
1125	9
1126	8
1127	12
1128	3
1129	8
1130	6
1131	7
1132	8
1133	10
1134	11
1135	13
1136	8
1137	12
1138	11
1139	16
1140	9
1141	5
1142	16
1143	15
1144	15
1145	9
1146	21
1147	23
1148	11
1149	34
1150	30
1151	22
1152	31
1153	25
1154	40
1155	44
1156	39
1157	28
1158	38
1159	42
1160	56
1161	57
1162	55
1163	53
1164	58
1165	43
1166	67
1167	66
1168	66
1169	66
1170	79
1171	69
1172	81
1173	69
1174	89
1175	88
1176	79
1177	90
1178	81
1179	87
1180	76
1181	86
1182	89
1183	103
1184	91
1185	112
1186	88
1187	101
1188	96
1189	88
1190	84
1191	75
1192	91
1193	83
1194	83
1195	75
1196	82
1197	78
1198	69
1199	60
1200	64
1201	77
1202	57
1203	59
1204	53
1205	79
1206	34
1207	57
1208	49
1209	43
1210	52
1211	31
1212	41
1213	37
1214	31
1215	32
1216	35
1217	19
1218	22
1219	22
1220	20
1221	18
1222	23
1223	13
1224	10
1225	12
1226	10
1227	11
1228	8
1229	6
1230	5
1231	8
1232	4
1233	5
1234	6
1235	9
1236	4
1237	4
1238	4
1239	0
1240	2
1241	2
1242	3
1243	3
1244	0
1245	0
1246	0
1247	3
1248	0
1249	4
1250	1
1251	4
1252	1
1253	4
1254	4
1255	2
1256	2
1257	3
1258	3
1259	1
1260	2
1261	5
1262	2
1263	0
1264	2
1265	1
1266	0
1267	3
1268	5
1269	2
1270	1
1271	3
1272	1
1273	0
1274	3
1275	2
1276	1
1277	3
1278	0
1279	0
1280	3
1281	0
1282	0
1283	1
1284	2
1285	0
1286	0
1287	3
1288	1
1289	0
1290	0
1291	0
1292	0
1293	0
1294	1
1295	1
1296	1
1297	1
1298	3
1299	2
1300	0
1301	2
1302	4
1303	2
1304	4
1305	1
1306	0
1307	2
1308	2
1309	3
1310	1
1311	0
1312	2
1313	2
1314	1
1315	3
1316	3
1317	1
1318	2
1319	3
1320	1
1321	3
1322	3
1323	1
1324	1
1325	2
1326	1
1327	3
1328	1
1329	1
1330	1
1331	3
1332	0
1333	2
1334	2
1335	1
1336	0
1337	2
1338	0
1339	3
1340	1
1341	3
1342	0
1343	2
1344	1
1345	1
1346	1
1347	0
1348	0
1349	0
1350	0
1351	1
1352	3
1353	0
1354	0
1355	3
1356	0
1357	1
1358	1
1359	3
1360	0
1361	1
1362	1
1363	2
1364	1
1365	0
1366	1
1367	0
1368	1
1369	2
1370	0
1371	0
1372	0
1373	0
1374	1
1375	1
1376	1
1377	1
1378	0
1379	2
1380	0
1381	0
1382	2
1383	1
1384	1
1385	0
1386	3
1387	2
1388	1
1389	2
1390	1
1391	1
1392	1
1393	1
1394	1
1395	0
1396	1
1397	1
1398	1
1399	2
1400	1
1401	1
1402	0
1403	0
1404	0
1405	1
1406	1
1407	0
1408	1
1409	1
1410	0
1411	0
1412	0
1413	0
1414	0
1415	0
1416	0
1417	0
1418	1
1419	0
1420	0
1421	1
1422	0
1423	2
1424	0
1425	0
1426	0
1427	0
1428	1
1429	0
1430	1
1431	1
1432	1
1433	1
1434	1
1435	0
1436	0
1437	1
1438	0
1439	1
1440	0
1441	0
1442	1
1443	0
1444	0
1445	0
1446	2
1447	0
1448	0
1449	0
1450	0
1451	1
1452	2
1453	0
1454	0
1455	0
1456	0
1457	1
1458	0
1459	0
1460	0
1461	1
1462	0
1463	0
1464	0
1465	1
1466	2
1467	2
1468	0
1469	0
1470	0
1471	0
1472	0
1473	0
1474	2
1475	0
1476	0
1477	1
1478	0
1479	0
1480	0
1481	0
1482	1
1483	0
1484	0
1485	0
1486	2
1487	0
1488	1
1489	0
1490	0
1491	0
1492	0
1493	1
1494	1
1495	1
1496	1
1497	1
1498	0
1499	1
1500	0
1501	1
1502	0
1503	0
1504	0
1505	2
1506	0
1507	3
1508	0
1509	1
1510	0
1511	1
1512	0
1513	3
1514	1
1515	0
1516	0
1517	0
1518	0
1519	0
1520	0
1521	1
1522	0
1523	0
1524	1
1525	0
1526	0
1527	0
1528	1
1529	1
1530	1
1531	0
1532	0
1533	1
1534	0
1535	1
1536	0
1537	0
1538	0
1539	0
1540	1
1541	0
1542	0
1543	0
1544	0
1545	0
1546	1
1547	0
1548	0
1549	0
1550	0
1551	0
1552	1
1553	1
1554	0
1555	1
1556	1
1557	1
1558	0
1559	0
1560	0
1561	0
1562	0
1563	0
1564	0
1565	0
1566	0
1567	0
1568	1
1569	0
1570	0
1571	0
1572	0
1573	0
1574	0
1575	0
1576	0
1577	0
1578	0
1579	0
1580	0
1581	0
1582	0
1583	0
1584	0
1585	0
1586	0
1587	0
1588	0
1589	0
1590	0
1591	0
1592	1
1593	2
1594	0
1595	0
1596	1
1597	0
1598	0
1599	0
1600	0
1601	1
1602	0
1603	0
1604	0
1605	0
1606	1
1607	2
1608	1
1609	0
1610	0
1611	0
1612	0
1613	0
1614	0
1615	0
1616	0
1617	0
1618	0
1619	0
1620	0
1621	0
1622	0
1623	0
1624	0
1625	0
1626	0
1627	0
1628	0
1629	0
1630	0
1631	0
1632	0
1633	0
1634	0
1635	1
1636	1
1637	0
1638	1
1639	0
1640	0
1641	0
1642	1
1643	0
1644	0
1645	0
1646	0
1647	1
1648	0
1649	0
1650	0
1651	2
1652	0
1653	1
1654	0
1655	1
1656	2
1657	0
1658	0
1659	0
1660	0
1661	0
1662	0
1663	0
1664	0
1665	0
1666	0
1667	0
1668	0
1669	0
1670	0
1671	2
1672	0
1673	0
1674	0
1675	0
1676	0
1677	0
1678	0
1679	0
1680	1
1681	0
1682	0
1683	0
1684	0
1685	0
1686	0
1687	0
1688	1
1689	0
1690	0
1691	0
1692	2
1693	0
1694	0
1695	0
1696	0
1697	0
1698	0
1699	0
1700	0
1701	0
1702	1
1703	0
1704	1
1705	0
1706	0
1707	0
1708	0
1709	1
1710	2
1711	0
1712	1
1713	0
1714	0
1715	0
1716	0
1717	0
1718	0
1719	0
1720	0
1721	0
1722	0
1723	0
1724	0
1725	0
1726	0
1727	0
1728	0
1729	0
1730	1
1731	0
1732	0
1733	1
1734	0
1735	0
1736	0
1737	0
1738	0
1739	0
1740	0
1741	0
1742	0
1743	0
1744	0
1745	1
1746	0
1747	0
1748	0
1749	0
1750	0
1751	0
1752	0
1753	0
1754	0
1755	0
1756	0
1757	0
1758	0
1759	1
1760	0
1761	0
1762	0
1763	0
1764	0
1765	1
1766	0
1767	0
1768	2
1769	0
1770	0
1771	0
1772	0
1773	0
1774	0
1775	0
1776	0
1777	0
1778	0
1779	0
1780	0
1781	0
1782	0
1783	0
1784	0
1785	0
1786	0
1787	0
1788	0
1789	0
1790	0
1791	0
1792	0
1793	0
1794	0
1795	0
1796	1
1797	0
1798	0
1799	0
1800	0
1801	0
1802	0
1803	0
1804	1
1805	0
1806	0
1807	0
1808	0
1809	0
1810	0
1811	0
1812	0
1813	0
1814	0
1815	0
1816	0
1817	0
1818	0
1819	0
1820	0
1821	0
1822	0
1823	0
1824	0
1825	0
1826	0
1827	0
1828	0
1829	0
1830	0
1831	1
1832	0
1833	0
1834	0
1835	1
1836	0
1837	0
1838	0
1839	1
1840	0
1841	0
1842	0
1843	0
1844	0
1845	0
1846	0
1847	0
1848	0
1849	1
1850	0
1851	0
1852	0
1853	0
1854	0
1855	0
1856	0
1857	0
1858	0
1859	0
1860	0
1861	0
1862	0
1863	0
1864	0
1865	0
1866	0
1867	0
1868	0
1869	0
1870	0
1871	0
1872	0
1873	0
1874	0
1875	0
1876	0
1877	1
1878	0
1879	0
1880	0
1881	0
1882	0
1883	0
1884	0
1885	0
1886	0
1887	0
1888	0
1889	0
1890	0
1891	0
1892	0
1893	0
1894	0
1895	0
1896	0
1897	1
1898	0
1899	0
1900	0
1901	0
1902	0
1903	0
1904	1
1905	0
1906	0
1907	0
1908	0
1909	1
1910	0
1911	0
1912	0
1913	1
1914	0
1915	0
1916	0
1917	0
1918	0
1919	1
1920	0
1921	0
1922	0
1923	0
1924	0
1925	0
1926	0
1927	0
1928	0
1929	0
1930	0
1931	1
1932	0
1933	0
1934	0
1935	0
1936	0
1937	0
1938	0
1939	0
1940	0
1941	0
1942	0
1943	0
1944	1
1945	0
1946	0
1947	0
1948	0
1949	0
1950	0
1951	0
1952	0
1953	0
1954	0
1955	0
1956	0
1957	0
1958	0
1959	1
1960	0
1961	0
1962	0
1963	0
1964	2
1965	0
1966	0
1967	0
1968	0
1969	0
1970	0
1971	0
1972	0
1973	0
1974	1
1975	0
1976	0
1977	0
1978	1
1979	0
1980	0
1981	0
1982	0
1983	0
1984	0
1985	0
1986	0
1987	0
1988	0
1989	0
1990	0
1991	0
1992	0
1993	0
1994	0
1995	1
1996	0
1997	0
1998	0
1999	0
2000	0
2001	0
2002	0
2003	0
2004	0
2005	0
2006	0
2007	0
2008	0
2009	0
2010	0
2011	0
2012	0
2013	0
2014	0
2015	0
2016	0
2017	0
2018	0
2019	0
2020	0
2021	0
2022	0
2023	0
2024	0
2025	0
2026	0
2027	0
2028	0
2029	0
2030	0
2031	0
2032	0
2033	0
2034	0
2035	0
2036	0
2037	0
2038	0
2039	0
2040	0
2041	0
2042	0
2043	0
2044	0
2045	0
2046	0
2047	0
