0	0
1	0
2	0
3	0
4	0
5	0
6	0
7	0
8	0
9	0
10	0
11	0
12	23
13	219
14	218
15	222
16	205
17	186
18	211
19	255
20	232
21	231
22	229
23	223
24	278
25	251
26	246
27	238
28	234
29	233
30	221
31	237
32	242
33	252
34	221
35	244
36	231
37	233
38	253
39	241
40	234
41	228
42	240
43	230
44	257
45	226
46	255
47	225
48	253
49	225
50	232
51	238
52	223
53	226
54	257
55	226
56	231
57	245
58	230
59	232
60	225
61	250
62	215
63	254
64	223
65	226
66	219
67	207
68	246
69	209
70	239
71	228
72	235
73	214
74	224
75	229
76	243
77	220
78	202
79	231
80	218
81	257
82	203
83	234
84	242
85	240
86	209
87	239
88	228
89	219
90	208
91	204
92	222
93	228
94	209
95	226
96	232
97	241
98	225
99	212
100	202
101	201
102	209
103	203
104	232
105	198
106	198
107	224
108	216
109	214
110	207
111	207
112	224
113	238
114	234
115	219
116	242
117	220
118	223
119	224
120	254
121	276
122	224
123	262
124	265
125	264
126	241
127	285
128	252
129	261
130	251
131	260
132	251
133	263
134	290
135	242
136	279
137	243
138	282
139	275
140	249
141	261
142	286
143	257
144	238
145	254
146	261
147	284
148	261
149	256
150	281
151	239
152	233
153	262
154	235
155	233
156	257
157	222
158	213
159	236
160	276
161	241
162	265
163	238
164	234
165	242
166	231
167	226
168	217
169	243
170	250
171	217
172	212
173	219
174	233
175	224
176	241
177	223
178	250
179	225
180	228
181	211
182	220
183	202
184	218
185	206
186	232
187	207
188	224
189	227
190	206
191	196
192	210
193	190
194	226
195	196
196	234
197	195
198	222
199	222
200	220
201	226
202	224
203	213
204	220
205	224
206	199
207	223
208	199
209	236
210	207
211	206
212	192
213	204
214	221
215	217
216	192
217	202
218	205
219	213
220	189
221	190
222	193
223	187
224	196
225	189
226	186
227	178
228	139
229	170
230	171
231	155
232	151
233	133
234	155
235	128
236	127
237	117
238	122
239	107
240	106
241	114
242	122
243	115
244	111
245	99
246	106
247	83
248	121
249	96
250	90
251	101
252	78
253	77
254	105
255	78
256	77
257	77
258	89
259	74
260	76
261	87
262	75
263	77
264	81
265	70
266	93
267	77
268	63
269	70
270	90
271	66
272	71
273	76
274	62
275	75
276	67
277	70
278	83
279	75
280	76
281	78
282	51
283	62
284	63
285	81
286	63
287	86
288	82
289	65
290	60
291	71
292	77
293	67
294	70
295	84
296	79
297	58
298	81
299	71
300	53
301	82
302	71
303	71
304	77
305	77
306	63
307	67
308	78
309	90
310	81
311	101
312	114
313	109
314	124
315	131
316	148
317	189
318	218
319	242
320	274
321	329
322	407
323	485
324	573
325	662
326	760
327	823
328	972
329	1187
330	1251
331	1458
332	1587
333	1799
334	1958
335	2010
336	2180
337	2304
338	2585
339	2643
340	2676
341	2725
342	2733
343	2686
344	2644
345	2609
346	2566
347	2362
348	2268
349	2096
350	2018
351	1851
352	1664
353	1547
354	1454
355	1118
356	1017
357	904
358	774
359	687
360	586
361	473
362	382
363	364
364	295
365	223
366	193
367	175
368	142
369	129
370	118
371	108
372	89
373	89
374	95
375	75
376	68
377	70
378	81
379	57
380	62
381	57
382	70
383	77
384	58
385	52
386	69
387	53
388	55
389	61
390	59
391	43
392	59
393	55
394	47
395	60
396	62
397	69
398	66
399	54
400	50
401	55
402	60
403	56
404	56
405	50
406	57
407	52
408	54
409	73
410	68
411	53
412	53
413	53
414	61
415	61
416	60
417	62
418	53
419	48
420	62
421	55
422	59
423	65
424	51
425	86
426	55
427	71
428	61
429	64
430	46
431	78
432	49
433	67
434	68
435	52
436	53
437	55
438	53
439	74
440	73
441	64
442	59
443	57
444	67
445	57
446	62
447	71
448	62
449	51
450	65
451	55
452	67
453	62
454	68
455	59
456	63
457	70
458	62
459	70
460	80
461	67
462	64
463	65
464	78
465	66
466	86
467	64
468	70
469	54
470	55
471	73
472	78
473	52
474	56
475	61
476	61
477	54
478	59
479	78
480	58
481	71
482	64
483	72
484	61
485	77
486	62
487	73
488	54
489	55
490	53
491	66
492	62
493	51
494	67
495	64
496	67
497	58
498	56
499	65
500	66
501	68
502	80
503	70
504	74
505	70
506	70
507	47
508	67
509	65
510	69
511	59
512	69
513	66
514	54
515	50
516	57
517	82
518	69
519	71
520	65
521	53
522	57
523	57
524	52
525	61
526	57
527	74
528	49
529	65
530	57
531	52
532	59
533	56
534	53
535	45
536	59
537	61
538	63
539	38
540	59
541	61
542	62
543	69
544	63
545	58
546	47
547	65
548	60
549	68
550	53
551	65
552	51
553	71
554	48
555	69
556	67
557	53
558	74
559	49
560	56
561	57
562	65
563	58
564	63
565	53
566	55
567	45
568	59
569	63
570	69
571	54
572	74
573	56
574	58
575	46
576	63
577	56
578	64
579	58
580	69
581	53
582	50
583	65
584	51
585	66
586	61
587	45
588	53
589	65
590	65
591	65
592	61
593	56
594	42
595	75
596	44
597	48
598	55
599	54
600	59
601	53
602	58
603	62
604	55
605	60
606	65
607	69
608	60
609	58
610	60
611	66
612	66
613	59
614	62
615	65
616	62
617	55
618	49
619	47
620	62
621	54
622	57
623	57
624	61
625	65
626	57
627	77
628	58
629	59
630	67
631	65
632	56
633	62
634	67
635	56
636	53
637	55
638	53
639	74
640	54
641	61
642	64
643	69
644	54
645	67
646	64
647	48
648	52
649	56
650	65
651	64
652	56
653	62
654	71
655	58
656	65
657	65
658	63
659	62
660	48
661	58
662	66
663	56
664	65
665	60
666	37
667	60
668	61
669	51
670	60
671	53
672	57
673	52
674	65
675	63
676	61
677	54
678	57
679	51
680	50
681	62
682	59
683	51
684	44
685	48
686	48
687	49
688	59
689	51
690	36
691	53
692	45
693	43
694	49
695	45
696	40
697	48
698	50
699	30
700	47
701	42
702	34
703	34
704	31
705	37
706	41
707	40
708	34
709	35
710	39
711	34
712	37
713	42
714	19
715	31
716	31
717	47
718	27
719	28
720	38
721	28
722	33
723	30
724	30
725	34
726	31
727	29
728	27
729	29
730	26
731	32
732	23
733	32
734	28
735	26
736	34
737	38
738	24
739	25
740	30
741	28
742	30
743	20
744	33
745	32
746	29
747	27
748	26
749	18
750	26
751	15
752	27
753	39
754	34
755	34
756	17
757	23
758	27
759	20
760	21
761	25
762	22
763	32
764	34
765	32
766	39
767	32
768	27
769	32
770	25
771	28
772	30
773	25
774	19
775	29
776	19
777	25
778	22
779	31
780	29
781	35
782	27
783	45
784	20
785	26
786	33
787	32
788	30
789	40
790	35
791	37
792	52
793	35
794	44
795	55
796	40
797	60
798	60
799	72
800	66
801	68
802	78
803	77
804	69
805	102
806	123
807	106
808	132
809	114
810	136
811	172
812	152
813	189
814	169
815	163
816	185
817	198
818	218
819	220
820	250
821	204
822	217
823	238
824	240
825	283
826	237
827	257
828	293
829	250
830	277
831	241
832	210
833	244
834	260
835	228
836	253
837	245
838	212
839	221
840	219
841	213
842	203
843	190
844	199
845	172
846	145
847	149
848	159
849	145
850	131
851	123
852	116
853	134
854	104
855	101
856	93
857	69
858	97
859	66
860	58
861	67
862	65
863	43
864	65
865	64
866	50
867	41
868	39
869	46
870	46
871	36
872	45
873	41
874	40
875	45
876	47
877	43
878	31
879	34
880	37
881	37
882	24
883	29
884	48
885	36
886	41
887	37
888	27
889	30
890	35
891	23
892	26
893	39
894	23
895	32
896	28
897	43
898	47
899	23
900	27
901	37
902	30
903	30
904	38
905	27
906	29
907	36
908	21
909	34
910	34
911	34
912	33
913	31
914	38
915	30
916	39
917	36
918	30
919	34
920	27
921	37
922	31
923	21
924	40
925	25
926	33
927	34
928	35
929	27
930	32
931	37
932	37
933	30
934	39
935	38
936	27
937	33
938	33
939	34
940	30
941	26
942	33
943	34
944	35
945	38
946	36
947	30
948	36
949	32
950	53
951	28
952	27
953	36
954	30
955	38
956	44
957	34
958	31
959	29
960	28
961	31
962	37
963	30
964	25
965	36
966	36
967	33
968	35
969	30
970	27
971	42
972	39
973	37
974	28
975	41
976	30
977	31
978	36
979	30
980	31
981	27
982	27
983	28
984	28
985	27
986	26
987	24
988	36
989	29
990	35
991	35
992	27
993	32
994	25
995	33
996	31
997	35
998	32
999	33
1000	25
1001	33
1002	27
1003	23
1004	24
1005	37
1006	28
1007	23
1008	30
1009	31
1010	35
1011	26
1012	21
1013	22
1014	30
1015	27
1016	24
1017	31
1018	28
1019	25
1020	25
1021	24
1022	25
1023	30
1024	27
1025	19
1026	20
1027	20
1028	22
1029	22
1030	16
1031	27
1032	22
1033	22
1034	19
1035	24
1036	16
1037	17
1038	20
1039	19
1040	19
1041	29
1042	25
1043	9
1044	21
1045	15
1046	14
1047	10
1048	17
1049	17
1050	16
1051	20
1052	14
1053	10
1054	16
1055	21
1056	18
1057	15
1058	14
1059	9
1060	11
1061	15
1062	15
1063	14
1064	7
1065	8
1066	16
1067	7
1068	7
1069	14
1070	9
1071	9
1072	6
1073	11
1074	10
1075	3
1076	17
1077	11
1078	4
1079	9
1080	8
1081	8
1082	2
1083	4
1084	5
1085	5
1086	7
1087	8
1088	4
1089	5
1090	10
1091	5
1092	9
1093	3
1094	2
1095	4
1096	1
1097	5
1098	4
1099	9
1100	7
1101	5
1102	5
1103	5
1104	7
1105	5
1106	6
1107	5
1108	4
1109	6
1110	4
1111	8
1112	6
1113	6
1114	5
1115	7
1116	8
1117	10
1118	10
1119	15
1120	12
1121	8
1122	9
1123	13
1124	10
1125	11
1126	8
1127	8
1128	14
1129	11
1130	15
1131	16
1132	17
1133	14
1134	25
1135	20
1136	23
1137	18
1138	29
1139	27
1140	27
1141	39
1142	36
1143	38
1144	37
1145	42
1146	39
1147	43
1148	49
1149	59
1150	53
1151	69
1152	58
1153	73
1154	63
1155	74
1156	70
1157	72
1158	74
1159	74
1160	81
1161	78
1162	91
1163	92
1164	85
1165	92
1166	84
1167	90
1168	92
1169	102
1170	103
1171	89
1172	83
1173	96
1174	81
1175	93
1176	92
1177	88
1178	78
1179	74
1180	77
1181	79
1182	72
1183	68
1184	55
1185	79
1186	69
1187	63
1188	52
1189	47
1190	52
1191	55
1192	60
1193	36
1194	38
1195	30
1196	28
1197	35
1198	29
1199	37
1200	23
1201	21
1202	23
1203	19
1204	17
1205	24
1206	12
1207	14
1208	8
1209	10
1210	14
1211	8
1212	8
1213	11
1214	7
1215	4
1216	12
1217	9
1218	6
1219	6
1220	7
1221	2
1222	7
1223	3
1224	9
1225	1
1226	3
1227	2
1228	2
1229	4
1230	2
1231	0
1232	0
1233	5
1234	0
1235	1
1236	1
1237	2
1238	1
1239	2
1240	2
1241	0
1242	0
1243	0
1244	1
1245	1
1246	0
1247	2
1248	2
1249	1
1250	0
1251	0
1252	1
1253	1
1254	2
1255	1
1256	2
1257	1
1258	1
1259	1
1260	7
1261	0
1262	1
1263	0
1264	1
1265	1
1266	1
1267	3
1268	0
1269	2
1270	1
1271	0
1272	0
1273	0
1274	1
1275	2
1276	2
1277	1
1278	1
1279	0
1280	0
1281	2
1282	0
1283	2
1284	2
1285	1
1286	1
1287	1
1288	2
1289	1
1290	2
1291	0
1292	3
1293	4
1294	1
1295	1
1296	1
1297	1
1298	0
1299	4
1300	1
1301	3
1302	2
1303	1
1304	1
1305	1
1306	0
1307	2
1308	1
1309	2
1310	1
1311	0
1312	1
1313	0
1314	2
1315	1
1316	0
1317	0
1318	2
1319	2
1320	0
1321	1
1322	0
1323	2
1324	0
1325	1
1326	2
1327	1
1328	0
1329	2
1330	1
1331	1
1332	0
1333	2
1334	0
1335	0
1336	0
1337	2
1338	1
1339	1
1340	0
1341	1
1342	0
1343	1
1344	1
1345	2
1346	2
1347	0
1348	2
1349	0
1350	0
1351	3
1352	1
1353	2
1354	3
1355	1
1356	1
1357	1
1358	2
1359	0
1360	1
1361	0
1362	1
1363	0
1364	0
1365	0
1366	0
1367	1
1368	1
1369	0
1370	0
1371	0
1372	0
1373	0
1374	0
1375	0
1376	1
1377	0
1378	1
1379	0
1380	2
1381	0
1382	1
1383	2
1384	1
1385	1
1386	1
1387	0
1388	1
1389	0
1390	1
1391	0
1392	0
1393	0
1394	2
1395	1
1396	0
1397	1
1398	0
1399	1
1400	0
1401	1
1402	0
1403	2
1404	0
1405	0
1406	0
1407	0
1408	0
1409	0
1410	1
1411	0
1412	0
1413	0
1414	0
1415	0
1416	0
1417	1
1418	0
1419	0
1420	1
1421	0
1422	0
1423	1
1424	3
1425	0
1426	0
1427	0
1428	0
1429	0
1430	1
1431	0
1432	0
1433	1
1434	1
1435	0
1436	0
1437	0
1438	1
1439	0
1440	0
1441	0
1442	2
1443	0
1444	0
1445	2
1446	0
1447	0
1448	1
1449	1
1450	2
1451	1
1452	0
1453	1
1454	0
1455	0
1456	0
1457	2
1458	1
1459	0
1460	0
1461	0
1462	0
1463	1
1464	0
1465	0
1466	0
1467	2
1468	0
1469	0
1470	0
1471	0
1472	0
1473	2
1474	0
1475	0
1476	1
1477	0
1478	0
1479	0
1480	0
1481	0
1482	0
1483	0
1484	2
1485	1
1486	1
1487	0
1488	0
1489	3
1490	2
1491	1
1492	0
1493	1
1494	1
1495	0
1496	0
1497	0
1498	0
1499	0
1500	0
1501	0
1502	1
1503	2
1504	0
1505	0
1506	0
1507	0
1508	0
1509	1
1510	1
1511	1
1512	0
1513	0
1514	1
1515	0
1516	0
1517	0
1518	0
1519	0
1520	0
1521	0
1522	1
1523	0
1524	0
1525	0
1526	0
1527	0
1528	0
1529	0
1530	1
1531	0
1532	1
1533	0
1534	0
1535	0
1536	1
1537	0
1538	0
1539	1
1540	0
1541	0
1542	0
1543	0
1544	0
1545	1
1546	0
1547	0
1548	1
1549	0
1550	1
1551	0
1552	0
1553	0
1554	0
1555	0
1556	0
1557	0
1558	0
1559	0
1560	0
1561	0
1562	1
1563	0
1564	0
1565	0
1566	0
1567	0
1568	1
1569	0
1570	1
1571	0
1572	0
1573	0
1574	0
1575	0
1576	0
1577	0
1578	0
1579	0
1580	0
1581	0
1582	0
1583	0
1584	0
1585	0
1586	0
1587	0
1588	0
1589	0
1590	0
1591	0
1592	0
1593	0
1594	1
1595	0
1596	0
1597	0
1598	0
1599	0
1600	0
1601	0
1602	0
1603	0
1604	0
1605	0
1606	1
1607	0
1608	0
1609	0
1610	1
1611	0
1612	0
1613	0
1614	0
1615	0
1616	0
1617	0
1618	0
1619	0
1620	1
1621	0
1622	0
1623	1
1624	0
1625	0
1626	0
1627	0
1628	0
1629	0
1630	0
1631	0
1632	0
1633	0
1634	0
1635	0
1636	0
1637	0
1638	0
1639	0
1640	0
1641	0
1642	0
1643	0
1644	0
1645	0
1646	0
1647	0
1648	0
1649	0
1650	0
1651	0
1652	0
1653	0
1654	0
1655	0
1656	1
1657	0
1658	0
1659	0
1660	0
1661	0
1662	0
1663	0
1664	0
1665	0
1666	0
1667	1
1668	0
1669	0
1670	0
1671	1
1672	0
1673	0
1674	0
1675	1
1676	0
1677	0
1678	1
1679	0
1680	1
1681	0
1682	0
1683	0
1684	0
1685	0
1686	0
1687	0
1688	0
1689	0
1690	0
1691	1
1692	0
1693	0
1694	1
1695	0
1696	0
1697	0
1698	0
1699	0
1700	0
1701	1
1702	0
1703	0
1704	0
1705	0
1706	1
1707	0
1708	0
1709	1
1710	0
1711	0
1712	0
1713	0
1714	0
1715	0
1716	1
1717	0
1718	0
1719	0
1720	0
1721	0
1722	0
1723	0
1724	0
1725	0
1726	0
1727	0
1728	0
1729	0
1730	0
1731	1
1732	0
1733	0
1734	0
1735	0
1736	0
1737	0
1738	0
1739	0
1740	1
1741	0
1742	0
1743	0
1744	0
1745	1
1746	0
1747	0
1748	0
1749	0
1750	0
1751	0
1752	0
1753	0
1754	0
1755	1
1756	1
1757	0
1758	0
1759	0
1760	0
1761	0
1762	0
1763	0
1764	0
1765	0
1766	0
1767	0
1768	0
1769	0
1770	0
1771	0
1772	0
1773	0
1774	0
1775	0
1776	0
1777	0
1778	0
1779	0
1780	1
1781	0
1782	0
1783	0
1784	0
1785	0
1786	0
1787	0
1788	0
1789	0
1790	0
1791	0
1792	0
1793	0
1794	0
1795	0
1796	1
1797	0
1798	0
1799	0
1800	0
1801	0
1802	0
1803	0
1804	0
1805	0
1806	0
1807	0
1808	0
1809	1
1810	0
1811	0
1812	0
1813	0
1814	0
1815	0
1816	0
1817	0
1818	0
1819	0
1820	0
1821	0
1822	0
1823	0
1824	1
1825	0
1826	1
1827	0
1828	0
1829	0
1830	0
1831	0
1832	0
1833	0
1834	0
1835	0
1836	0
1837	0
1838	0
1839	0
1840	0
1841	0
1842	0
1843	0
1844	1
1845	2
1846	0
1847	0
1848	0
1849	0
1850	0
1851	1
1852	0
1853	0
1854	0
1855	0
1856	1
1857	0
1858	0
1859	0
1860	0
1861	0
1862	0
1863	1
1864	0
1865	0
1866	0
1867	0
1868	0
1869	0
1870	0
1871	0
1872	0
1873	0
1874	0
1875	0
1876	0
1877	0
1878	1
1879	0
1880	0
1881	1
1882	0
1883	0
1884	0
1885	1
1886	0
1887	0
1888	0
1889	0
1890	0
1891	0
1892	0
1893	0
1894	0
1895	0
1896	0
1897	0
1898	0
1899	0
1900	0
1901	0
1902	0
1903	0
1904	0
1905	0
1906	1
1907	0
1908	0
1909	1
1910	0
1911	0
1912	0
1913	0
1914	0
1915	0
1916	0
1917	0
1918	0
1919	0
1920	0
1921	0
1922	0
1923	0
1924	0
1925	0
1926	0
1927	0
1928	0
1929	0
1930	0
1931	0
1932	0
1933	0
1934	0
1935	0
1936	0
1937	0
1938	0
1939	0
1940	0
1941	0
1942	0
1943	0
1944	0
1945	0
1946	2
1947	0
1948	0
1949	0
1950	0
1951	0
1952	0
1953	0
1954	0
1955	0
1956	0
1957	1
1958	0
1959	0
1960	0
1961	0
1962	0
1963	0
1964	0
1965	0
1966	0
1967	0
1968	0
1969	0
1970	0
1971	0
1972	0
1973	0
1974	0
1975	0
1976	0
1977	0
1978	0
1979	0
1980	0
1981	0
1982	0
1983	0
1984	0
1985	0
1986	0
1987	0
1988	1
1989	0
1990	0
1991	0
1992	0
1993	0
1994	0
1995	0
1996	0
1997	0
1998	0
1999	0
2000	0
2001	0
2002	0
2003	0
2004	0
2005	0
2006	0
2007	0
2008	0
2009	1
2010	0
2011	0
2012	0
2013	0
2014	0
2015	0
2016	0
2017	0
2018	0
2019	0
2020	0
2021	0
2022	0
2023	0
2024	0
2025	0
2026	0
2027	0
2028	0
2029	0
2030	0
2031	0
2032	0
2033	0
2034	0
2035	0
2036	0
2037	0
2038	0
2039	0
2040	0
2041	0
2042	0
2043	0
2044	0
2045	0
2046	0
2047	0
