0	0
1	0
2	0
3	0
4	0
5	0
6	0
7	0
8	0
9	0
10	1
11	3
12	43
13	522
14	493
15	272
16	234
17	218
18	212
19	205
20	235
21	233
22	229
23	234
24	209
25	245
26	244
27	222
28	228
29	269
30	243
31	215
32	250
33	224
34	236
35	236
36	218
37	225
38	250
39	239
40	268
41	239
42	228
43	218
44	244
45	260
46	253
47	246
48	236
49	230
50	195
51	207
52	210
53	202
54	223
55	219
56	207
57	215
58	237
59	221
60	254
61	233
62	203
63	215
64	228
65	225
66	255
67	253
68	251
69	231
70	192
71	213
72	233
73	217
74	241
75	219
76	203
77	229
78	210
79	219
80	216
81	242
82	225
83	229
84	219
85	220
86	215
87	226
88	184
89	227
90	216
91	191
92	206
93	214
94	193
95	224
96	198
97	190
98	217
99	207
100	182
101	221
102	171
103	225
104	189
105	216
106	204
107	211
108	203
109	204
110	182
111	207
112	204
113	200
114	197
115	212
116	215
117	217
118	234
119	200
120	255
121	230
122	215
123	248
124	254
125	230
126	268
127	235
128	273
129	263
130	271
131	248
132	283
133	263
134	254
135	227
136	248
137	230
138	280
139	243
140	275
141	247
142	249
143	262
144	229
145	230
146	262
147	241
148	242
149	251
150	232
151	256
152	263
153	253
154	251
155	228
156	247
157	230
158	266
159	215
160	250
161	247
162	238
163	238
164	223
165	212
166	241
167	224
168	209
169	199
170	237
171	246
172	207
173	223
174	211
175	254
176	213
177	232
178	180
179	231
180	200
181	201
182	213
183	210
184	196
185	235
186	211
187	210
188	202
189	226
190	219
191	217
192	234
193	215
194	203
195	190
196	216
197	187
198	213
199	220
200	227
201	223
202	198
203	200
204	226
205	215
206	199
207	218
208	221
209	181
210	200
211	222
212	212
213	205
214	235
215	212
216	203
217	217
218	186
219	212
220	209
221	186
222	200
223	191
224	188
225	178
226	182
227	185
228	179
229	177
230	153
231	160
232	150
233	144
234	140
235	142
236	119
237	132
238	122
239	103
240	105
241	110
242	113
243	96
244	101
245	101
246	109
247	103
248	88
249	90
250	64
251	74
252	89
253	87
254	77
255	91
256	75
257	64
258	91
259	79
260	76
261	68
262	74
263	76
264	77
265	74
266	74
267	74
268	79
269	66
270	72
271	84
272	56
273	92
274	89
275	67
276	70
277	72
278	62
279	72
280	93
281	61
282	80
283	69
284	69
285	69
286	78
287	62
288	71
289	65
290	66
291	60
292	65
293	60
294	65
295	66
296	67
297	64
298	50
299	80
300	70
301	72
302	69
303	63
304	74
305	79
306	75
307	71
308	80
309	81
310	72
311	77
312	75
313	85
314	86
315	86
316	111
317	117
318	120
319	163
320	168
321	201
322	216
323	311
324	281
325	408
326	477
327	553
328	638
329	747
330	867
331	993
332	1157
333	1254
334	1442
335	1496
336	1701
337	1906
338	2006
339	2120
340	2199
341	2395
342	2518
343	2482
344	2730
345	2552
346	2605
347	2530
348	2545
349	2427
350	2321
351	2177
352	2105
353	1987
354	1743
355	1649
356	1562
357	1299
358	1132
359	1046
360	911
361	783
362	706
363	596
364	471
365	417
366	368
367	309
368	254
369	225
370	185
371	150
372	119
373	111
374	85
375	78
376	85
377	81
378	78
379	79
380	63
381	75
382	68
383	51
384	65
385	65
386	61
387	57
388	69
389	55
390	67
391	50
392	58
393	64
394	59
395	48
396	76
397	56
398	58
399	53
400	43
401	56
402	45
403	68
404	50
405	54
406	44
407	49
408	50
409	57
410	47
411	44
412	69
413	62
414	66
415	70
416	63
417	56
418	61
419	60
420	55
421	66
422	61
423	53
424	68
425	60
426	64
427	51
428	55
429	56
430	75
431	56
432	49
433	57
434	55
435	57
436	56
437	63
438	63
439	66
440	58
441	60
442	72
443	59
444	54
445	56
446	52
447	47
448	58
449	74
450	65
451	49
452	47
453	64
454	62
455	59
456	50
457	67
458	61
459	57
460	64
461	67
462	65
463	53
464	64
465	70
466	66
467	58
468	68
469	75
470	46
471	66
472	66
473	50
474	75
475	63
476	78
477	63
478	83
479	70
480	70
481	59
482	69
483	55
484	70
485	68
486	62
487	56
488	68
489	58
490	67
491	70
492	66
493	65
494	59
495	58
496	75
497	52
498	64
499	69
500	68
501	70
502	66
503	51
504	65
505	59
506	65
507	57
508	68
509	56
510	62
511	66
512	64
513	64
514	75
515	78
516	61
517	64
518	52
519	52
520	61
521	65
522	59
523	51
524	68
525	67
526	51
527	52
528	52
529	59
530	58
531	64
532	54
533	60
534	61
535	55
536	62
537	57
538	64
539	48
540	58
541	50
542	60
543	66
544	49
545	42
546	60
547	61
548	69
549	47
550	55
551	51
552	71
553	56
554	52
555	52
556	53
557	58
558	71
559	66
560	67
561	57
562	73
563	52
564	56
565	44
566	52
567	67
568	60
569	54
570	58
571	50
572	72
573	55
574	43
575	58
576	56
577	56
578	55
579	51
580	56
581	53
582	58
583	66
584	63
585	61
586	46
587	67
588	46
589	67
590	59
591	62
592	51
593	56
594	52
595	53
596	44
597	58
598	74
599	60
600	71
601	65
602	68
603	53
604	49
605	44
606	48
607	51
608	46
609	50
610	60
611	67
612	57
613	53
614	50
615	57
616	74
617	54
618	54
619	55
620	52
621	62
622	46
623	56
624	57
625	57
626	68
627	58
628	41
629	52
630	60
631	62
632	56
633	52
634	46
635	64
636	56
637	45
638	46
639	64
640	48
641	65
642	51
643	38
644	61
645	59
646	62
647	56
648	61
649	58
650	46
651	65
652	51
653	50
654	50
655	47
656	65
657	73
658	61
659	66
660	63
661	65
662	65
663	56
664	61
665	54
666	52
667	65
668	49
669	70
670	71
671	68
672	61
673	64
674	47
675	62
676	43
677	48
678	47
679	67
680	52
681	51
682	66
683	56
684	50
685	41
686	62
687	58
688	48
689	57
690	46
691	38
692	41
693	45
694	50
695	50
696	43
697	42
698	44
699	47
700	50
701	49
702	39
703	41
704	39
705	44
706	37
707	48
708	40
709	31
710	41
711	46
712	24
713	41
714	41
715	31
716	33
717	31
718	28
719	33
720	37
721	42
722	38
723	33
724	37
725	29
726	29
727	32
728	31
729	24
730	34
731	28
732	35
733	35
734	17
735	31
736	31
737	28
738	37
739	26
740	26
741	23
742	28
743	28
744	23
745	36
746	24
747	33
748	22
749	28
750	27
751	26
752	25
753	26
754	24
755	29
756	29
757	26
758	32
759	21
760	20
761	37
762	28
763	21
764	25
765	23
766	25
767	23
768	27
769	18
770	27
771	28
772	22
773	22
774	23
775	23
776	24
777	21
778	26
779	25
780	34
781	25
782	25
783	27
784	22
785	36
786	23
787	25
788	19
789	15
790	18
791	24
792	31
793	35
794	39
795	33
796	49
797	42
798	35
799	40
800	37
801	44
802	45
803	44
804	52
805	62
806	57
807	73
808	73
809	83
810	86
811	82
812	89
813	105
814	108
815	116
816	122
817	142
818	133
819	131
820	159
821	137
822	144
823	150
824	175
825	187
826	191
827	191
828	211
829	223
830	219
831	236
832	202
833	235
834	240
835	249
836	204
837	238
838	237
839	209
840	257
841	239
842	244
843	221
844	256
845	239
846	216
847	195
848	245
849	197
850	184
851	161
852	178
853	165
854	174
855	147
856	159
857	145
858	127
859	107
860	110
861	111
862	116
863	128
864	103
865	87
866	82
867	84
868	71
869	70
870	67
871	67
872	71
873	61
874	61
875	48
876	43
877	55
878	44
879	48
880	45
881	42
882	36
883	37
884	38
885	40
886	39
887	40
888	39
889	36
890	38
891	38
892	30
893	40
894	28
895	25
896	27
897	30
898	39
899	32
900	30
901	36
902	33
903	25
904	22
905	36
906	33
907	29
908	26
909	33
910	40
911	25
912	33
913	25
914	32
915	32
916	26
917	28
918	26
919	45
920	30
921	30
922	23
923	26
924	34
925	31
926	22
927	30
928	40
929	29
930	29
931	19
932	32
933	33
934	22
935	15
936	32
937	26
938	25
939	41
940	33
941	31
942	32
943	40
944	34
945	24
946	30
947	23
948	25
949	27
950	37
951	39
952	26
953	31
954	34
955	37
956	34
957	26
958	37
959	31
960	25
961	30
962	23
963	45
964	33
965	35
966	22
967	28
968	34
969	25
970	36
971	29
972	26
973	23
974	38
975	26
976	34
977	27
978	29
979	33
980	37
981	27
982	23
983	33
984	28
985	36
986	29
987	25
988	34
989	32
990	35
991	29
992	30
993	29
994	33
995	25
996	27
997	18
998	37
999	11
1000	27
1001	27
1002	16
1003	37
1004	25
1005	30
1006	25
1007	30
1008	22
1009	26
1010	20
1011	27
1012	25
1013	31
1014	24
1015	25
1016	22
1017	24
1018	22
1019	20
1020	31
1021	23
1022	17
1023	28
1024	27
1025	29
1026	24
1027	25
1028	21
1029	16
1030	16
1031	20
1032	20
1033	19
1034	16
1035	26
1036	17
1037	25
1038	19
1039	14
1040	22
1041	23
1042	27
1043	17
1044	13
1045	20
1046	26
1047	21
1048	22
1049	10
1050	20
1051	10
1052	23
1053	15
1054	15
1055	16
1056	17
1057	21
1058	19
1059	15
1060	13
1061	12
1062	20
1063	15
1064	9
1065	5
1066	16
1067	8
1068	10
1069	5
1070	11
1071	8
1072	7
1073	8
1074	9
1075	7
1076	12
1077	6
1078	10
1079	9
1080	9
1081	6
1082	8
1083	9
1084	9
1085	5
1086	10
1087	8
1088	7
1089	4
1090	4
1091	7
1092	5
1093	8
1094	4
1095	5
1096	3
1097	7
1098	6
1099	9
1100	7
1101	4
1102	7
1103	6
1104	3
1105	6
1106	6
1107	6
1108	5
1109	7
1110	3
1111	9
1112	5
1113	4
1114	5
1115	6
1116	4
1117	5
1118	3
1119	7
1120	3
1121	7
1122	6
1123	6
1124	6
1125	4
1126	4
1127	6
1128	7
1129	2
1130	9
1131	10
1132	5
1133	5
1134	12
1135	7
1136	8
1137	3
1138	12
1139	12
1140	10
1141	14
1142	14
1143	12
1144	23
1145	19
1146	16
1147	17
1148	23
1149	24
1150	20
1151	32
1152	19
1153	22
1154	27
1155	29
1156	25
1157	55
1158	33
1159	51
1160	46
1161	43
1162	50
1163	54
1164	60
1165	66
1166	49
1167	60
1168	53
1169	50
1170	58
1171	70
1172	74
1173	73
1174	56
1175	80
1176	75
1177	80
1178	62
1179	79
1180	80
1181	90
1182	78
1183	81
1184	76
1185	87
1186	80
1187	61
1188	84
1189	83
1190	60
1191	73
1192	75
1193	56
1194	54
1195	52
1196	66
1197	65
1198	59
1199	45
1200	43
1201	39
1202	47
1203	45
1204	45
1205	39
1206	36
1207	29
1208	32
1209	31
1210	28
1211	37
1212	25
1213	32
1214	19
1215	12
1216	26
1217	13
1218	16
1219	11
1220	25
1221	17
1222	13
1223	14
1224	16
1225	10
1226	11
1227	8
1228	9
1229	3
1230	4
1231	10
1232	7
1233	9
1234	4
1235	3
1236	3
1237	3
1238	4
1239	3
1240	4
1241	1
1242	3
1243	0
1244	1
1245	1
1246	2
1247	1
1248	1
1249	3
1250	3
1251	3
1252	1
1253	1
1254	1
1255	1
1256	2
1257	2
1258	1
1259	2
1260	0
1261	2
1262	2
1263	0
1264	1
1265	0
1266	1
1267	2
1268	3
1269	1
1270	0
1271	1
1272	1
1273	2
1274	0
1275	1
1276	2
1277	1
1278	1
1279	1
1280	1
1281	1
1282	0
1283	1
1284	5
1285	0
1286	2
1287	2
1288	0
1289	1
1290	2
1291	1
1292	2
1293	1
1294	0
1295	1
1296	1
1297	2
1298	0
1299	0
1300	3
1301	3
1302	2
1303	1
1304	1
1305	1
1306	0
1307	2
1308	1
1309	1
1310	2
1311	4
1312	4
1313	1
1314	3
1315	0
1316	3
1317	1
1318	1
1319	1
1320	0
1321	1
1322	1
1323	0
1324	2
1325	1
1326	3
1327	1
1328	2
1329	0
1330	0
1331	2
1332	3
1333	4
1334	3
1335	0
1336	4
1337	2
1338	0
1339	3
1340	2
1341	2
1342	4
1343	0
1344	2
1345	0
1346	1
1347	0
1348	0
1349	3
1350	3
1351	0
1352	0
1353	0
1354	2
1355	2
1356	2
1357	3
1358	2
1359	2
1360	1
1361	1
1362	1
1363	2
1364	0
1365	2
1366	2
1367	2
1368	0
1369	0
1370	1
1371	0
1372	4
1373	0
1374	0
1375	0
1376	0
1377	1
1378	0
1379	0
1380	1
1381	0
1382	0
1383	0
1384	2
1385	0
1386	0
1387	2
1388	0
1389	2
1390	1
1391	0
1392	1
1393	2
1394	2
1395	1
1396	1
1397	0
1398	1
1399	0
1400	0
1401	1
1402	3
1403	0
1404	1
1405	0
1406	1
1407	0
1408	2
1409	0
1410	1
1411	1
1412	1
1413	0
1414	1
1415	0
1416	2
1417	0
1418	0
1419	0
1420	1
1421	2
1422	0
1423	0
1424	2
1425	0
1426	0
1427	0
1428	0
1429	1
1430	0
1431	0
1432	1
1433	1
1434	0
1435	0
1436	0
1437	0
1438	1
1439	0
1440	1
1441	1
1442	2
1443	0
1444	1
1445	1
1446	0
1447	0
1448	1
1449	0
1450	1
1451	1
1452	0
1453	0
1454	0
1455	1
1456	0
1457	2
1458	0
1459	0
1460	0
1461	1
1462	1
1463	0
1464	0
1465	0
1466	1
1467	0
1468	0
1469	0
1470	0
1471	2
1472	0
1473	0
1474	0
1475	0
1476	0
1477	0
1478	0
1479	1
1480	0
1481	0
1482	0
1483	0
1484	3
1485	0
1486	1
1487	0
1488	0
1489	0
1490	0
1491	0
1492	0
1493	0
1494	1
1495	0
1496	1
1497	1
1498	1
1499	2
1500	0
1501	1
1502	0
1503	0
1504	0
1505	1
1506	2
1507	0
1508	3
1509	0
1510	1
1511	0
1512	0
1513	0
1514	0
1515	0
1516	0
1517	0
1518	0
1519	1
1520	1
1521	0
1522	0
1523	0
1524	0
1525	0
1526	0
1527	0
1528	2
1529	2
1530	0
1531	0
1532	0
1533	2
1534	1
1535	0
1536	0
1537	1
1538	0
1539	0
1540	1
1541	0
1542	0
1543	0
1544	0
1545	0
1546	1
1547	0
1548	0
1549	0
1550	3
1551	0
1552	0
1553	0
1554	0
1555	0
1556	0
1557	0
1558	2
1559	0
1560	0
1561	1
1562	0
1563	1
1564	1
1565	1
1566	0
1567	0
1568	1
1569	1
1570	0
1571	0
1572	0
1573	0
1574	1
1575	0
1576	0
1577	0
1578	0
1579	0
1580	0
1581	0
1582	1
1583	1
1584	0
1585	0
1586	0
1587	0
1588	0
1589	0
1590	0
1591	0
1592	0
1593	0
1594	0
1595	0
1596	0
1597	0
1598	0
1599	2
1600	0
1601	0
1602	0
1603	0
1604	0
1605	0
1606	0
1607	0
1608	0
1609	0
1610	0
1611	0
1612	0
1613	0
1614	0
1615	1
1616	0
1617	0
1618	0
1619	1
1620	0
1621	0
1622	0
1623	0
1624	0
1625	0
1626	0
1627	0
1628	0
1629	0
1630	0
1631	0
1632	0
1633	0
1634	0
1635	0
1636	0
1637	0
1638	0
1639	0
1640	0
1641	1
1642	0
1643	0
1644	0
1645	0
1646	0
1647	0
1648	0
1649	0
1650	0
1651	0
1652	0
1653	0
1654	0
1655	0
1656	0
1657	0
1658	0
1659	1
1660	0
1661	0
1662	0
1663	0
1664	0
1665	0
1666	0
1667	1
1668	0
1669	0
1670	1
1671	0
1672	0
1673	0
1674	0
1675	0
1676	0
1677	0
1678	0
1679	0
1680	0
1681	0
1682	0
1683	0
1684	0
1685	0
1686	0
1687	0
1688	0
1689	0
1690	0
1691	0
1692	0
1693	0
1694	0
1695	1
1696	1
1697	0
1698	0
1699	0
1700	0
1701	0
1702	0
1703	0
1704	0
1705	0
1706	0
1707	0
1708	0
1709	0
1710	0
1711	0
1712	0
1713	0
1714	0
1715	0
1716	0
1717	0
1718	0
1719	0
1720	1
1721	0
1722	0
1723	0
1724	0
1725	0
1726	1
1727	1
1728	0
1729	0
1730	0
1731	1
1732	0
1733	1
1734	0
1735	0
1736	0
1737	0
1738	0
1739	0
1740	0
1741	0
1742	0
1743	0
1744	0
1745	0
1746	0
1747	0
1748	0
1749	0
1750	0
1751	0
1752	0
1753	0
1754	0
1755	0
1756	0
1757	0
1758	0
1759	1
1760	0
1761	0
1762	0
1763	0
1764	0
1765	0
1766	1
1767	0
1768	0
1769	0
1770	1
1771	0
1772	0
1773	1
1774	0
1775	0
1776	0
1777	0
1778	0
1779	0
1780	0
1781	0
1782	0
1783	0
1784	0
1785	0
1786	0
1787	0
1788	0
1789	0
1790	0
1791	0
1792	0
1793	0
1794	0
1795	0
1796	0
1797	0
1798	0
1799	0
1800	0
1801	0
1802	0
1803	0
1804	0
1805	0
1806	0
1807	0
1808	0
1809	0
1810	0
1811	0
1812	0
1813	0
1814	0
1815	0
1816	0
1817	0
1818	0
1819	0
1820	0
1821	1
1822	0
1823	0
1824	0
1825	0
1826	0
1827	0
1828	1
1829	0
1830	0
1831	0
1832	0
1833	0
1834	0
1835	0
1836	0
1837	0
1838	0
1839	0
1840	0
1841	0
1842	0
1843	0
1844	0
1845	0
1846	0
1847	0
1848	0
1849	0
1850	0
1851	0
1852	0
1853	0
1854	0
1855	0
1856	0
1857	0
1858	0
1859	0
1860	0
1861	0
1862	0
1863	0
1864	0
1865	0
1866	0
1867	0
1868	0
1869	0
1870	0
1871	0
1872	0
1873	0
1874	0
1875	0
1876	0
1877	0
1878	0
1879	0
1880	0
1881	0
1882	0
1883	0
1884	0
1885	0
1886	1
1887	1
1888	0
1889	0
1890	0
1891	0
1892	0
1893	0
1894	0
1895	0
1896	0
1897	0
1898	0
1899	0
1900	0
1901	0
1902	1
1903	0
1904	0
1905	0
1906	0
1907	0
1908	0
1909	0
1910	0
1911	0
1912	0
1913	0
1914	0
1915	0
1916	0
1917	0
1918	0
1919	0
1920	0
1921	0
1922	0
1923	0
1924	0
1925	0
1926	0
1927	0
1928	0
1929	0
1930	0
1931	0
1932	0
1933	0
1934	0
1935	0
1936	0
1937	0
1938	0
1939	0
1940	0
1941	0
1942	0
1943	0
1944	0
1945	0
1946	0
1947	0
1948	0
1949	0
1950	0
1951	0
1952	0
1953	0
1954	0
1955	0
1956	0
1957	0
1958	0
1959	0
1960	0
1961	0
1962	0
1963	0
1964	0
1965	0
1966	0
1967	0
1968	0
1969	0
1970	0
1971	0
1972	0
1973	0
1974	0
1975	0
1976	1
1977	0
1978	0
1979	0
1980	0
1981	0
1982	0
1983	0
1984	0
1985	0
1986	0
1987	0
1988	0
1989	0
1990	0
1991	1
1992	0
1993	0
1994	0
1995	0
1996	0
1997	0
1998	0
1999	0
2000	0
2001	0
2002	1
2003	0
2004	0
2005	0
2006	0
2007	0
2008	0
2009	0
2010	1
2011	0
2012	0
2013	0
2014	0
2015	0
2016	0
2017	0
2018	0
2019	0
2020	0
2021	0
2022	0
2023	0
2024	0
2025	0
2026	0
2027	0
2028	0
2029	0
2030	0
2031	0
2032	0
2033	0
2034	0
2035	0
2036	0
2037	0
2038	0
2039	0
2040	0
2041	0
2042	0
2043	0
2044	0
2045	0
2046	0
2047	0
