0	0
1	0
2	0
3	0
4	0
5	0
6	0
7	0
8	0
9	0
10	3
11	4
12	25
13	129
14	114
15	73
16	62
17	63
18	53
19	89
20	316
21	1251
22	4072
23	9347
24	15143
25	17937
26	15692
27	11010
28	6286
29	3027
30	1242
31	452
32	190
33	86
34	56
35	52
36	35
37	53
38	33
39	46
40	61
41	61
42	44
43	42
44	40
45	44
46	36
47	59
48	56
49	66
50	58
51	63
52	39
53	42
54	40
55	36
56	45
57	25
58	38
59	33
60	55
61	52
62	48
63	55
64	71
65	124
66	179
67	279
68	342
69	372
70	474
71	540
72	488
73	465
74	401
75	321
76	212
77	149
78	97
79	62
80	35
81	18
82	13
83	12
84	8
85	6
86	8
87	10
88	7
89	9
90	4
91	6
92	3
93	5
94	3
95	2
96	12
97	3
98	2
99	7
100	7
101	5
102	4
103	3
104	5
105	6
106	2
107	5
108	2
109	8
110	6
111	1
112	2
113	6
114	3
115	5
116	4
117	9
118	7
119	6
120	7
121	5
122	5
123	6
124	3
125	3
126	1
127	6
128	3
129	7
130	6
131	8
132	3
133	2
134	9
135	3
136	5
137	2
138	7
139	2
140	2
141	2
142	5
143	5
144	5
145	7
146	2
147	7
148	4
149	4
150	1
151	5
152	2
153	5
154	4
155	8
156	4
157	2
158	2
159	4
160	3
161	5
162	3
163	3
164	5
165	4
166	4
167	4
168	5
169	3
170	5
171	6
172	1
173	3
174	2
175	4
176	2
177	6
178	5
179	2
180	0
181	1
182	6
183	6
184	3
185	4
186	7
187	3
188	2
189	1
190	3
191	2
192	4
193	5
194	1
195	0
196	1
197	3
198	0
199	4
200	4
201	5
202	4
203	3
204	4
205	1
206	5
207	6
208	3
209	3
210	2
211	4
212	4
213	3
214	2
215	4
216	5
217	1
218	3
219	1
220	1
221	2
222	1
223	2
224	0
225	7
226	3
227	1
228	2
229	4
230	1
231	4
232	4
233	3
234	6
235	2
236	4
237	0
238	4
239	4
240	1
241	3
242	1
243	2
244	5
245	4
246	4
247	3
248	1
249	2
250	4
251	4
252	4
253	0
254	1
255	0
256	4
257	1
258	4
259	0
260	2
261	2
262	1
263	2
264	3
265	2
266	2
267	2
268	1
269	1
270	0
271	4
272	4
273	1
274	1
275	1
276	4
277	1
278	0
279	2
280	0
281	2
282	3
283	1
284	4
285	2
286	2
287	0
288	0
289	2
290	0
291	1
292	0
293	2
294	4
295	2
296	2
297	0
298	0
299	2
300	1
301	2
302	2
303	1
304	2
305	1
306	1
307	5
308	4
309	1
310	1
311	5
312	2
313	0
314	2
315	2
316	3
317	0
318	1
319	1
320	3
321	7
322	1
323	5
324	1
325	4
326	0
327	2
328	2
329	2
330	0
331	1
332	1
333	1
334	4
335	2
336	0
337	3
338	4
339	5
340	1
341	0
342	2
343	3
344	2
345	2
346	2
347	3
348	1
349	1
350	4
351	0
352	2
353	1
354	3
355	2
356	0
357	5
358	1
359	4
360	2
361	2
362	0
363	1
364	0
365	5
366	1
367	1
368	0
369	0
370	0
371	3
372	1
373	0
374	0
375	2
376	0
377	0
378	1
379	2
380	2
381	1
382	1
383	1
384	2
385	1
386	1
387	0
388	1
389	1
390	1
391	1
392	0
393	1
394	2
395	0
396	5
397	2
398	1
399	1
400	3
401	3
402	1
403	3
404	1
405	0
406	0
407	1
408	0
409	1
410	3
411	0
412	1
413	2
414	2
415	0
416	3
417	2
418	1
419	0
420	1
421	0
422	0
423	2
424	2
425	0
426	0
427	0
428	2
429	2
430	0
431	1
432	0
433	2
434	1
435	1
436	0
437	0
438	3
439	0
440	1
441	1
442	3
443	3
444	3
445	0
446	1
447	0
448	1
449	0
450	0
451	0
452	0
453	3
454	2
455	2
456	0
457	0
458	2
459	0
460	1
461	0
462	1
463	2
464	2
465	0
466	0
467	2
468	1
469	0
470	3
471	0
472	1
473	1
474	0
475	2
476	1
477	3
478	0
479	0
480	0
481	2
482	0
483	0
484	1
485	0
486	3
487	1
488	1
489	0
490	0
491	1
492	1
493	2
494	2
495	1
496	0
497	1
498	0
499	0
500	1
501	0
502	1
503	1
504	1
505	2
506	0
507	1
508	0
509	0
510	1
511	0
512	1
513	1
514	1
515	0
516	0
517	0
518	2
519	0
520	2
521	1
522	0
523	1
524	0
525	1
526	1
527	3
528	2
529	0
530	0
531	1
532	3
533	2
534	2
535	0
536	1
537	0
538	2
539	2
540	0
541	0
542	1
543	0
544	1
545	2
546	3
547	0
548	1
549	1
550	0
551	2
552	3
553	0
554	2
555	0
556	0
557	0
558	2
559	1
560	1
561	0
562	1
563	1
564	2
565	1
566	1
567	0
568	0
569	1
570	2
571	0
572	1
573	0
574	1
575	0
576	1
577	2
578	1
579	0
580	1
581	0
582	1
583	0
584	3
585	1
586	0
587	1
588	2
589	2
590	0
591	0
592	0
593	0
594	1
595	0
596	1
597	0
598	0
599	0
600	1
601	2
602	0
603	0
604	0
605	0
606	0
607	0
608	0
609	0
610	0
611	0
612	0
613	0
614	1
615	1
616	0
617	0
618	0
619	1
620	1
621	2
622	1
623	3
624	0
625	1
626	3
627	0
628	2
629	0
630	1
631	0
632	1
633	0
634	0
635	1
636	0
637	0
638	0
639	1
640	0
641	1
642	1
643	1
644	0
645	0
646	0
647	1
648	1
649	0
650	1
651	2
652	0
653	1
654	0
655	1
656	0
657	2
658	0
659	0
660	0
661	1
662	2
663	1
664	0
665	0
666	1
667	0
668	1
669	1
670	0
671	0
672	0
673	0
674	0
675	0
676	0
677	2
678	1
679	2
680	0
681	1
682	0
683	0
684	0
685	0
686	0
687	0
688	0
689	0
690	0
691	0
692	3
693	0
694	1
695	0
696	1
697	1
698	0
699	0
700	0
701	0
702	1
703	0
704	2
705	1
706	1
707	0
708	0
709	0
710	1
711	2
712	0
713	0
714	0
715	0
716	0
717	0
718	1
719	1
720	0
721	0
722	2
723	0
724	1
725	0
726	1
727	1
728	1
729	1
730	0
731	0
732	0
733	0
734	1
735	0
736	1
737	0
738	0
739	0
740	1
741	0
742	1
743	2
744	0
745	1
746	1
747	1
748	0
749	0
750	0
751	1
752	0
753	0
754	2
755	1
756	1
757	0
758	0
759	0
760	0
761	1
762	0
763	0
764	0
765	1
766	1
767	0
768	0
769	0
770	1
771	0
772	1
773	0
774	0
775	1
776	0
777	0
778	1
779	0
780	1
781	0
782	1
783	0
784	0
785	0
786	0
787	0
788	0
789	0
790	1
791	0
792	0
793	1
794	0
795	0
796	0
797	1
798	0
799	0
800	0
801	1
802	0
803	0
804	0
805	0
806	1
807	1
808	0
809	1
810	0
811	0
812	1
813	0
814	1
815	0
816	0
817	0
818	0
819	1
820	0
821	1
822	0
823	0
824	0
825	0
826	0
827	1
828	0
829	0
830	1
831	0
832	1
833	2
834	1
835	0
836	1
837	0
838	0
839	0
840	0
841	0
842	1
843	0
844	0
845	0
846	0
847	0
848	1
849	1
850	0
851	0
852	1
853	0
854	0
855	0
856	1
857	0
858	0
859	0
860	0
861	0
862	0
863	0
864	0
865	0
866	0
867	2
868	0
869	0
870	1
871	0
872	1
873	0
874	0
875	0
876	0
877	0
878	0
879	0
880	0
881	0
882	1
883	0
884	0
885	1
886	1
887	0
888	0
889	0
890	0
891	0
892	0
893	1
894	1
895	1
896	1
897	1
898	0
899	1
900	0
901	0
902	0
903	1
904	1
905	0
906	1
907	0
908	1
909	2
910	0
911	1
912	0
913	0
914	1
915	0
916	1
917	0
918	2
919	1
920	0
921	0
922	0
923	0
924	2
925	0
926	0
927	0
928	1
929	0
930	0
931	1
932	1
933	1
934	2
935	1
936	1
937	1
938	0
939	1
940	0
941	0
942	0
943	0
944	0
945	1
946	0
947	1
948	0
949	2
950	0
951	0
952	1
953	2
954	1
955	1
956	0
957	2
958	2
959	2
960	2
961	2
962	1
963	1
964	0
965	0
966	0
967	1
968	1
969	1
970	2
971	0
972	0
973	0
974	0
975	0
976	0
977	1
978	0
979	0
980	1
981	0
982	0
983	0
984	0
985	0
986	0
987	0
988	1
989	0
990	0
991	0
992	0
993	3
994	0
995	0
996	1
997	0
998	0
999	0
1000	0
1001	0
1002	0
1003	0
1004	1
1005	0
1006	0
1007	0
1008	0
1009	0
1010	0
1011	0
1012	1
1013	0
1014	0
1015	0
1016	0
1017	0
1018	1
1019	0
1020	0
1021	0
1022	0
1023	1
1024	0
1025	0
1026	1
1027	0
1028	1
1029	1
1030	0
1031	0
1032	0
1033	0
1034	0
1035	0
1036	1
1037	0
1038	1
1039	0
1040	0
1041	0
1042	1
1043	0
1044	0
1045	0
1046	1
1047	0
1048	0
1049	0
1050	0
1051	0
1052	0
1053	0
1054	0
1055	0
1056	1
1057	1
1058	0
1059	0
1060	1
1061	0
1062	0
1063	0
1064	1
1065	0
1066	0
1067	0
1068	0
1069	0
1070	0
1071	0
1072	1
1073	0
1074	1
1075	0
1076	0
1077	0
1078	0
1079	0
1080	1
1081	0
1082	1
1083	1
1084	1
1085	0
1086	0
1087	1
1088	0
1089	0
1090	0
1091	0
1092	1
1093	0
1094	0
1095	0
1096	0
1097	0
1098	0
1099	0
1100	0
1101	1
1102	0
1103	0
1104	0
1105	0
1106	0
1107	0
1108	0
1109	0
1110	0
1111	0
1112	0
1113	0
1114	0
1115	0
1116	0
1117	0
1118	0
1119	0
1120	0
1121	0
1122	0
1123	0
1124	0
1125	0
1126	0
1127	0
1128	0
1129	0
1130	0
1131	0
1132	0
1133	1
1134	0
1135	0
1136	0
1137	0
1138	0
1139	2
1140	0
1141	0
1142	0
1143	0
1144	1
1145	0
1146	0
1147	0
1148	0
1149	1
1150	0
1151	0
1152	0
1153	0
1154	0
1155	0
1156	0
1157	0
1158	1
1159	0
1160	0
1161	0
1162	0
1163	0
1164	0
1165	0
1166	0
1167	0
1168	0
1169	0
1170	0
1171	0
1172	1
1173	0
1174	0
1175	0
1176	1
1177	0
1178	0
1179	0
1180	0
1181	0
1182	0
1183	2
1184	0
1185	0
1186	0
1187	1
1188	0
1189	0
1190	0
1191	0
1192	0
1193	0
1194	0
1195	0
1196	0
1197	0
1198	0
1199	1
1200	0
1201	1
1202	0
1203	0
1204	0
1205	0
1206	0
1207	0
1208	0
1209	0
1210	0
1211	0
1212	0
1213	0
1214	0
1215	0
1216	0
1217	0
1218	0
1219	1
1220	0
1221	0
1222	0
1223	0
1224	0
1225	0
1226	0
1227	0
1228	2
1229	0
1230	0
1231	1
1232	0
1233	0
1234	0
1235	0
1236	0
1237	0
1238	0
1239	0
1240	0
1241	0
1242	0
1243	0
1244	0
1245	0
1246	0
1247	0
1248	0
1249	0
1250	0
1251	0
1252	0
1253	0
1254	0
1255	1
1256	0
1257	0
1258	0
1259	0
1260	0
1261	1
1262	1
1263	1
1264	0
1265	0
1266	0
1267	0
1268	0
1269	0
1270	0
1271	1
1272	0
1273	1
1274	0
1275	0
1276	1
1277	0
1278	0
1279	0
1280	0
1281	0
1282	0
1283	0
1284	0
1285	1
1286	0
1287	0
1288	0
1289	0
1290	0
1291	0
1292	0
1293	0
1294	0
1295	0
1296	0
1297	1
1298	0
1299	0
1300	0
1301	0
1302	0
1303	0
1304	0
1305	0
1306	0
1307	0
1308	0
1309	0
1310	0
1311	0
1312	0
1313	0
1314	0
1315	0
1316	0
1317	0
1318	0
1319	0
1320	1
1321	0
1322	0
1323	0
1324	0
1325	1
1326	0
1327	0
1328	0
1329	0
1330	0
1331	1
1332	1
1333	0
1334	0
1335	0
1336	0
1337	1
1338	0
1339	0
1340	0
1341	0
1342	0
1343	0
1344	0
1345	1
1346	0
1347	0
1348	0
1349	0
1350	0
1351	0
1352	0
1353	0
1354	0
1355	0
1356	0
1357	0
1358	0
1359	0
1360	0
1361	0
1362	1
1363	0
1364	0
1365	0
1366	0
1367	0
1368	0
1369	0
1370	1
1371	0
1372	0
1373	0
1374	0
1375	0
1376	0
1377	0
1378	0
1379	0
1380	0
1381	0
1382	0
1383	0
1384	0
1385	0
1386	1
1387	0
1388	0
1389	0
1390	0
1391	0
1392	0
1393	0
1394	0
1395	0
1396	1
1397	0
1398	0
1399	0
1400	0
1401	0
1402	0
1403	0
1404	0
1405	0
1406	0
1407	0
1408	0
1409	0
1410	0
1411	0
1412	1
1413	1
1414	0
1415	1
1416	0
1417	0
1418	0
1419	0
1420	0
1421	1
1422	0
1423	0
1424	0
1425	0
1426	0
1427	0
1428	0
1429	1
1430	0
1431	0
1432	0
1433	0
1434	0
1435	0
1436	1
1437	0
1438	0
1439	0
1440	0
1441	0
1442	0
1443	0
1444	0
1445	0
1446	0
1447	0
1448	0
1449	0
1450	0
1451	0
1452	0
1453	0
1454	1
1455	0
1456	0
1457	0
1458	0
1459	0
1460	0
1461	0
1462	1
1463	0
1464	0
1465	0
1466	1
1467	1
1468	0
1469	1
1470	0
1471	0
1472	0
1473	0
1474	0
1475	0
1476	0
1477	0
1478	0
1479	0
1480	0
1481	0
1482	0
1483	0
1484	0
1485	0
1486	0
1487	0
1488	0
1489	0
1490	0
1491	0
1492	0
1493	0
1494	0
1495	0
1496	0
1497	0
1498	0
1499	0
1500	0
1501	0
1502	0
1503	0
1504	0
1505	0
1506	0
1507	0
1508	0
1509	0
1510	0
1511	0
1512	0
1513	0
1514	0
1515	0
1516	0
1517	0
1518	0
1519	0
1520	0
1521	0
1522	0
1523	0
1524	0
1525	0
1526	0
1527	0
1528	0
1529	0
1530	1
1531	0
1532	0
1533	0
1534	0
1535	0
1536	0
1537	0
1538	0
1539	0
1540	0
1541	0
1542	0
1543	0
1544	0
1545	0
1546	0
1547	0
1548	0
1549	0
1550	0
1551	0
1552	0
1553	0
1554	0
1555	0
1556	0
1557	0
1558	0
1559	0
1560	0
1561	0
1562	0
1563	0
1564	0
1565	0
1566	0
1567	0
1568	0
1569	1
1570	0
1571	0
1572	0
1573	0
1574	0
1575	0
1576	0
1577	0
1578	0
1579	0
1580	0
1581	0
1582	0
1583	0
1584	0
1585	0
1586	0
1587	1
1588	0
1589	0
1590	0
1591	0
1592	0
1593	0
1594	0
1595	0
1596	0
1597	0
1598	0
1599	0
1600	0
1601	0
1602	1
1603	0
1604	0
1605	0
1606	0
1607	0
1608	0
1609	1
1610	0
1611	0
1612	0
1613	0
1614	1
1615	0
1616	0
1617	0
1618	0
1619	0
1620	0
1621	0
1622	0
1623	0
1624	0
1625	0
1626	0
1627	0
1628	0
1629	0
1630	0
1631	0
1632	0
1633	0
1634	0
1635	0
1636	1
1637	0
1638	0
1639	0
1640	0
1641	0
1642	0
1643	0
1644	0
1645	0
1646	0
1647	0
1648	0
1649	0
1650	0
1651	0
1652	0
1653	0
1654	0
1655	0
1656	1
1657	0
1658	0
1659	1
1660	0
1661	0
1662	0
1663	0
1664	0
1665	0
1666	0
1667	0
1668	0
1669	0
1670	0
1671	0
1672	0
1673	0
1674	0
1675	0
1676	1
1677	0
1678	0
1679	0
1680	0
1681	0
1682	1
1683	0
1684	0
1685	0
1686	0
1687	0
1688	1
1689	1
1690	0
1691	0
1692	0
1693	0
1694	0
1695	0
1696	0
1697	0
1698	0
1699	0
1700	0
1701	1
1702	0
1703	0
1704	0
1705	0
1706	1
1707	0
1708	0
1709	0
1710	0
1711	0
1712	0
1713	0
1714	0
1715	0
1716	0
1717	0
1718	0
1719	0
1720	0
1721	0
1722	0
1723	0
1724	0
1725	0
1726	0
1727	0
1728	0
1729	0
1730	0
1731	0
1732	0
1733	0
1734	0
1735	0
1736	0
1737	0
1738	0
1739	0
1740	1
1741	0
1742	0
1743	0
1744	0
1745	0
1746	0
1747	0
1748	0
1749	0
1750	0
1751	0
1752	0
1753	0
1754	0
1755	0
1756	0
1757	0
1758	0
1759	1
1760	0
1761	0
1762	0
1763	0
1764	0
1765	0
1766	0
1767	0
1768	0
1769	0
1770	0
1771	1
1772	0
1773	0
1774	0
1775	0
1776	0
1777	0
1778	0
1779	0
1780	0
1781	0
1782	0
1783	0
1784	0
1785	0
1786	0
1787	0
1788	0
1789	0
1790	0
1791	0
1792	0
1793	0
1794	0
1795	0
1796	0
1797	0
1798	0
1799	0
1800	0
1801	0
1802	0
1803	0
1804	0
1805	0
1806	0
1807	0
1808	0
1809	0
1810	0
1811	0
1812	0
1813	0
1814	1
1815	0
1816	0
1817	1
1818	0
1819	0
1820	0
1821	0
1822	0
1823	0
1824	0
1825	0
1826	0
1827	0
1828	0
1829	0
1830	0
1831	0
1832	0
1833	0
1834	0
1835	0
1836	0
1837	0
1838	0
1839	0
1840	0
1841	0
1842	0
1843	0
1844	0
1845	0
1846	0
1847	0
1848	0
1849	0
1850	0
1851	0
1852	0
1853	0
1854	0
1855	0
1856	0
1857	0
1858	0
1859	0
1860	0
1861	0
1862	0
1863	0
1864	0
1865	0
1866	0
1867	0
1868	0
1869	0
1870	0
1871	0
1872	0
1873	1
1874	0
1875	0
1876	0
1877	0
1878	0
1879	0
1880	0
1881	0
1882	0
1883	0
1884	0
1885	0
1886	0
1887	0
1888	0
1889	0
1890	0
1891	0
1892	0
1893	0
1894	0
1895	0
1896	0
1897	0
1898	0
1899	0
1900	0
1901	0
1902	0
1903	1
1904	0
1905	0
1906	0
1907	0
1908	0
1909	0
1910	0
1911	0
1912	0
1913	0
1914	0
1915	0
1916	1
1917	0
1918	0
1919	0
1920	0
1921	0
1922	0
1923	0
1924	0
1925	0
1926	0
1927	0
1928	0
1929	0
1930	0
1931	0
1932	0
1933	0
1934	0
1935	0
1936	0
1937	0
1938	0
1939	0
1940	0
1941	0
1942	0
1943	0
1944	0
1945	0
1946	0
1947	0
1948	0
1949	0
1950	0
1951	0
1952	0
1953	0
1954	0
1955	0
1956	0
1957	0
1958	0
1959	0
1960	0
1961	0
1962	0
1963	0
1964	0
1965	0
1966	0
1967	0
1968	0
1969	0
1970	0
1971	0
1972	0
1973	0
1974	0
1975	0
1976	0
1977	0
1978	0
1979	0
1980	0
1981	0
1982	0
1983	0
1984	1
1985	0
1986	0
1987	0
1988	0
1989	0
1990	0
1991	0
1992	0
1993	1
1994	0
1995	0
1996	0
1997	0
1998	0
1999	0
2000	0
2001	0
2002	0
2003	0
2004	1
2005	0
2006	0
2007	0
2008	1
2009	0
2010	0
2011	0
2012	0
2013	0
2014	0
2015	0
2016	0
2017	0
2018	0
2019	0
2020	0
2021	0
2022	0
2023	0
2024	0
2025	0
2026	0
2027	0
2028	0
2029	0
2030	0
2031	0
2032	0
2033	0
2034	0
2035	0
2036	0
2037	0
2038	0
2039	0
2040	0
2041	0
2042	0
2043	0
2044	0
2045	0
2046	0
2047	0
