0	0
1	0
2	0
3	0
4	0
5	0
6	0
7	0
8	0
9	0
10	2
11	1
12	29
13	283
14	264
15	238
16	267
17	227
18	224
19	211
20	199
21	220
22	232
23	227
24	224
25	250
26	198
27	223
28	207
29	211
30	216
31	209
32	203
33	190
34	213
35	228
36	216
37	203
38	208
39	207
40	204
41	242
42	214
43	197
44	228
45	230
46	215
47	216
48	223
49	186
50	244
51	231
52	210
53	209
54	204
55	204
56	243
57	205
58	221
59	223
60	244
61	205
62	196
63	210
64	237
65	215
66	201
67	202
68	217
69	231
70	217
71	211
72	222
73	219
74	222
75	208
76	216
77	195
78	211
79	214
80	218
81	204
82	201
83	201
84	196
85	217
86	197
87	187
88	214
89	207
90	211
91	205
92	191
93	186
94	194
95	207
96	210
97	200
98	211
99	205
100	196
101	173
102	202
103	215
104	205
105	195
106	224
107	181
108	211
109	195
110	215
111	188
112	187
113	187
114	193
115	209
116	192
117	227
118	205
119	209
120	199
121	225
122	228
123	210
124	207
125	212
126	222
127	229
128	224
129	220
130	231
131	257
132	238
133	229
134	238
135	222
136	206
137	236
138	226
139	218
140	204
141	212
142	240
143	237
144	229
145	236
146	242
147	228
148	219
149	229
150	220
151	256
152	237
153	220
154	214
155	196
156	209
157	219
158	199
159	211
160	223
161	234
162	222
163	205
164	218
165	214
166	219
167	224
168	192
169	221
170	221
171	202
172	204
173	213
174	209
175	225
176	186
177	197
178	201
179	241
180	204
181	189
182	185
183	196
184	188
185	208
186	190
187	186
188	219
189	202
190	201
191	179
192	174
193	190
194	185
195	197
196	187
197	192
198	194
199	211
200	187
201	180
202	188
203	203
204	209
205	173
206	195
207	195
208	193
209	177
210	186
211	208
212	190
213	207
214	198
215	172
216	198
217	183
218	207
219	168
220	187
221	180
222	187
223	162
224	159
225	173
226	170
227	157
228	173
229	161
230	131
231	154
232	154
233	133
234	125
235	121
236	120
237	121
238	118
239	121
240	113
241	113
242	99
243	85
244	114
245	96
246	88
247	83
248	85
249	86
250	90
251	91
252	80
253	85
254	83
255	78
256	91
257	82
258	85
259	85
260	76
261	77
262	76
263	81
264	74
265	67
266	80
267	69
268	76
269	82
270	92
271	62
272	85
273	95
274	86
275	80
276	56
277	72
278	73
279	76
280	65
281	69
282	66
283	85
284	69
285	73
286	80
287	80
288	73
289	74
290	67
291	72
292	65
293	83
294	64
295	82
296	77
297	75
298	73
299	65
300	84
301	67
302	60
303	83
304	83
305	70
306	66
307	69
308	69
309	84
310	101
311	101
312	93
313	73
314	110
315	111
316	131
317	173
318	175
319	202
320	259
321	302
322	361
323	412
324	480
325	533
326	653
327	761
328	823
329	927
330	1112
331	1214
332	1380
333	1430
334	1565
335	1730
336	1872
337	2038
338	2081
339	2247
340	2237
341	2259
342	2337
343	2323
344	2346
345	2178
346	2171
347	2149
348	2048
349	1952
350	1797
351	1685
352	1559
353	1444
354	1234
355	1136
356	993
357	882
358	756
359	679
360	574
361	473
362	428
363	297
364	285
365	254
366	205
367	210
368	143
369	107
370	103
371	103
372	92
373	77
374	77
375	83
376	62
377	55
378	57
379	59
380	47
381	55
382	61
383	71
384	56
385	43
386	46
387	63
388	52
389	48
390	44
391	53
392	51
393	42
394	56
395	50
396	51
397	55
398	51
399	48
400	39
401	51
402	48
403	46
404	62
405	55
406	46
407	54
408	59
409	33
410	44
411	46
412	60
413	52
414	43
415	55
416	55
417	44
418	60
419	58
420	51
421	57
422	55
423	46
424	38
425	54
426	57
427	61
428	52
429	53
430	44
431	52
432	49
433	54
434	58
435	41
436	48
437	61
438	50
439	43
440	46
441	44
442	48
443	51
444	53
445	48
446	43
447	66
448	43
449	60
450	55
451	51
452	60
453	50
454	67
455	54
456	47
457	44
458	54
459	54
460	52
461	48
462	44
463	60
464	50
465	60
466	45
467	63
468	55
469	56
470	58
471	56
472	42
473	52
474	49
475	48
476	43
477	54
478	60
479	42
480	55
481	51
482	38
483	42
484	45
485	53
486	57
487	61
488	43
489	55
490	61
491	50
492	48
493	47
494	50
495	72
496	55
497	45
498	56
499	44
500	55
501	46
502	48
503	57
504	58
505	51
506	42
507	46
508	50
509	49
510	46
511	52
512	47
513	54
514	66
515	46
516	55
517	52
518	66
519	44
520	50
521	42
522	52
523	72
524	54
525	39
526	43
527	47
528	48
529	47
530	41
531	55
532	56
533	58
534	47
535	44
536	43
537	36
538	53
539	62
540	53
541	51
542	39
543	47
544	46
545	62
546	56
547	44
548	54
549	58
550	53
551	38
552	33
553	46
554	44
555	59
556	62
557	69
558	46
559	50
560	58
561	48
562	49
563	51
564	46
565	48
566	52
567	45
568	50
569	42
570	45
571	53
572	56
573	49
574	40
575	48
576	54
577	42
578	57
579	48
580	44
581	51
582	47
583	43
584	37
585	53
586	54
587	43
588	53
589	44
590	50
591	47
592	45
593	40
594	39
595	45
596	42
597	56
598	47
599	58
600	48
601	52
602	47
603	39
604	42
605	46
606	50
607	43
608	54
609	63
610	61
611	56
612	54
613	46
614	63
615	46
616	49
617	47
618	56
619	47
620	52
621	37
622	53
623	57
624	48
625	47
626	44
627	48
628	50
629	43
630	50
631	50
632	60
633	50
634	51
635	61
636	52
637	52
638	66
639	63
640	65
641	44
642	53
643	48
644	38
645	46
646	64
647	48
648	62
649	46
650	70
651	40
652	58
653	44
654	67
655	51
656	54
657	28
658	52
659	55
660	46
661	45
662	50
663	61
664	49
665	54
666	51
667	39
668	52
669	38
670	53
671	33
672	48
673	52
674	49
675	52
676	45
677	54
678	46
679	42
680	65
681	41
682	51
683	49
684	33
685	36
686	33
687	41
688	41
689	41
690	45
691	38
692	38
693	48
694	39
695	41
696	36
697	24
698	52
699	36
700	34
701	26
702	36
703	38
704	33
705	17
706	31
707	35
708	29
709	27
710	31
711	18
712	26
713	28
714	22
715	29
716	14
717	31
718	27
719	21
720	33
721	27
722	27
723	19
724	29
725	27
726	21
727	32
728	22
729	20
730	29
731	21
732	24
733	30
734	21
735	17
736	31
737	28
738	24
739	17
740	30
741	23
742	22
743	24
744	19
745	15
746	16
747	16
748	21
749	20
750	12
751	11
752	28
753	20
754	27
755	23
756	16
757	22
758	17
759	18
760	30
761	26
762	20
763	19
764	15
765	15
766	15
767	28
768	14
769	18
770	18
771	18
772	23
773	17
774	17
775	14
776	25
777	20
778	26
779	15
780	22
781	20
782	35
783	19
784	23
785	19
786	25
787	16
788	22
789	26
790	25
791	34
792	28
793	31
794	27
795	39
796	48
797	39
798	48
799	47
800	59
801	58
802	85
803	88
804	76
805	93
806	83
807	105
808	94
809	97
810	113
811	122
812	127
813	134
814	122
815	173
816	163
817	164
818	171
819	160
820	193
821	196
822	186
823	231
824	223
825	253
826	214
827	252
828	241
829	269
830	259
831	232
832	235
833	230
834	219
835	239
836	235
837	222
838	224
839	227
840	226
841	206
842	210
843	204
844	191
845	194
846	158
847	173
848	177
849	162
850	132
851	136
852	145
853	127
854	124
855	124
856	89
857	84
858	113
859	70
860	68
861	69
862	59
863	56
864	54
865	67
866	53
867	52
868	42
869	48
870	47
871	45
872	24
873	42
874	30
875	33
876	41
877	30
878	22
879	26
880	28
881	32
882	34
883	40
884	22
885	30
886	31
887	23
888	17
889	21
890	25
891	33
892	37
893	29
894	26
895	23
896	23
897	18
898	31
899	13
900	35
901	24
902	23
903	19
904	33
905	25
906	20
907	21
908	25
909	26
910	19
911	22
912	26
913	23
914	20
915	23
916	19
917	20
918	24
919	29
920	27
921	21
922	22
923	25
924	22
925	34
926	28
927	33
928	24
929	19
930	26
931	19
932	21
933	25
934	29
935	20
936	22
937	22
938	28
939	22
940	20
941	25
942	26
943	30
944	16
945	24
946	28
947	27
948	25
949	25
950	37
951	27
952	21
953	28
954	22
955	26
956	24
957	23
958	28
959	18
960	28
961	23
962	20
963	36
964	30
965	26
966	35
967	25
968	12
969	21
970	38
971	23
972	20
973	27
974	22
975	24
976	22
977	14
978	26
979	28
980	16
981	26
982	25
983	26
984	14
985	24
986	29
987	20
988	23
989	24
990	29
991	23
992	31
993	23
994	23
995	24
996	32
997	17
998	18
999	20
1000	28
1001	23
1002	7
1003	31
1004	20
1005	21
1006	21
1007	29
1008	27
1009	21
1010	23
1011	24
1012	20
1013	23
1014	13
1015	23
1016	18
1017	12
1018	23
1019	20
1020	23
1021	23
1022	24
1023	17
1024	13
1025	15
1026	15
1027	16
1028	18
1029	21
1030	19
1031	24
1032	22
1033	12
1034	15
1035	15
1036	21
1037	10
1038	16
1039	15
1040	14
1041	14
1042	19
1043	14
1044	9
1045	10
1046	19
1047	19
1048	20
1049	13
1050	17
1051	16
1052	14
1053	14
1054	7
1055	15
1056	8
1057	11
1058	12
1059	11
1060	11
1061	10
1062	9
1063	4
1064	18
1065	9
1066	19
1067	8
1068	4
1069	14
1070	10
1071	9
1072	6
1073	6
1074	9
1075	8
1076	10
1077	9
1078	5
1079	4
1080	11
1081	7
1082	5
1083	7
1084	5
1085	7
1086	2
1087	7
1088	8
1089	3
1090	5
1091	5
1092	2
1093	3
1094	3
1095	3
1096	3
1097	6
1098	4
1099	6
1100	9
1101	2
1102	2
1103	3
1104	6
1105	8
1106	6
1107	2
1108	7
1109	3
1110	4
1111	4
1112	7
1113	5
1114	3
1115	7
1116	4
1117	2
1118	2
1119	6
1120	1
1121	3
1122	4
1123	5
1124	3
1125	10
1126	3
1127	7
1128	9
1129	4
1130	7
1131	14
1132	9
1133	12
1134	11
1135	14
1136	9
1137	16
1138	20
1139	15
1140	15
1141	16
1142	16
1143	14
1144	26
1145	22
1146	22
1147	23
1148	21
1149	23
1150	25
1151	25
1152	37
1153	35
1154	41
1155	32
1156	45
1157	36
1158	49
1159	45
1160	46
1161	53
1162	58
1163	48
1164	40
1165	50
1166	52
1167	60
1168	63
1169	66
1170	62
1171	53
1172	51
1173	63
1174	58
1175	66
1176	56
1177	50
1178	64
1179	78
1180	68
1181	59
1182	63
1183	61
1184	48
1185	59
1186	63
1187	46
1188	45
1189	47
1190	38
1191	50
1192	48
1193	43
1194	26
1195	38
1196	26
1197	32
1198	36
1199	40
1200	33
1201	17
1202	28
1203	21
1204	21
1205	21
1206	27
1207	27
1208	15
1209	16
1210	11
1211	13
1212	10
1213	8
1214	13
1215	8
1216	13
1217	10
1218	6
1219	5
1220	5
1221	4
1222	3
1223	5
1224	2
1225	1
1226	3
1227	5
1228	1
1229	4
1230	2
1231	1
1232	2
1233	4
1234	1
1235	3
1236	3
1237	2
1238	1
1239	3
1240	3
1241	0
1242	1
1243	0
1244	1
1245	0
1246	1
1247	0
1248	1
1249	1
1250	1
1251	3
1252	2
1253	0
1254	0
1255	0
1256	0
1257	0
1258	1
1259	3
1260	1
1261	0
1262	1
1263	0
1264	1
1265	1
1266	0
1267	2
1268	0
1269	1
1270	0
1271	2
1272	2
1273	0
1274	0
1275	1
1276	0
1277	0
1278	0
1279	2
1280	0
1281	1
1282	2
1283	1
1284	1
1285	4
1286	1
1287	0
1288	0
1289	0
1290	0
1291	1
1292	1
1293	1
1294	0
1295	0
1296	0
1297	1
1298	0
1299	3
1300	0
1301	1
1302	1
1303	0
1304	1
1305	1
1306	1
1307	0
1308	0
1309	2
1310	0
1311	0
1312	0
1313	1
1314	0
1315	1
1316	0
1317	2
1318	1
1319	1
1320	1
1321	1
1322	0
1323	1
1324	2
1325	0
1326	2
1327	2
1328	2
1329	0
1330	0
1331	0
1332	0
1333	0
1334	0
1335	1
1336	0
1337	0
1338	1
1339	0
1340	0
1341	0
1342	0
1343	1
1344	0
1345	0
1346	0
1347	1
1348	1
1349	0
1350	1
1351	2
1352	0
1353	0
1354	0
1355	0
1356	1
1357	1
1358	1
1359	0
1360	0
1361	0
1362	1
1363	1
1364	0
1365	1
1366	2
1367	2
1368	3
1369	0
1370	0
1371	1
1372	0
1373	0
1374	0
1375	2
1376	0
1377	0
1378	1
1379	0
1380	0
1381	1
1382	1
1383	1
1384	1
1385	1
1386	1
1387	1
1388	0
1389	0
1390	0
1391	1
1392	0
1393	0
1394	0
1395	0
1396	0
1397	0
1398	0
1399	1
1400	0
1401	2
1402	2
1403	2
1404	0
1405	0
1406	0
1407	1
1408	3
1409	0
1410	1
1411	0
1412	1
1413	0
1414	0
1415	0
1416	0
1417	1
1418	0
1419	0
1420	0
1421	0
1422	0
1423	0
1424	0
1425	0
1426	0
1427	0
1428	0
1429	0
1430	1
1431	0
1432	0
1433	0
1434	2
1435	0
1436	0
1437	0
1438	1
1439	3
1440	0
1441	1
1442	0
1443	0
1444	0
1445	0
1446	1
1447	0
1448	0
1449	2
1450	0
1451	0
1452	2
1453	1
1454	1
1455	0
1456	1
1457	0
1458	0
1459	1
1460	1
1461	0
1462	0
1463	1
1464	0
1465	0
1466	1
1467	0
1468	0
1469	0
1470	0
1471	0
1472	0
1473	1
1474	1
1475	0
1476	0
1477	0
1478	0
1479	0
1480	0
1481	1
1482	0
1483	0
1484	2
1485	0
1486	0
1487	2
1488	0
1489	0
1490	0
1491	0
1492	1
1493	0
1494	0
1495	1
1496	0
1497	0
1498	1
1499	1
1500	1
1501	0
1502	0
1503	2
1504	1
1505	1
1506	1
1507	0
1508	1
1509	0
1510	0
1511	0
1512	0
1513	0
1514	1
1515	0
1516	0
1517	0
1518	0
1519	0
1520	0
1521	1
1522	0
1523	0
1524	0
1525	0
1526	0
1527	0
1528	0
1529	0
1530	0
1531	0
1532	0
1533	1
1534	1
1535	0
1536	0
1537	0
1538	0
1539	0
1540	0
1541	2
1542	1
1543	0
1544	0
1545	2
1546	0
1547	0
1548	0
1549	0
1550	0
1551	0
1552	0
1553	0
1554	0
1555	0
1556	0
1557	0
1558	0
1559	0
1560	0
1561	0
1562	0
1563	1
1564	0
1565	0
1566	0
1567	0
1568	0
1569	0
1570	0
1571	0
1572	0
1573	0
1574	0
1575	0
1576	0
1577	0
1578	0
1579	0
1580	0
1581	0
1582	0
1583	0
1584	0
1585	0
1586	0
1587	0
1588	0
1589	0
1590	0
1591	0
1592	0
1593	1
1594	0
1595	0
1596	0
1597	0
1598	0
1599	0
1600	1
1601	0
1602	1
1603	0
1604	0
1605	0
1606	0
1607	0
1608	0
1609	0
1610	0
1611	0
1612	0
1613	1
1614	0
1615	0
1616	0
1617	0
1618	0
1619	1
1620	0
1621	0
1622	0
1623	0
1624	0
1625	0
1626	0
1627	0
1628	0
1629	1
1630	0
1631	0
1632	1
1633	0
1634	1
1635	0
1636	0
1637	0
1638	0
1639	0
1640	0
1641	0
1642	0
1643	0
1644	0
1645	1
1646	0
1647	0
1648	0
1649	0
1650	0
1651	0
1652	0
1653	0
1654	0
1655	0
1656	0
1657	0
1658	0
1659	1
1660	0
1661	0
1662	1
1663	0
1664	1
1665	0
1666	1
1667	0
1668	0
1669	0
1670	0
1671	1
1672	0
1673	0
1674	1
1675	0
1676	0
1677	0
1678	0
1679	0
1680	0
1681	1
1682	0
1683	0
1684	0
1685	0
1686	1
1687	0
1688	0
1689	0
1690	0
1691	0
1692	0
1693	0
1694	0
1695	0
1696	0
1697	0
1698	0
1699	0
1700	0
1701	0
1702	0
1703	0
1704	0
1705	1
1706	0
1707	0
1708	0
1709	0
1710	0
1711	1
1712	0
1713	0
1714	0
1715	1
1716	0
1717	0
1718	0
1719	0
1720	0
1721	0
1722	1
1723	0
1724	0
1725	0
1726	0
1727	0
1728	0
1729	0
1730	0
1731	0
1732	0
1733	0
1734	0
1735	0
1736	0
1737	0
1738	0
1739	0
1740	0
1741	0
1742	0
1743	0
1744	0
1745	0
1746	0
1747	0
1748	0
1749	0
1750	0
1751	0
1752	0
1753	0
1754	0
1755	0
1756	0
1757	0
1758	1
1759	0
1760	0
1761	0
1762	1
1763	0
1764	0
1765	0
1766	0
1767	0
1768	0
1769	0
1770	0
1771	0
1772	0
1773	0
1774	0
1775	1
1776	0
1777	0
1778	0
1779	0
1780	0
1781	0
1782	0
1783	0
1784	0
1785	0
1786	0
1787	0
1788	0
1789	0
1790	0
1791	0
1792	0
1793	0
1794	0
1795	0
1796	0
1797	0
1798	0
1799	0
1800	0
1801	0
1802	0
1803	0
1804	0
1805	0
1806	0
1807	0
1808	0
1809	1
1810	0
1811	0
1812	0
1813	0
1814	0
1815	0
1816	0
1817	0
1818	0
1819	0
1820	1
1821	0
1822	0
1823	0
1824	0
1825	0
1826	0
1827	0
1828	0
1829	0
1830	0
1831	0
1832	0
1833	0
1834	1
1835	0
1836	0
1837	0
1838	0
1839	0
1840	0
1841	0
1842	0
1843	0
1844	0
1845	0
1846	0
1847	1
1848	0
1849	0
1850	0
1851	0
1852	0
1853	0
1854	0
1855	0
1856	0
1857	0
1858	0
1859	0
1860	0
1861	0
1862	0
1863	0
1864	0
1865	0
1866	0
1867	0
1868	0
1869	0
1870	0
1871	0
1872	0
1873	0
1874	0
1875	0
1876	1
1877	0
1878	0
1879	0
1880	0
1881	0
1882	0
1883	0
1884	1
1885	0
1886	0
1887	0
1888	0
1889	0
1890	0
1891	0
1892	0
1893	0
1894	1
1895	0
1896	0
1897	0
1898	1
1899	0
1900	0
1901	0
1902	0
1903	0
1904	0
1905	0
1906	0
1907	0
1908	0
1909	0
1910	0
1911	0
1912	0
1913	0
1914	0
1915	0
1916	0
1917	0
1918	0
1919	0
1920	0
1921	0
1922	0
1923	0
1924	0
1925	1
1926	0
1927	0
1928	0
1929	0
1930	0
1931	0
1932	0
1933	0
1934	0
1935	0
1936	0
1937	0
1938	0
1939	0
1940	0
1941	1
1942	0
1943	0
1944	0
1945	0
1946	0
1947	0
1948	0
1949	0
1950	0
1951	0
1952	0
1953	0
1954	0
1955	0
1956	0
1957	0
1958	0
1959	0
1960	1
1961	0
1962	0
1963	0
1964	0
1965	0
1966	0
1967	0
1968	0
1969	0
1970	0
1971	0
1972	0
1973	0
1974	0
1975	0
1976	0
1977	0
1978	0
1979	0
1980	0
1981	1
1982	0
1983	0
1984	0
1985	0
1986	0
1987	0
1988	0
1989	0
1990	0
1991	0
1992	0
1993	0
1994	0
1995	0
1996	0
1997	0
1998	0
1999	0
2000	0
2001	0
2002	0
2003	0
2004	0
2005	0
2006	0
2007	0
2008	0
2009	0
2010	0
2011	0
2012	0
2013	0
2014	0
2015	0
2016	0
2017	0
2018	0
2019	0
2020	0
2021	0
2022	0
2023	0
2024	0
2025	0
2026	0
2027	0
2028	0
2029	0
2030	0
2031	0
2032	0
2033	0
2034	0
2035	0
2036	0
2037	0
2038	0
2039	0
2040	0
2041	0
2042	0
2043	0
2044	0
2045	0
2046	0
2047	0
