0	0
1	0
2	0
3	0
4	0
5	0
6	0
7	0
8	0
9	0
10	1
11	0
12	15
13	111
14	100
15	83
16	73
17	58
18	55
19	85
20	271
21	1130
22	3685
23	8776
24	14609
25	17783
26	15946
27	11464
28	6415
29	3248
30	1370
31	545
32	164
33	75
34	48
35	48
36	41
37	39
38	52
39	46
40	63
41	34
42	40
43	39
44	48
45	35
46	41
47	49
48	47
49	77
50	82
51	59
52	38
53	54
54	48
55	32
56	47
57	48
58	40
59	44
60	55
61	45
62	42
63	54
64	81
65	105
66	175
67	202
68	292
69	388
70	490
71	517
72	519
73	517
74	437
75	303
76	262
77	162
78	120
79	60
80	45
81	27
82	11
83	13
84	12
85	6
86	6
87	10
88	8
89	7
90	9
91	10
92	15
93	5
94	5
95	7
96	10
97	9
98	5
99	6
100	6
101	4
102	5
103	4
104	5
105	6
106	6
107	8
108	3
109	8
110	1
111	3
112	9
113	5
114	2
115	5
116	5
117	2
118	4
119	4
120	8
121	5
122	9
123	6
124	5
125	10
126	7
127	8
128	5
129	4
130	5
131	7
132	9
133	2
134	10
135	6
136	1
137	4
138	6
139	10
140	4
141	10
142	6
143	6
144	2
145	9
146	2
147	6
148	2
149	3
150	4
151	8
152	5
153	1
154	2
155	3
156	3
157	5
158	5
159	10
160	3
161	2
162	1
163	5
164	2
165	2
166	3
167	6
168	7
169	3
170	3
171	1
172	9
173	8
174	2
175	2
176	6
177	2
178	1
179	2
180	4
181	2
182	3
183	4
184	2
185	2
186	5
187	3
188	3
189	7
190	3
191	2
192	1
193	5
194	4
195	2
196	1
197	3
198	0
199	1
200	2
201	5
202	2
203	0
204	3
205	5
206	3
207	3
208	5
209	4
210	2
211	7
212	3
213	3
214	3
215	2
216	0
217	0
218	2
219	1
220	2
221	2
222	3
223	3
224	1
225	3
226	2
227	1
228	2
229	4
230	1
231	1
232	6
233	2
234	2
235	4
236	5
237	7
238	0
239	4
240	4
241	2
242	6
243	2
244	2
245	5
246	6
247	0
248	3
249	3
250	5
251	1
252	1
253	2
254	1
255	3
256	3
257	1
258	1
259	3
260	0
261	1
262	2
263	1
264	2
265	4
266	1
267	1
268	2
269	2
270	3
271	1
272	1
273	1
274	2
275	1
276	0
277	1
278	1
279	1
280	1
281	0
282	0
283	1
284	0
285	0
286	2
287	0
288	2
289	2
290	1
291	1
292	2
293	0
294	2
295	0
296	0
297	2
298	3
299	1
300	2
301	1
302	5
303	4
304	1
305	1
306	7
307	2
308	1
309	3
310	1
311	2
312	1
313	2
314	3
315	1
316	1
317	1
318	1
319	1
320	1
321	1
322	1
323	2
324	1
325	0
326	0
327	1
328	3
329	1
330	3
331	0
332	0
333	0
334	1
335	1
336	2
337	6
338	4
339	2
340	3
341	1
342	0
343	2
344	1
345	1
346	3
347	1
348	3
349	3
350	1
351	4
352	4
353	0
354	2
355	0
356	0
357	1
358	0
359	0
360	0
361	0
362	0
363	0
364	1
365	0
366	2
367	1
368	2
369	2
370	0
371	1
372	0
373	1
374	1
375	2
376	0
377	4
378	0
379	0
380	2
381	1
382	3
383	2
384	2
385	2
386	3
387	1
388	1
389	1
390	1
391	1
392	2
393	1
394	2
395	1
396	1
397	0
398	4
399	3
400	2
401	0
402	1
403	1
404	2
405	1
406	0
407	1
408	1
409	0
410	2
411	1
412	0
413	3
414	3
415	2
416	2
417	1
418	1
419	0
420	0
421	0
422	0
423	1
424	1
425	1
426	1
427	0
428	1
429	0
430	2
431	0
432	2
433	1
434	0
435	4
436	0
437	1
438	2
439	1
440	0
441	1
442	1
443	2
444	1
445	0
446	0
447	1
448	4
449	1
450	0
451	0
452	2
453	1
454	1
455	0
456	1
457	0
458	0
459	0
460	0
461	1
462	1
463	0
464	2
465	1
466	0
467	0
468	0
469	0
470	2
471	0
472	0
473	2
474	1
475	0
476	2
477	1
478	1
479	0
480	2
481	1
482	3
483	0
484	1
485	1
486	3
487	1
488	2
489	0
490	0
491	1
492	1
493	0
494	2
495	0
496	0
497	3
498	1
499	1
500	0
501	1
502	2
503	2
504	0
505	2
506	1
507	1
508	1
509	3
510	2
511	0
512	0
513	2
514	2
515	0
516	1
517	1
518	4
519	1
520	0
521	2
522	0
523	0
524	0
525	1
526	1
527	0
528	3
529	2
530	1
531	0
532	1
533	1
534	1
535	0
536	2
537	0
538	1
539	0
540	1
541	1
542	1
543	1
544	1
545	1
546	1
547	0
548	0
549	0
550	1
551	0
552	1
553	0
554	2
555	0
556	0
557	0
558	1
559	0
560	0
561	0
562	0
563	2
564	1
565	1
566	0
567	1
568	2
569	0
570	1
571	1
572	0
573	0
574	0
575	1
576	0
577	1
578	0
579	1
580	0
581	0
582	0
583	0
584	1
585	0
586	1
587	0
588	2
589	0
590	0
591	0
592	2
593	1
594	0
595	0
596	0
597	0
598	1
599	0
600	0
601	1
602	1
603	1
604	1
605	0
606	2
607	2
608	0
609	0
610	1
611	1
612	3
613	0
614	1
615	1
616	1
617	0
618	2
619	0
620	0
621	0
622	1
623	1
624	1
625	0
626	0
627	1
628	0
629	1
630	1
631	0
632	0
633	1
634	0
635	1
636	0
637	1
638	1
639	0
640	1
641	0
642	2
643	1
644	0
645	1
646	1
647	1
648	0
649	0
650	0
651	0
652	0
653	0
654	0
655	1
656	0
657	1
658	0
659	1
660	1
661	1
662	1
663	0
664	0
665	2
666	0
667	0
668	0
669	0
670	0
671	1
672	0
673	0
674	0
675	1
676	1
677	0
678	0
679	1
680	0
681	1
682	1
683	1
684	3
685	0
686	0
687	2
688	0
689	0
690	2
691	1
692	1
693	0
694	0
695	0
696	0
697	0
698	0
699	0
700	1
701	0
702	0
703	0
704	0
705	1
706	0
707	1
708	0
709	0
710	0
711	0
712	0
713	0
714	0
715	0
716	0
717	0
718	0
719	2
720	3
721	0
722	0
723	3
724	0
725	1
726	0
727	1
728	0
729	0
730	0
731	0
732	0
733	0
734	2
735	0
736	2
737	0
738	0
739	1
740	0
741	0
742	0
743	0
744	1
745	1
746	0
747	1
748	1
749	0
750	1
751	0
752	1
753	0
754	0
755	0
756	0
757	1
758	0
759	0
760	2
761	0
762	2
763	1
764	0
765	1
766	0
767	1
768	1
769	2
770	0
771	2
772	0
773	3
774	2
775	1
776	1
777	1
778	0
779	0
780	1
781	1
782	0
783	0
784	1
785	1
786	1
787	0
788	1
789	0
790	1
791	0
792	1
793	1
794	1
795	1
796	0
797	0
798	1
799	1
800	0
801	0
802	0
803	0
804	0
805	0
806	1
807	0
808	0
809	1
810	0
811	1
812	2
813	0
814	0
815	0
816	0
817	0
818	0
819	0
820	0
821	0
822	1
823	0
824	0
825	1
826	0
827	0
828	0
829	0
830	0
831	0
832	0
833	0
834	1
835	0
836	0
837	1
838	0
839	0
840	1
841	0
842	1
843	0
844	0
845	0
846	2
847	1
848	0
849	0
850	0
851	0
852	0
853	0
854	1
855	0
856	0
857	0
858	0
859	0
860	0
861	0
862	0
863	0
864	0
865	0
866	0
867	0
868	1
869	1
870	0
871	0
872	1
873	1
874	0
875	1
876	0
877	1
878	0
879	0
880	0
881	0
882	0
883	0
884	0
885	0
886	1
887	0
888	0
889	0
890	0
891	1
892	0
893	0
894	0
895	1
896	0
897	0
898	1
899	0
900	0
901	0
902	0
903	1
904	0
905	1
906	1
907	0
908	1
909	0
910	0
911	1
912	1
913	1
914	1
915	0
916	0
917	1
918	0
919	0
920	1
921	0
922	0
923	1
924	0
925	1
926	3
927	1
928	1
929	0
930	3
931	1
932	0
933	0
934	0
935	0
936	0
937	0
938	1
939	0
940	1
941	0
942	0
943	0
944	0
945	1
946	2
947	1
948	1
949	1
950	1
951	2
952	0
953	1
954	1
955	0
956	0
957	1
958	0
959	1
960	0
961	3
962	1
963	0
964	1
965	1
966	0
967	1
968	1
969	1
970	0
971	0
972	0
973	1
974	0
975	1
976	0
977	0
978	0
979	0
980	1
981	0
982	0
983	0
984	0
985	0
986	0
987	0
988	0
989	0
990	0
991	0
992	0
993	0
994	0
995	0
996	0
997	1
998	0
999	0
1000	0
1001	1
1002	0
1003	0
1004	0
1005	0
1006	0
1007	0
1008	0
1009	0
1010	0
1011	0
1012	0
1013	0
1014	0
1015	0
1016	2
1017	0
1018	0
1019	0
1020	0
1021	0
1022	0
1023	0
1024	0
1025	0
1026	0
1027	0
1028	0
1029	0
1030	0
1031	0
1032	0
1033	0
1034	1
1035	0
1036	0
1037	1
1038	0
1039	0
1040	0
1041	0
1042	0
1043	1
1044	0
1045	0
1046	0
1047	1
1048	0
1049	0
1050	0
1051	0
1052	0
1053	0
1054	1
1055	0
1056	0
1057	0
1058	0
1059	0
1060	0
1061	0
1062	0
1063	0
1064	0
1065	1
1066	0
1067	0
1068	0
1069	0
1070	0
1071	0
1072	0
1073	0
1074	0
1075	0
1076	0
1077	0
1078	0
1079	0
1080	0
1081	0
1082	0
1083	0
1084	0
1085	0
1086	1
1087	0
1088	0
1089	0
1090	0
1091	0
1092	0
1093	0
1094	0
1095	0
1096	0
1097	0
1098	0
1099	0
1100	0
1101	0
1102	0
1103	1
1104	0
1105	0
1106	0
1107	0
1108	0
1109	1
1110	0
1111	0
1112	0
1113	0
1114	0
1115	0
1116	0
1117	0
1118	0
1119	0
1120	0
1121	0
1122	0
1123	1
1124	1
1125	0
1126	0
1127	0
1128	0
1129	0
1130	0
1131	0
1132	0
1133	0
1134	0
1135	0
1136	0
1137	0
1138	0
1139	0
1140	0
1141	0
1142	0
1143	1
1144	0
1145	0
1146	0
1147	1
1148	0
1149	1
1150	0
1151	0
1152	0
1153	0
1154	0
1155	0
1156	0
1157	0
1158	0
1159	0
1160	0
1161	0
1162	0
1163	0
1164	0
1165	0
1166	0
1167	0
1168	2
1169	0
1170	0
1171	0
1172	0
1173	1
1174	0
1175	0
1176	0
1177	0
1178	0
1179	0
1180	0
1181	0
1182	0
1183	0
1184	0
1185	0
1186	1
1187	0
1188	0
1189	0
1190	1
1191	0
1192	1
1193	0
1194	1
1195	0
1196	0
1197	1
1198	0
1199	0
1200	1
1201	0
1202	0
1203	0
1204	0
1205	1
1206	0
1207	0
1208	0
1209	0
1210	1
1211	0
1212	0
1213	0
1214	0
1215	0
1216	0
1217	0
1218	0
1219	0
1220	0
1221	1
1222	0
1223	1
1224	0
1225	0
1226	0
1227	0
1228	0
1229	0
1230	1
1231	0
1232	1
1233	2
1234	0
1235	0
1236	0
1237	0
1238	0
1239	0
1240	0
1241	0
1242	1
1243	0
1244	1
1245	0
1246	0
1247	0
1248	1
1249	0
1250	0
1251	0
1252	0
1253	0
1254	0
1255	0
1256	0
1257	0
1258	0
1259	0
1260	0
1261	0
1262	0
1263	0
1264	0
1265	0
1266	1
1267	0
1268	0
1269	0
1270	0
1271	0
1272	0
1273	0
1274	0
1275	0
1276	0
1277	0
1278	0
1279	2
1280	0
1281	0
1282	0
1283	0
1284	0
1285	0
1286	0
1287	0
1288	0
1289	0
1290	0
1291	0
1292	0
1293	0
1294	0
1295	0
1296	1
1297	0
1298	0
1299	0
1300	1
1301	1
1302	0
1303	0
1304	0
1305	0
1306	0
1307	0
1308	0
1309	0
1310	0
1311	0
1312	0
1313	0
1314	0
1315	0
1316	0
1317	1
1318	0
1319	0
1320	0
1321	0
1322	0
1323	0
1324	0
1325	0
1326	0
1327	1
1328	0
1329	0
1330	0
1331	0
1332	0
1333	1
1334	0
1335	1
1336	0
1337	0
1338	0
1339	0
1340	0
1341	0
1342	0
1343	0
1344	0
1345	1
1346	0
1347	0
1348	0
1349	0
1350	1
1351	0
1352	0
1353	1
1354	0
1355	0
1356	0
1357	0
1358	0
1359	0
1360	0
1361	0
1362	0
1363	2
1364	0
1365	0
1366	0
1367	0
1368	0
1369	0
1370	0
1371	0
1372	0
1373	0
1374	0
1375	0
1376	0
1377	0
1378	0
1379	0
1380	0
1381	0
1382	0
1383	0
1384	0
1385	0
1386	0
1387	0
1388	0
1389	1
1390	0
1391	0
1392	0
1393	0
1394	0
1395	0
1396	0
1397	0
1398	1
1399	0
1400	0
1401	0
1402	0
1403	0
1404	0
1405	0
1406	0
1407	0
1408	0
1409	0
1410	0
1411	0
1412	0
1413	0
1414	0
1415	0
1416	1
1417	0
1418	0
1419	0
1420	0
1421	0
1422	0
1423	0
1424	0
1425	0
1426	0
1427	0
1428	0
1429	0
1430	0
1431	1
1432	0
1433	0
1434	0
1435	0
1436	1
1437	0
1438	0
1439	0
1440	0
1441	1
1442	0
1443	0
1444	0
1445	0
1446	0
1447	0
1448	0
1449	0
1450	0
1451	0
1452	0
1453	0
1454	0
1455	0
1456	0
1457	0
1458	0
1459	0
1460	0
1461	0
1462	0
1463	0
1464	0
1465	0
1466	0
1467	0
1468	0
1469	1
1470	0
1471	0
1472	0
1473	0
1474	0
1475	0
1476	0
1477	0
1478	0
1479	0
1480	0
1481	0
1482	0
1483	0
1484	0
1485	0
1486	0
1487	0
1488	1
1489	0
1490	0
1491	0
1492	0
1493	0
1494	0
1495	0
1496	0
1497	0
1498	0
1499	0
1500	0
1501	0
1502	0
1503	0
1504	0
1505	0
1506	0
1507	1
1508	0
1509	0
1510	0
1511	0
1512	0
1513	0
1514	0
1515	0
1516	0
1517	0
1518	0
1519	0
1520	0
1521	0
1522	0
1523	0
1524	0
1525	0
1526	0
1527	1
1528	0
1529	0
1530	0
1531	0
1532	0
1533	1
1534	0
1535	0
1536	0
1537	0
1538	1
1539	0
1540	0
1541	1
1542	0
1543	0
1544	1
1545	0
1546	0
1547	0
1548	0
1549	0
1550	0
1551	0
1552	0
1553	1
1554	0
1555	1
1556	0
1557	0
1558	0
1559	0
1560	0
1561	0
1562	0
1563	1
1564	0
1565	0
1566	0
1567	0
1568	0
1569	0
1570	0
1571	0
1572	0
1573	0
1574	0
1575	0
1576	0
1577	0
1578	1
1579	0
1580	0
1581	0
1582	0
1583	0
1584	0
1585	0
1586	0
1587	0
1588	0
1589	0
1590	0
1591	0
1592	0
1593	0
1594	1
1595	0
1596	0
1597	0
1598	0
1599	0
1600	0
1601	0
1602	0
1603	0
1604	0
1605	0
1606	0
1607	0
1608	0
1609	0
1610	0
1611	0
1612	0
1613	0
1614	0
1615	0
1616	0
1617	0
1618	0
1619	0
1620	0
1621	0
1622	0
1623	0
1624	0
1625	0
1626	0
1627	0
1628	0
1629	0
1630	0
1631	0
1632	0
1633	0
1634	0
1635	0
1636	0
1637	0
1638	0
1639	0
1640	0
1641	0
1642	0
1643	0
1644	0
1645	0
1646	0
1647	0
1648	0
1649	0
1650	0
1651	0
1652	1
1653	0
1654	0
1655	0
1656	0
1657	0
1658	0
1659	0
1660	0
1661	0
1662	0
1663	0
1664	0
1665	0
1666	0
1667	0
1668	0
1669	0
1670	0
1671	0
1672	0
1673	0
1674	0
1675	0
1676	0
1677	1
1678	0
1679	0
1680	0
1681	0
1682	0
1683	0
1684	0
1685	0
1686	0
1687	0
1688	0
1689	0
1690	0
1691	0
1692	0
1693	0
1694	0
1695	0
1696	0
1697	1
1698	0
1699	1
1700	2
1701	0
1702	0
1703	0
1704	0
1705	0
1706	0
1707	0
1708	1
1709	0
1710	0
1711	0
1712	0
1713	0
1714	0
1715	0
1716	0
1717	0
1718	0
1719	0
1720	0
1721	0
1722	0
1723	0
1724	0
1725	0
1726	0
1727	1
1728	1
1729	0
1730	0
1731	0
1732	1
1733	0
1734	0
1735	0
1736	0
1737	0
1738	0
1739	0
1740	0
1741	0
1742	0
1743	0
1744	0
1745	0
1746	0
1747	0
1748	0
1749	0
1750	0
1751	0
1752	0
1753	0
1754	0
1755	0
1756	0
1757	0
1758	0
1759	0
1760	0
1761	0
1762	0
1763	0
1764	0
1765	0
1766	0
1767	0
1768	0
1769	0
1770	0
1771	0
1772	0
1773	0
1774	0
1775	0
1776	0
1777	0
1778	0
1779	0
1780	0
1781	0
1782	0
1783	0
1784	0
1785	0
1786	0
1787	0
1788	0
1789	0
1790	0
1791	0
1792	0
1793	0
1794	0
1795	0
1796	0
1797	0
1798	0
1799	0
1800	0
1801	0
1802	0
1803	0
1804	0
1805	0
1806	0
1807	0
1808	1
1809	1
1810	0
1811	0
1812	0
1813	0
1814	0
1815	0
1816	0
1817	0
1818	0
1819	0
1820	0
1821	0
1822	0
1823	1
1824	0
1825	0
1826	0
1827	0
1828	0
1829	0
1830	0
1831	0
1832	0
1833	0
1834	0
1835	0
1836	0
1837	0
1838	0
1839	0
1840	0
1841	1
1842	0
1843	0
1844	1
1845	0
1846	0
1847	0
1848	0
1849	0
1850	0
1851	0
1852	0
1853	0
1854	0
1855	0
1856	0
1857	0
1858	0
1859	0
1860	0
1861	0
1862	0
1863	0
1864	1
1865	0
1866	1
1867	0
1868	1
1869	1
1870	0
1871	0
1872	0
1873	0
1874	2
1875	0
1876	0
1877	0
1878	0
1879	1
1880	0
1881	0
1882	0
1883	0
1884	0
1885	0
1886	0
1887	0
1888	0
1889	0
1890	0
1891	0
1892	0
1893	0
1894	0
1895	0
1896	0
1897	0
1898	0
1899	0
1900	0
1901	0
1902	0
1903	0
1904	0
1905	0
1906	0
1907	0
1908	0
1909	0
1910	1
1911	0
1912	1
1913	0
1914	0
1915	0
1916	0
1917	0
1918	0
1919	0
1920	0
1921	0
1922	0
1923	0
1924	0
1925	0
1926	0
1927	0
1928	0
1929	0
1930	0
1931	0
1932	0
1933	0
1934	0
1935	0
1936	0
1937	0
1938	0
1939	0
1940	0
1941	0
1942	0
1943	0
1944	0
1945	0
1946	0
1947	1
1948	0
1949	0
1950	0
1951	0
1952	0
1953	0
1954	0
1955	0
1956	0
1957	0
1958	0
1959	0
1960	0
1961	0
1962	0
1963	0
1964	0
1965	0
1966	0
1967	0
1968	0
1969	0
1970	0
1971	0
1972	0
1973	0
1974	0
1975	0
1976	0
1977	0
1978	0
1979	0
1980	0
1981	0
1982	0
1983	0
1984	0
1985	0
1986	0
1987	0
1988	0
1989	0
1990	0
1991	0
1992	0
1993	0
1994	0
1995	0
1996	0
1997	0
1998	0
1999	0
2000	0
2001	0
2002	0
2003	0
2004	0
2005	0
2006	0
2007	0
2008	0
2009	0
2010	0
2011	0
2012	0
2013	0
2014	0
2015	0
2016	0
2017	0
2018	0
2019	0
2020	0
2021	0
2022	0
2023	0
2024	0
2025	0
2026	0
2027	0
2028	0
2029	0
2030	0
2031	0
2032	0
2033	0
2034	0
2035	0
2036	0
2037	0
2038	0
2039	0
2040	0
2041	0
2042	0
2043	0
2044	0
2045	0
2046	0
2047	0
