0	0
1	0
2	0
3	0
4	0
5	0
6	0
7	0
8	0
9	0
10	0
11	1
12	23
13	288
14	273
15	224
16	205
17	193
18	243
19	216
20	214
21	234
22	221
23	242
24	246
25	234
26	229
27	231
28	244
29	206
30	227
31	229
32	225
33	252
34	198
35	228
36	233
37	269
38	216
39	249
40	255
41	224
42	208
43	244
44	245
45	230
46	243
47	243
48	231
49	228
50	204
51	238
52	235
53	225
54	243
55	248
56	227
57	223
58	220
59	195
60	216
61	230
62	193
63	229
64	223
65	241
66	219
67	215
68	190
69	214
70	236
71	211
72	240
73	232
74	222
75	215
76	201
77	230
78	246
79	217
80	199
81	224
82	241
83	226
84	217
85	227
86	222
87	211
88	217
89	218
90	217
91	205
92	238
93	218
94	225
95	215
96	213
97	225
98	198
99	195
100	204
101	206
102	193
103	190
104	204
105	194
106	240
107	205
108	222
109	203
110	185
111	206
112	194
113	186
114	217
115	199
116	192
117	218
118	198
119	210
120	209
121	229
122	216
123	242
124	234
125	248
126	236
127	224
128	251
129	216
130	264
131	240
132	259
133	250
134	247
135	239
136	277
137	258
138	251
139	251
140	251
141	210
142	227
143	271
144	258
145	226
146	239
147	246
148	271
149	248
150	225
151	234
152	243
153	242
154	232
155	242
156	246
157	205
158	226
159	208
160	240
161	259
162	220
163	264
164	225
165	261
166	211
167	242
168	230
169	239
170	212
171	229
172	236
173	196
174	235
175	201
176	180
177	194
178	211
179	194
180	201
181	233
182	216
183	216
184	229
185	218
186	215
187	225
188	237
189	194
190	212
191	226
192	206
193	187
194	216
195	215
196	228
197	191
198	204
199	214
200	230
201	225
202	216
203	190
204	209
205	195
206	208
207	191
208	198
209	200
210	221
211	209
212	216
213	227
214	211
215	204
216	212
217	235
218	211
219	203
220	209
221	225
222	215
223	199
224	173
225	208
226	205
227	194
228	190
229	169
230	189
231	161
232	138
233	149
234	143
235	131
236	149
237	133
238	125
239	128
240	122
241	119
242	105
243	140
244	113
245	113
246	117
247	102
248	99
249	82
250	95
251	86
252	88
253	107
254	82
255	87
256	94
257	82
258	81
259	84
260	85
261	76
262	70
263	68
264	71
265	74
266	80
267	74
268	86
269	75
270	76
271	76
272	68
273	71
274	70
275	60
276	75
277	65
278	71
279	86
280	63
281	69
282	71
283	73
284	80
285	60
286	75
287	68
288	80
289	68
290	68
291	56
292	67
293	66
294	72
295	57
296	77
297	64
298	61
299	64
300	69
301	52
302	80
303	64
304	69
305	57
306	58
307	66
308	77
309	68
310	70
311	70
312	74
313	86
314	62
315	79
316	92
317	88
318	87
319	109
320	90
321	134
322	138
323	169
324	202
325	216
326	265
327	287
328	377
329	440
330	523
331	617
332	699
333	887
334	948
335	1108
336	1223
337	1410
338	1604
339	1713
340	1913
341	2003
342	2175
343	2312
344	2417
345	2435
346	2576
347	2615
348	2596
349	2610
350	2648
351	2591
352	2462
353	2363
354	2257
355	2175
356	1973
357	1800
358	1684
359	1520
360	1327
361	1185
362	1093
363	983
364	851
365	701
366	646
367	514
368	380
369	347
370	288
371	230
372	228
373	163
374	153
375	147
376	129
377	109
378	110
379	94
380	76
381	88
382	81
383	74
384	63
385	61
386	53
387	60
388	69
389	70
390	68
391	67
392	62
393	49
394	49
395	67
396	69
397	56
398	54
399	52
400	57
401	62
402	59
403	54
404	63
405	68
406	53
407	64
408	49
409	68
410	47
411	73
412	59
413	53
414	54
415	52
416	56
417	67
418	61
419	63
420	59
421	61
422	60
423	58
424	53
425	66
426	66
427	49
428	52
429	63
430	55
431	62
432	51
433	61
434	63
435	58
436	42
437	60
438	59
439	64
440	52
441	68
442	53
443	56
444	64
445	45
446	73
447	61
448	63
449	53
450	48
451	62
452	64
453	55
454	70
455	56
456	64
457	58
458	58
459	60
460	54
461	74
462	64
463	71
464	70
465	68
466	63
467	71
468	66
469	55
470	61
471	75
472	63
473	65
474	58
475	63
476	67
477	68
478	52
479	71
480	67
481	79
482	65
483	70
484	80
485	66
486	63
487	54
488	75
489	64
490	81
491	67
492	51
493	66
494	70
495	78
496	60
497	55
498	72
499	60
500	70
501	58
502	73
503	50
504	54
505	70
506	54
507	68
508	70
509	52
510	69
511	76
512	62
513	56
514	83
515	84
516	82
517	73
518	74
519	60
520	72
521	66
522	73
523	77
524	79
525	67
526	51
527	63
528	68
529	56
530	59
531	50
532	71
533	71
534	68
535	67
536	50
537	54
538	65
539	55
540	58
541	62
542	45
543	48
544	51
545	50
546	70
547	62
548	50
549	45
550	66
551	60
552	69
553	47
554	56
555	64
556	58
557	52
558	63
559	53
560	48
561	48
562	60
563	66
564	66
565	55
566	64
567	53
568	45
569	62
570	63
571	65
572	48
573	73
574	60
575	62
576	68
577	61
578	63
579	45
580	49
581	59
582	42
583	55
584	46
585	51
586	60
587	70
588	58
589	52
590	59
591	54
592	61
593	50
594	54
595	63
596	67
597	68
598	59
599	67
600	53
601	41
602	50
603	53
604	47
605	52
606	53
607	52
608	52
609	53
610	41
611	71
612	54
613	50
614	50
615	60
616	44
617	51
618	60
619	62
620	54
621	48
622	49
623	46
624	63
625	52
626	55
627	64
628	57
629	60
630	60
631	49
632	64
633	62
634	51
635	63
636	55
637	62
638	59
639	52
640	67
641	53
642	54
643	75
644	49
645	48
646	59
647	56
648	48
649	43
650	59
651	59
652	60
653	43
654	59
655	63
656	75
657	60
658	55
659	71
660	52
661	48
662	58
663	68
664	48
665	49
666	71
667	63
668	55
669	57
670	59
671	54
672	73
673	61
674	57
675	56
676	44
677	57
678	47
679	72
680	66
681	62
682	66
683	52
684	51
685	62
686	62
687	67
688	61
689	55
690	52
691	64
692	50
693	43
694	56
695	50
696	56
697	58
698	40
699	56
700	47
701	52
702	53
703	40
704	52
705	39
706	40
707	44
708	44
709	32
710	47
711	48
712	50
713	39
714	30
715	33
716	44
717	34
718	32
719	32
720	43
721	35
722	36
723	36
724	25
725	31
726	39
727	22
728	32
729	28
730	23
731	37
732	28
733	35
734	34
735	23
736	31
737	29
738	26
739	24
740	31
741	37
742	30
743	31
744	28
745	23
746	30
747	33
748	25
749	26
750	13
751	17
752	26
753	25
754	23
755	25
756	23
757	22
758	26
759	24
760	30
761	28
762	28
763	24
764	22
765	21
766	21
767	24
768	21
769	30
770	20
771	34
772	26
773	23
774	24
775	29
776	22
777	24
778	18
779	15
780	24
781	26
782	19
783	28
784	18
785	26
786	25
787	28
788	20
789	20
790	23
791	30
792	17
793	22
794	26
795	22
796	38
797	24
798	22
799	25
800	35
801	29
802	29
803	36
804	29
805	30
806	27
807	34
808	44
809	41
810	53
811	41
812	66
813	75
814	57
815	67
816	76
817	73
818	81
819	82
820	93
821	95
822	104
823	123
824	141
825	132
826	108
827	149
828	163
829	172
830	180
831	183
832	165
833	204
834	203
835	219
836	239
837	239
838	237
839	245
840	258
841	250
842	256
843	235
844	268
845	245
846	285
847	221
848	271
849	250
850	231
851	269
852	224
853	222
854	231
855	213
856	187
857	192
858	193
859	172
860	173
861	157
862	164
863	172
864	135
865	149
866	135
867	122
868	121
869	112
870	94
871	106
872	98
873	76
874	87
875	71
876	74
877	85
878	63
879	61
880	44
881	64
882	60
883	36
884	49
885	57
886	36
887	38
888	42
889	42
890	29
891	34
892	41
893	41
894	44
895	41
896	30
897	26
898	26
899	34
900	39
901	35
902	38
903	30
904	29
905	30
906	36
907	34
908	37
909	22
910	37
911	32
912	25
913	32
914	28
915	26
916	30
917	30
918	32
919	35
920	31
921	41
922	28
923	31
924	27
925	30
926	35
927	24
928	36
929	31
930	20
931	26
932	26
933	28
934	31
935	43
936	35
937	27
938	33
939	35
940	33
941	28
942	28
943	30
944	27
945	32
946	28
947	41
948	38
949	31
950	41
951	26
952	37
953	37
954	16
955	33
956	30
957	37
958	42
959	23
960	29
961	29
962	38
963	24
964	24
965	27
966	27
967	27
968	32
969	38
970	36
971	29
972	30
973	36
974	35
975	24
976	26
977	33
978	31
979	33
980	35
981	38
982	26
983	36
984	35
985	36
986	34
987	30
988	39
989	36
990	44
991	35
992	20
993	28
994	29
995	38
996	36
997	20
998	28
999	37
1000	27
1001	31
1002	29
1003	32
1004	27
1005	18
1006	20
1007	28
1008	30
1009	26
1010	31
1011	33
1012	33
1013	30
1014	24
1015	36
1016	28
1017	29
1018	30
1019	23
1020	30
1021	36
1022	32
1023	34
1024	23
1025	23
1026	24
1027	25
1028	32
1029	23
1030	31
1031	35
1032	19
1033	25
1034	26
1035	23
1036	24
1037	22
1038	20
1039	26
1040	33
1041	25
1042	24
1043	18
1044	25
1045	19
1046	22
1047	18
1048	23
1049	18
1050	15
1051	28
1052	14
1053	22
1054	22
1055	16
1056	24
1057	22
1058	16
1059	12
1060	21
1061	22
1062	22
1063	20
1064	20
1065	13
1066	17
1067	16
1068	13
1069	16
1070	17
1071	9
1072	9
1073	12
1074	17
1075	10
1076	11
1077	12
1078	13
1079	6
1080	8
1081	5
1082	9
1083	7
1084	12
1085	8
1086	13
1087	11
1088	6
1089	10
1090	6
1091	10
1092	3
1093	4
1094	8
1095	10
1096	5
1097	10
1098	10
1099	4
1100	4
1101	10
1102	7
1103	4
1104	13
1105	9
1106	2
1107	6
1108	7
1109	5
1110	6
1111	6
1112	3
1113	5
1114	7
1115	2
1116	3
1117	5
1118	3
1119	5
1120	9
1121	2
1122	2
1123	1
1124	5
1125	4
1126	10
1127	5
1128	4
1129	2
1130	4
1131	5
1132	7
1133	5
1134	6
1135	4
1136	3
1137	6
1138	11
1139	5
1140	4
1141	9
1142	8
1143	10
1144	6
1145	6
1146	7
1147	6
1148	9
1149	10
1150	10
1151	14
1152	8
1153	19
1154	13
1155	25
1156	14
1157	19
1158	32
1159	17
1160	28
1161	19
1162	26
1163	39
1164	34
1165	28
1166	49
1167	43
1168	37
1169	50
1170	43
1171	46
1172	52
1173	48
1174	58
1175	70
1176	61
1177	52
1178	76
1179	62
1180	84
1181	71
1182	69
1183	66
1184	81
1185	85
1186	97
1187	83
1188	80
1189	102
1190	84
1191	97
1192	78
1193	89
1194	84
1195	72
1196	80
1197	76
1198	91
1199	84
1200	67
1201	61
1202	74
1203	76
1204	75
1205	57
1206	76
1207	54
1208	64
1209	49
1210	52
1211	59
1212	43
1213	38
1214	39
1215	38
1216	55
1217	37
1218	30
1219	40
1220	26
1221	24
1222	18
1223	21
1224	23
1225	24
1226	17
1227	16
1228	15
1229	11
1230	19
1231	8
1232	14
1233	8
1234	5
1235	9
1236	5
1237	7
1238	5
1239	6
1240	7
1241	1
1242	6
1243	4
1244	3
1245	7
1246	3
1247	4
1248	5
1249	3
1250	4
1251	2
1252	5
1253	5
1254	1
1255	1
1256	0
1257	1
1258	4
1259	0
1260	0
1261	0
1262	0
1263	2
1264	1
1265	1
1266	0
1267	4
1268	1
1269	0
1270	0
1271	3
1272	0
1273	2
1274	1
1275	1
1276	2
1277	1
1278	1
1279	1
1280	3
1281	1
1282	1
1283	3
1284	3
1285	2
1286	1
1287	0
1288	1
1289	1
1290	3
1291	0
1292	2
1293	0
1294	1
1295	0
1296	1
1297	3
1298	1
1299	1
1300	1
1301	3
1302	1
1303	2
1304	1
1305	3
1306	4
1307	0
1308	2
1309	0
1310	2
1311	2
1312	2
1313	2
1314	1
1315	2
1316	4
1317	2
1318	1
1319	1
1320	1
1321	1
1322	1
1323	1
1324	0
1325	0
1326	2
1327	0
1328	1
1329	1
1330	0
1331	1
1332	1
1333	2
1334	1
1335	2
1336	0
1337	1
1338	1
1339	1
1340	1
1341	2
1342	2
1343	3
1344	0
1345	2
1346	1
1347	2
1348	2
1349	1
1350	1
1351	1
1352	0
1353	2
1354	4
1355	0
1356	1
1357	1
1358	2
1359	2
1360	1
1361	0
1362	2
1363	1
1364	2
1365	1
1366	0
1367	0
1368	1
1369	3
1370	0
1371	2
1372	0
1373	1
1374	0
1375	1
1376	2
1377	2
1378	0
1379	1
1380	1
1381	0
1382	2
1383	0
1384	1
1385	0
1386	0
1387	1
1388	0
1389	0
1390	0
1391	0
1392	1
1393	1
1394	0
1395	0
1396	0
1397	2
1398	1
1399	3
1400	1
1401	0
1402	0
1403	1
1404	1
1405	0
1406	1
1407	0
1408	1
1409	0
1410	0
1411	0
1412	0
1413	2
1414	1
1415	1
1416	0
1417	1
1418	1
1419	1
1420	0
1421	1
1422	1
1423	1
1424	1
1425	1
1426	1
1427	0
1428	0
1429	0
1430	0
1431	0
1432	0
1433	0
1434	0
1435	1
1436	2
1437	0
1438	0
1439	1
1440	0
1441	0
1442	0
1443	2
1444	0
1445	1
1446	1
1447	0
1448	0
1449	1
1450	0
1451	0
1452	0
1453	1
1454	1
1455	2
1456	1
1457	0
1458	1
1459	0
1460	1
1461	0
1462	0
1463	1
1464	0
1465	0
1466	2
1467	0
1468	0
1469	1
1470	1
1471	0
1472	0
1473	0
1474	0
1475	1
1476	0
1477	1
1478	1
1479	0
1480	1
1481	1
1482	0
1483	2
1484	0
1485	1
1486	0
1487	0
1488	2
1489	0
1490	0
1491	0
1492	0
1493	0
1494	1
1495	0
1496	0
1497	0
1498	0
1499	1
1500	1
1501	0
1502	1
1503	1
1504	0
1505	0
1506	1
1507	1
1508	0
1509	0
1510	0
1511	1
1512	1
1513	0
1514	1
1515	0
1516	0
1517	0
1518	0
1519	0
1520	0
1521	0
1522	1
1523	0
1524	0
1525	0
1526	0
1527	1
1528	0
1529	1
1530	0
1531	0
1532	1
1533	0
1534	0
1535	0
1536	2
1537	0
1538	0
1539	0
1540	0
1541	0
1542	1
1543	1
1544	1
1545	1
1546	0
1547	1
1548	0
1549	0
1550	2
1551	0
1552	1
1553	0
1554	1
1555	0
1556	2
1557	3
1558	0
1559	1
1560	0
1561	0
1562	0
1563	0
1564	2
1565	0
1566	0
1567	1
1568	0
1569	1
1570	1
1571	0
1572	0
1573	1
1574	1
1575	0
1576	0
1577	0
1578	0
1579	0
1580	1
1581	0
1582	0
1583	0
1584	0
1585	0
1586	0
1587	0
1588	1
1589	0
1590	0
1591	0
1592	1
1593	0
1594	0
1595	0
1596	1
1597	0
1598	1
1599	0
1600	0
1601	2
1602	0
1603	0
1604	0
1605	0
1606	0
1607	1
1608	0
1609	0
1610	0
1611	1
1612	1
1613	0
1614	0
1615	0
1616	0
1617	0
1618	1
1619	0
1620	1
1621	0
1622	1
1623	0
1624	0
1625	0
1626	0
1627	0
1628	0
1629	0
1630	0
1631	0
1632	0
1633	1
1634	0
1635	1
1636	0
1637	0
1638	0
1639	0
1640	0
1641	0
1642	0
1643	0
1644	0
1645	0
1646	0
1647	0
1648	0
1649	0
1650	1
1651	0
1652	0
1653	0
1654	0
1655	0
1656	1
1657	1
1658	0
1659	0
1660	0
1661	0
1662	0
1663	1
1664	1
1665	0
1666	0
1667	0
1668	0
1669	0
1670	0
1671	0
1672	0
1673	0
1674	0
1675	0
1676	1
1677	1
1678	1
1679	0
1680	0
1681	1
1682	1
1683	0
1684	0
1685	0
1686	0
1687	0
1688	0
1689	0
1690	0
1691	0
1692	0
1693	0
1694	0
1695	0
1696	0
1697	0
1698	0
1699	0
1700	0
1701	0
1702	0
1703	0
1704	0
1705	0
1706	0
1707	0
1708	0
1709	0
1710	0
1711	0
1712	0
1713	0
1714	0
1715	0
1716	1
1717	0
1718	0
1719	0
1720	0
1721	0
1722	0
1723	0
1724	0
1725	0
1726	0
1727	0
1728	1
1729	0
1730	0
1731	0
1732	0
1733	0
1734	0
1735	0
1736	0
1737	0
1738	0
1739	0
1740	0
1741	0
1742	0
1743	0
1744	0
1745	0
1746	1
1747	0
1748	0
1749	0
1750	0
1751	0
1752	0
1753	0
1754	0
1755	0
1756	0
1757	0
1758	0
1759	0
1760	0
1761	0
1762	0
1763	0
1764	0
1765	0
1766	0
1767	0
1768	0
1769	0
1770	1
1771	0
1772	0
1773	0
1774	0
1775	0
1776	0
1777	0
1778	0
1779	0
1780	0
1781	0
1782	0
1783	0
1784	0
1785	0
1786	1
1787	0
1788	0
1789	0
1790	0
1791	0
1792	0
1793	0
1794	0
1795	0
1796	0
1797	0
1798	0
1799	0
1800	0
1801	0
1802	0
1803	0
1804	0
1805	0
1806	0
1807	0
1808	0
1809	0
1810	0
1811	0
1812	0
1813	0
1814	0
1815	0
1816	0
1817	1
1818	0
1819	0
1820	0
1821	0
1822	0
1823	0
1824	0
1825	1
1826	0
1827	0
1828	1
1829	0
1830	1
1831	0
1832	1
1833	0
1834	0
1835	1
1836	0
1837	0
1838	0
1839	0
1840	1
1841	0
1842	0
1843	0
1844	0
1845	0
1846	0
1847	0
1848	0
1849	0
1850	0
1851	0
1852	1
1853	0
1854	0
1855	0
1856	0
1857	0
1858	0
1859	0
1860	0
1861	0
1862	0
1863	0
1864	0
1865	0
1866	0
1867	0
1868	0
1869	0
1870	0
1871	0
1872	0
1873	0
1874	0
1875	0
1876	0
1877	0
1878	0
1879	0
1880	0
1881	0
1882	0
1883	0
1884	0
1885	0
1886	0
1887	0
1888	0
1889	0
1890	1
1891	0
1892	0
1893	0
1894	0
1895	0
1896	0
1897	0
1898	0
1899	0
1900	0
1901	0
1902	0
1903	0
1904	0
1905	0
1906	0
1907	0
1908	0
1909	0
1910	0
1911	0
1912	0
1913	0
1914	0
1915	0
1916	0
1917	0
1918	0
1919	0
1920	0
1921	0
1922	0
1923	0
1924	0
1925	0
1926	0
1927	0
1928	0
1929	0
1930	0
1931	0
1932	0
1933	0
1934	0
1935	0
1936	0
1937	0
1938	1
1939	0
1940	0
1941	0
1942	0
1943	0
1944	0
1945	0
1946	0
1947	0
1948	0
1949	0
1950	0
1951	1
1952	1
1953	0
1954	0
1955	1
1956	0
1957	0
1958	0
1959	0
1960	0
1961	0
1962	0
1963	0
1964	0
1965	0
1966	0
1967	0
1968	1
1969	0
1970	0
1971	1
1972	1
1973	0
1974	0
1975	0
1976	0
1977	0
1978	0
1979	0
1980	0
1981	0
1982	0
1983	0
1984	0
1985	0
1986	0
1987	1
1988	0
1989	0
1990	0
1991	0
1992	0
1993	0
1994	0
1995	0
1996	0
1997	0
1998	0
1999	0
2000	0
2001	0
2002	1
2003	0
2004	0
2005	0
2006	0
2007	0
2008	0
2009	0
2010	0
2011	0
2012	0
2013	0
2014	0
2015	0
2016	0
2017	0
2018	0
2019	0
2020	0
2021	0
2022	0
2023	0
2024	0
2025	0
2026	0
2027	0
2028	0
2029	0
2030	0
2031	0
2032	0
2033	0
2034	0
2035	0
2036	0
2037	0
2038	0
2039	0
2040	0
2041	0
2042	0
2043	0
2044	0
2045	0
2046	0
2047	0
