0	0
1	0
2	0
3	0
4	0
5	0
6	0
7	0
8	0
9	0
10	0
11	1
12	16
13	136
14	102
15	82
16	74
17	56
18	55
19	94
20	282
21	1136
22	3683
23	8818
24	14749
25	17597
26	15574
27	10975
28	6307
29	3181
30	1299
31	467
32	155
33	51
34	44
35	41
36	55
37	45
38	43
39	39
40	43
41	45
42	44
43	43
44	28
45	49
46	35
47	52
48	60
49	67
50	60
51	72
52	58
53	38
54	37
55	41
56	28
57	32
58	37
59	39
60	47
61	45
62	52
63	61
64	85
65	111
66	154
67	260
68	330
69	399
70	470
71	516
72	531
73	492
74	407
75	342
76	228
77	145
78	92
79	47
80	40
81	35
82	13
83	13
84	11
85	5
86	5
87	4
88	8
89	3
90	3
91	8
92	10
93	4
94	5
95	5
96	2
97	6
98	2
99	7
100	6
101	5
102	4
103	8
104	7
105	5
106	6
107	1
108	8
109	4
110	4
111	7
112	5
113	5
114	6
115	4
116	4
117	0
118	3
119	1
120	5
121	4
122	4
123	4
124	5
125	6
126	1
127	6
128	10
129	5
130	3
131	7
132	4
133	5
134	5
135	5
136	4
137	6
138	3
139	2
140	7
141	6
142	3
143	5
144	1
145	2
146	1
147	3
148	2
149	4
150	1
151	5
152	2
153	1
154	3
155	3
156	1
157	4
158	3
159	6
160	1
161	4
162	3
163	6
164	4
165	9
166	4
167	3
168	2
169	5
170	2
171	2
172	0
173	1
174	4
175	5
176	6
177	3
178	2
179	3
180	0
181	2
182	2
183	1
184	4
185	2
186	2
187	0
188	3
189	6
190	3
191	0
192	4
193	4
194	1
195	1
196	1
197	2
198	4
199	0
200	4
201	3
202	4
203	2
204	3
205	3
206	0
207	5
208	2
209	0
210	4
211	3
212	0
213	5
214	0
215	4
216	3
217	2
218	2
219	0
220	1
221	3
222	1
223	2
224	2
225	0
226	2
227	3
228	2
229	1
230	0
231	4
232	2
233	3
234	5
235	2
236	1
237	1
238	4
239	1
240	4
241	2
242	4
243	3
244	3
245	1
246	2
247	1
248	0
249	1
250	1
251	1
252	4
253	1
254	1
255	1
256	3
257	3
258	3
259	1
260	2
261	0
262	2
263	5
264	0
265	2
266	1
267	0
268	1
269	2
270	1
271	3
272	2
273	0
274	3
275	0
276	2
277	0
278	3
279	0
280	3
281	1
282	1
283	0
284	0
285	2
286	1
287	0
288	3
289	0
290	1
291	4
292	0
293	3
294	1
295	3
296	1
297	2
298	0
299	2
300	2
301	0
302	1
303	2
304	1
305	1
306	1
307	0
308	2
309	2
310	1
311	2
312	2
313	0
314	3
315	0
316	2
317	1
318	2
319	1
320	0
321	2
322	2
323	5
324	2
325	2
326	1
327	2
328	3
329	2
330	2
331	3
332	2
333	2
334	3
335	2
336	0
337	1
338	2
339	3
340	1
341	1
342	1
343	0
344	1
345	1
346	2
347	1
348	4
349	1
350	1
351	1
352	0
353	0
354	4
355	2
356	0
357	1
358	3
359	1
360	2
361	0
362	2
363	0
364	0
365	1
366	2
367	0
368	1
369	1
370	1
371	2
372	1
373	1
374	2
375	0
376	0
377	0
378	0
379	3
380	1
381	2
382	1
383	1
384	0
385	1
386	0
387	3
388	2
389	2
390	1
391	1
392	0
393	0
394	1
395	0
396	0
397	2
398	0
399	2
400	1
401	1
402	2
403	2
404	2
405	2
406	2
407	1
408	1
409	2
410	0
411	1
412	1
413	2
414	2
415	1
416	1
417	1
418	3
419	3
420	1
421	2
422	0
423	2
424	1
425	2
426	2
427	4
428	5
429	1
430	0
431	1
432	1
433	0
434	1
435	2
436	2
437	2
438	1
439	0
440	1
441	0
442	0
443	1
444	3
445	1
446	1
447	2
448	1
449	1
450	0
451	3
452	0
453	0
454	1
455	0
456	0
457	2
458	1
459	2
460	1
461	4
462	1
463	0
464	2
465	0
466	0
467	0
468	0
469	0
470	3
471	0
472	3
473	0
474	2
475	1
476	2
477	1
478	1
479	1
480	1
481	0
482	2
483	2
484	0
485	3
486	1
487	0
488	2
489	1
490	0
491	1
492	1
493	1
494	0
495	2
496	1
497	0
498	2
499	3
500	0
501	1
502	0
503	0
504	1
505	0
506	0
507	1
508	1
509	1
510	2
511	3
512	0
513	0
514	0
515	0
516	0
517	0
518	2
519	0
520	0
521	0
522	3
523	1
524	1
525	0
526	0
527	0
528	0
529	1
530	1
531	0
532	0
533	2
534	0
535	0
536	0
537	0
538	0
539	0
540	3
541	2
542	1
543	1
544	1
545	1
546	0
547	0
548	1
549	1
550	1
551	0
552	0
553	0
554	1
555	1
556	0
557	1
558	1
559	1
560	0
561	1
562	2
563	0
564	0
565	2
566	0
567	1
568	1
569	1
570	0
571	0
572	3
573	0
574	1
575	0
576	1
577	0
578	1
579	0
580	0
581	2
582	2
583	1
584	1
585	1
586	2
587	1
588	0
589	0
590	0
591	0
592	1
593	0
594	1
595	0
596	0
597	0
598	0
599	1
600	1
601	1
602	0
603	2
604	1
605	1
606	2
607	0
608	3
609	0
610	0
611	1
612	2
613	1
614	0
615	2
616	2
617	1
618	1
619	0
620	0
621	1
622	1
623	2
624	0
625	0
626	0
627	1
628	1
629	0
630	0
631	0
632	0
633	2
634	2
635	3
636	1
637	1
638	0
639	0
640	0
641	2
642	1
643	0
644	1
645	0
646	1
647	0
648	0
649	0
650	0
651	2
652	1
653	0
654	0
655	0
656	0
657	0
658	1
659	0
660	0
661	0
662	1
663	1
664	0
665	1
666	0
667	1
668	1
669	1
670	0
671	1
672	1
673	0
674	0
675	0
676	2
677	0
678	1
679	0
680	1
681	1
682	1
683	0
684	0
685	0
686	1
687	0
688	0
689	0
690	1
691	0
692	0
693	0
694	0
695	1
696	0
697	1
698	0
699	0
700	0
701	1
702	0
703	0
704	1
705	0
706	0
707	0
708	1
709	0
710	1
711	2
712	2
713	0
714	0
715	1
716	1
717	2
718	0
719	0
720	0
721	1
722	2
723	0
724	0
725	0
726	1
727	1
728	0
729	0
730	1
731	1
732	1
733	0
734	0
735	0
736	0
737	0
738	1
739	0
740	1
741	0
742	0
743	0
744	1
745	0
746	0
747	0
748	0
749	0
750	1
751	0
752	0
753	1
754	0
755	0
756	0
757	0
758	0
759	0
760	0
761	0
762	0
763	0
764	1
765	1
766	0
767	1
768	0
769	0
770	0
771	0
772	0
773	2
774	0
775	0
776	1
777	1
778	1
779	2
780	0
781	0
782	0
783	1
784	0
785	0
786	0
787	0
788	0
789	1
790	1
791	0
792	0
793	0
794	0
795	0
796	1
797	0
798	0
799	1
800	0
801	0
802	1
803	0
804	1
805	0
806	0
807	0
808	0
809	1
810	0
811	0
812	0
813	0
814	0
815	0
816	0
817	1
818	0
819	0
820	1
821	0
822	1
823	0
824	0
825	2
826	0
827	0
828	0
829	0
830	0
831	0
832	0
833	0
834	0
835	1
836	0
837	0
838	0
839	0
840	0
841	0
842	0
843	0
844	0
845	0
846	0
847	0
848	1
849	0
850	0
851	0
852	1
853	1
854	1
855	0
856	0
857	2
858	1
859	0
860	0
861	0
862	0
863	0
864	1
865	0
866	0
867	1
868	0
869	0
870	0
871	0
872	0
873	0
874	0
875	0
876	0
877	1
878	0
879	0
880	0
881	0
882	1
883	0
884	0
885	0
886	0
887	0
888	0
889	1
890	0
891	0
892	0
893	0
894	0
895	0
896	1
897	0
898	1
899	0
900	1
901	0
902	0
903	0
904	0
905	1
906	0
907	0
908	0
909	0
910	1
911	0
912	2
913	0
914	1
915	0
916	0
917	1
918	0
919	1
920	1
921	2
922	0
923	0
924	1
925	1
926	0
927	1
928	1
929	0
930	1
931	1
932	0
933	2
934	0
935	0
936	0
937	2
938	1
939	0
940	1
941	0
942	1
943	3
944	0
945	1
946	0
947	1
948	0
949	4
950	0
951	2
952	1
953	1
954	2
955	1
956	0
957	0
958	0
959	0
960	0
961	3
962	0
963	1
964	1
965	0
966	2
967	1
968	0
969	1
970	0
971	0
972	1
973	0
974	2
975	0
976	0
977	1
978	1
979	0
980	0
981	1
982	0
983	0
984	0
985	0
986	0
987	0
988	1
989	0
990	0
991	0
992	0
993	1
994	0
995	0
996	0
997	0
998	1
999	0
1000	0
1001	0
1002	0
1003	0
1004	0
1005	0
1006	0
1007	0
1008	0
1009	0
1010	0
1011	0
1012	0
1013	0
1014	0
1015	0
1016	0
1017	0
1018	0
1019	0
1020	0
1021	0
1022	0
1023	0
1024	0
1025	0
1026	0
1027	0
1028	0
1029	0
1030	0
1031	2
1032	0
1033	0
1034	0
1035	0
1036	0
1037	0
1038	0
1039	0
1040	0
1041	1
1042	0
1043	0
1044	0
1045	1
1046	0
1047	0
1048	0
1049	1
1050	0
1051	0
1052	0
1053	0
1054	0
1055	0
1056	0
1057	0
1058	0
1059	1
1060	0
1061	0
1062	0
1063	0
1064	0
1065	0
1066	0
1067	0
1068	0
1069	0
1070	0
1071	0
1072	0
1073	1
1074	0
1075	1
1076	0
1077	0
1078	0
1079	0
1080	0
1081	0
1082	0
1083	0
1084	0
1085	0
1086	0
1087	0
1088	0
1089	0
1090	0
1091	1
1092	0
1093	0
1094	0
1095	0
1096	0
1097	0
1098	0
1099	0
1100	0
1101	0
1102	1
1103	1
1104	0
1105	0
1106	0
1107	0
1108	0
1109	0
1110	0
1111	0
1112	0
1113	0
1114	0
1115	0
1116	0
1117	1
1118	0
1119	0
1120	0
1121	0
1122	0
1123	0
1124	1
1125	0
1126	0
1127	0
1128	1
1129	1
1130	1
1131	0
1132	0
1133	0
1134	0
1135	0
1136	1
1137	0
1138	0
1139	0
1140	0
1141	0
1142	0
1143	0
1144	0
1145	0
1146	0
1147	0
1148	1
1149	0
1150	0
1151	0
1152	0
1153	0
1154	0
1155	0
1156	0
1157	0
1158	0
1159	0
1160	0
1161	0
1162	0
1163	0
1164	1
1165	0
1166	0
1167	0
1168	0
1169	0
1170	0
1171	1
1172	0
1173	0
1174	0
1175	0
1176	0
1177	0
1178	0
1179	0
1180	0
1181	0
1182	1
1183	0
1184	0
1185	0
1186	1
1187	0
1188	0
1189	0
1190	0
1191	0
1192	0
1193	1
1194	0
1195	1
1196	0
1197	1
1198	0
1199	2
1200	0
1201	0
1202	0
1203	0
1204	0
1205	0
1206	0
1207	0
1208	0
1209	0
1210	0
1211	0
1212	1
1213	0
1214	0
1215	0
1216	0
1217	0
1218	0
1219	0
1220	1
1221	0
1222	0
1223	0
1224	1
1225	0
1226	0
1227	0
1228	0
1229	0
1230	0
1231	1
1232	0
1233	0
1234	0
1235	0
1236	0
1237	1
1238	0
1239	0
1240	0
1241	0
1242	1
1243	0
1244	0
1245	0
1246	0
1247	0
1248	0
1249	0
1250	0
1251	0
1252	0
1253	0
1254	0
1255	0
1256	0
1257	0
1258	0
1259	0
1260	0
1261	0
1262	0
1263	0
1264	0
1265	0
1266	0
1267	0
1268	0
1269	0
1270	2
1271	0
1272	0
1273	0
1274	0
1275	0
1276	0
1277	0
1278	0
1279	1
1280	0
1281	0
1282	0
1283	0
1284	0
1285	0
1286	0
1287	0
1288	0
1289	0
1290	0
1291	0
1292	0
1293	1
1294	0
1295	0
1296	1
1297	0
1298	0
1299	0
1300	0
1301	0
1302	0
1303	0
1304	0
1305	0
1306	0
1307	0
1308	0
1309	0
1310	1
1311	1
1312	0
1313	0
1314	0
1315	0
1316	0
1317	2
1318	0
1319	0
1320	0
1321	0
1322	0
1323	0
1324	0
1325	1
1326	0
1327	0
1328	0
1329	0
1330	0
1331	0
1332	0
1333	0
1334	0
1335	0
1336	0
1337	0
1338	0
1339	0
1340	0
1341	0
1342	0
1343	1
1344	0
1345	0
1346	0
1347	0
1348	0
1349	0
1350	0
1351	0
1352	0
1353	0
1354	1
1355	0
1356	0
1357	1
1358	0
1359	0
1360	0
1361	0
1362	0
1363	0
1364	0
1365	0
1366	0
1367	0
1368	0
1369	0
1370	0
1371	0
1372	1
1373	0
1374	0
1375	0
1376	0
1377	0
1378	0
1379	0
1380	0
1381	0
1382	0
1383	0
1384	0
1385	0
1386	0
1387	0
1388	0
1389	1
1390	0
1391	0
1392	0
1393	1
1394	0
1395	1
1396	0
1397	0
1398	0
1399	0
1400	0
1401	0
1402	0
1403	0
1404	0
1405	0
1406	0
1407	0
1408	0
1409	1
1410	0
1411	0
1412	0
1413	0
1414	0
1415	0
1416	0
1417	0
1418	0
1419	0
1420	1
1421	0
1422	0
1423	0
1424	0
1425	0
1426	0
1427	0
1428	1
1429	0
1430	0
1431	0
1432	0
1433	0
1434	0
1435	0
1436	0
1437	0
1438	0
1439	0
1440	0
1441	0
1442	0
1443	0
1444	0
1445	0
1446	0
1447	0
1448	0
1449	0
1450	0
1451	0
1452	0
1453	0
1454	0
1455	0
1456	0
1457	0
1458	0
1459	0
1460	0
1461	1
1462	0
1463	0
1464	0
1465	0
1466	0
1467	0
1468	0
1469	0
1470	0
1471	0
1472	0
1473	0
1474	1
1475	0
1476	0
1477	0
1478	0
1479	0
1480	0
1481	0
1482	0
1483	0
1484	0
1485	0
1486	0
1487	0
1488	0
1489	1
1490	0
1491	0
1492	0
1493	0
1494	0
1495	0
1496	0
1497	0
1498	0
1499	0
1500	0
1501	1
1502	0
1503	0
1504	0
1505	0
1506	0
1507	0
1508	0
1509	0
1510	0
1511	0
1512	0
1513	0
1514	0
1515	1
1516	0
1517	1
1518	0
1519	0
1520	0
1521	0
1522	0
1523	0
1524	0
1525	0
1526	0
1527	0
1528	0
1529	0
1530	0
1531	0
1532	1
1533	0
1534	0
1535	0
1536	0
1537	0
1538	0
1539	0
1540	0
1541	0
1542	0
1543	0
1544	0
1545	0
1546	0
1547	0
1548	0
1549	0
1550	0
1551	0
1552	0
1553	1
1554	0
1555	0
1556	0
1557	0
1558	0
1559	0
1560	0
1561	0
1562	0
1563	0
1564	0
1565	0
1566	0
1567	0
1568	0
1569	0
1570	0
1571	0
1572	0
1573	0
1574	0
1575	0
1576	0
1577	0
1578	0
1579	0
1580	0
1581	0
1582	0
1583	0
1584	0
1585	0
1586	0
1587	0
1588	0
1589	0
1590	0
1591	0
1592	0
1593	1
1594	0
1595	0
1596	0
1597	1
1598	0
1599	0
1600	0
1601	0
1602	0
1603	1
1604	0
1605	0
1606	0
1607	0
1608	0
1609	0
1610	0
1611	0
1612	0
1613	0
1614	0
1615	0
1616	0
1617	0
1618	0
1619	0
1620	0
1621	0
1622	0
1623	0
1624	0
1625	0
1626	0
1627	0
1628	0
1629	0
1630	0
1631	0
1632	0
1633	0
1634	0
1635	0
1636	0
1637	0
1638	0
1639	0
1640	0
1641	0
1642	0
1643	0
1644	0
1645	0
1646	0
1647	0
1648	0
1649	0
1650	0
1651	0
1652	1
1653	0
1654	1
1655	0
1656	0
1657	0
1658	0
1659	1
1660	0
1661	0
1662	0
1663	0
1664	0
1665	0
1666	0
1667	0
1668	0
1669	0
1670	0
1671	0
1672	0
1673	0
1674	0
1675	0
1676	0
1677	0
1678	0
1679	0
1680	0
1681	0
1682	0
1683	0
1684	0
1685	0
1686	0
1687	0
1688	0
1689	0
1690	0
1691	0
1692	0
1693	0
1694	0
1695	0
1696	0
1697	0
1698	0
1699	0
1700	1
1701	0
1702	0
1703	0
1704	0
1705	0
1706	0
1707	0
1708	0
1709	0
1710	1
1711	0
1712	0
1713	0
1714	0
1715	0
1716	0
1717	0
1718	0
1719	0
1720	0
1721	0
1722	0
1723	0
1724	0
1725	0
1726	0
1727	0
1728	1
1729	0
1730	0
1731	0
1732	0
1733	0
1734	0
1735	1
1736	0
1737	0
1738	0
1739	1
1740	0
1741	0
1742	0
1743	0
1744	0
1745	0
1746	0
1747	0
1748	0
1749	0
1750	0
1751	0
1752	0
1753	0
1754	0
1755	0
1756	0
1757	0
1758	0
1759	0
1760	0
1761	0
1762	0
1763	0
1764	0
1765	0
1766	0
1767	0
1768	0
1769	0
1770	0
1771	0
1772	0
1773	0
1774	0
1775	0
1776	0
1777	0
1778	0
1779	0
1780	0
1781	0
1782	0
1783	0
1784	0
1785	0
1786	0
1787	0
1788	0
1789	0
1790	0
1791	0
1792	0
1793	0
1794	0
1795	0
1796	0
1797	0
1798	0
1799	0
1800	0
1801	0
1802	0
1803	0
1804	0
1805	0
1806	0
1807	1
1808	0
1809	0
1810	0
1811	0
1812	0
1813	0
1814	0
1815	0
1816	0
1817	0
1818	0
1819	0
1820	0
1821	0
1822	0
1823	0
1824	0
1825	0
1826	0
1827	0
1828	0
1829	0
1830	0
1831	0
1832	0
1833	1
1834	0
1835	0
1836	0
1837	0
1838	0
1839	0
1840	0
1841	0
1842	0
1843	0
1844	0
1845	0
1846	0
1847	0
1848	0
1849	0
1850	0
1851	0
1852	0
1853	1
1854	0
1855	1
1856	0
1857	0
1858	0
1859	0
1860	1
1861	0
1862	0
1863	0
1864	0
1865	0
1866	0
1867	0
1868	0
1869	0
1870	0
1871	0
1872	0
1873	0
1874	0
1875	0
1876	0
1877	0
1878	0
1879	0
1880	0
1881	0
1882	0
1883	0
1884	0
1885	0
1886	0
1887	1
1888	0
1889	0
1890	0
1891	0
1892	0
1893	0
1894	0
1895	0
1896	0
1897	0
1898	0
1899	0
1900	0
1901	0
1902	0
1903	0
1904	0
1905	0
1906	0
1907	0
1908	0
1909	0
1910	0
1911	0
1912	0
1913	1
1914	0
1915	0
1916	0
1917	0
1918	0
1919	0
1920	0
1921	0
1922	0
1923	0
1924	0
1925	0
1926	0
1927	1
1928	0
1929	0
1930	0
1931	0
1932	0
1933	0
1934	0
1935	0
1936	0
1937	0
1938	0
1939	0
1940	0
1941	0
1942	0
1943	0
1944	0
1945	0
1946	1
1947	0
1948	0
1949	0
1950	0
1951	0
1952	0
1953	0
1954	0
1955	0
1956	1
1957	0
1958	0
1959	0
1960	0
1961	0
1962	0
1963	0
1964	0
1965	0
1966	0
1967	0
1968	0
1969	0
1970	0
1971	0
1972	0
1973	0
1974	0
1975	0
1976	0
1977	0
1978	0
1979	0
1980	0
1981	0
1982	0
1983	0
1984	0
1985	0
1986	0
1987	0
1988	0
1989	0
1990	0
1991	0
1992	0
1993	0
1994	0
1995	0
1996	0
1997	0
1998	0
1999	0
2000	0
2001	0
2002	0
2003	0
2004	0
2005	0
2006	0
2007	0
2008	0
2009	0
2010	0
2011	0
2012	0
2013	0
2014	0
2015	1
2016	0
2017	0
2018	0
2019	0
2020	0
2021	0
2022	0
2023	0
2024	0
2025	0
2026	0
2027	0
2028	0
2029	0
2030	0
2031	0
2032	0
2033	0
2034	0
2035	0
2036	0
2037	0
2038	0
2039	0
2040	0
2041	0
2042	0
2043	0
2044	0
2045	0
2046	0
2047	0
