0	0
1	0
2	0
3	0
4	0
5	0
6	0
7	0
8	0
9	0
10	3
11	12
12	30
13	111
14	96
15	78
16	59
17	70
18	51
19	90
20	266
21	976
22	3445
23	8228
24	14371
25	17513
26	16377
27	11985
28	7054
29	3648
30	1553
31	570
32	207
33	81
34	48
35	39
36	39
37	43
38	41
39	53
40	53
41	49
42	46
43	60
44	43
45	39
46	41
47	50
48	55
49	53
50	65
51	65
52	56
53	36
54	34
55	44
56	37
57	39
58	36
59	40
60	40
61	58
62	52
63	51
64	79
65	113
66	137
67	208
68	262
69	353
70	422
71	550
72	507
73	472
74	469
75	371
76	290
77	184
78	144
79	86
80	51
81	28
82	23
83	16
84	16
85	8
86	6
87	11
88	8
89	9
90	7
91	9
92	5
93	7
94	9
95	11
96	8
97	6
98	5
99	7
100	8
101	6
102	11
103	11
104	11
105	8
106	5
107	8
108	4
109	11
110	6
111	5
112	4
113	8
114	7
115	7
116	3
117	6
118	6
119	5
120	6
121	7
122	7
123	11
124	5
125	5
126	5
127	5
128	10
129	6
130	3
131	5
132	7
133	4
134	8
135	4
136	2
137	2
138	12
139	3
140	8
141	5
142	10
143	3
144	5
145	1
146	3
147	6
148	7
149	5
150	2
151	5
152	2
153	3
154	5
155	8
156	3
157	4
158	7
159	4
160	5
161	1
162	1
163	3
164	13
165	6
166	5
167	7
168	5
169	5
170	6
171	3
172	3
173	5
174	4
175	7
176	6
177	1
178	5
179	3
180	3
181	1
182	3
183	4
184	3
185	7
186	2
187	3
188	8
189	2
190	5
191	2
192	4
193	4
194	2
195	3
196	3
197	2
198	1
199	3
200	3
201	3
202	7
203	8
204	1
205	4
206	5
207	1
208	7
209	0
210	3
211	3
212	1
213	2
214	4
215	3
216	2
217	4
218	1
219	4
220	2
221	2
222	2
223	2
224	5
225	4
226	2
227	0
228	3
229	2
230	1
231	0
232	4
233	3
234	1
235	2
236	2
237	3
238	8
239	0
240	5
241	3
242	1
243	1
244	1
245	2
246	3
247	3
248	4
249	1
250	0
251	2
252	0
253	2
254	2
255	1
256	0
257	1
258	0
259	1
260	0
261	6
262	5
263	0
264	1
265	1
266	2
267	3
268	2
269	4
270	1
271	3
272	1
273	3
274	1
275	1
276	0
277	1
278	1
279	3
280	1
281	0
282	1
283	0
284	1
285	3
286	1
287	0
288	1
289	0
290	2
291	0
292	0
293	1
294	2
295	3
296	0
297	0
298	3
299	1
300	3
301	2
302	2
303	4
304	1
305	3
306	1
307	1
308	3
309	0
310	2
311	5
312	0
313	1
314	4
315	4
316	2
317	2
318	1
319	0
320	3
321	4
322	2
323	1
324	0
325	2
326	5
327	0
328	2
329	1
330	1
331	1
332	1
333	1
334	4
335	1
336	1
337	0
338	0
339	1
340	3
341	3
342	2
343	4
344	2
345	1
346	1
347	1
348	1
349	1
350	0
351	0
352	0
353	1
354	3
355	3
356	3
357	2
358	2
359	1
360	1
361	3
362	0
363	2
364	0
365	0
366	0
367	1
368	1
369	1
370	0
371	0
372	2
373	3
374	3
375	1
376	0
377	3
378	1
379	1
380	0
381	2
382	2
383	2
384	4
385	1
386	1
387	0
388	1
389	4
390	2
391	1
392	3
393	4
394	0
395	0
396	1
397	2
398	0
399	1
400	1
401	0
402	2
403	0
404	1
405	1
406	1
407	0
408	1
409	1
410	2
411	1
412	4
413	0
414	0
415	1
416	1
417	1
418	1
419	2
420	2
421	0
422	1
423	0
424	2
425	1
426	1
427	2
428	0
429	0
430	2
431	1
432	0
433	0
434	1
435	2
436	1
437	3
438	3
439	2
440	1
441	3
442	2
443	1
444	1
445	0
446	2
447	0
448	2
449	0
450	0
451	0
452	1
453	1
454	1
455	0
456	2
457	1
458	1
459	0
460	0
461	2
462	2
463	0
464	2
465	2
466	1
467	1
468	2
469	0
470	2
471	0
472	0
473	1
474	0
475	1
476	0
477	1
478	2
479	1
480	0
481	2
482	1
483	1
484	2
485	2
486	1
487	1
488	0
489	0
490	0
491	2
492	4
493	2
494	5
495	2
496	0
497	0
498	1
499	0
500	2
501	0
502	0
503	1
504	0
505	1
506	1
507	0
508	1
509	1
510	0
511	0
512	1
513	1
514	2
515	3
516	0
517	1
518	0
519	1
520	2
521	1
522	0
523	0
524	1
525	1
526	2
527	1
528	1
529	0
530	1
531	1
532	2
533	1
534	1
535	2
536	2
537	1
538	2
539	1
540	0
541	1
542	1
543	4
544	2
545	0
546	3
547	0
548	2
549	0
550	0
551	2
552	1
553	0
554	0
555	0
556	3
557	1
558	0
559	1
560	0
561	1
562	3
563	1
564	0
565	2
566	2
567	0
568	0
569	4
570	0
571	0
572	0
573	1
574	2
575	0
576	0
577	0
578	1
579	0
580	1
581	0
582	2
583	0
584	0
585	1
586	0
587	2
588	0
589	1
590	2
591	0
592	3
593	1
594	0
595	1
596	2
597	2
598	1
599	1
600	0
601	1
602	1
603	3
604	0
605	0
606	1
607	0
608	0
609	0
610	1
611	0
612	0
613	1
614	0
615	2
616	3
617	0
618	0
619	0
620	1
621	0
622	0
623	2
624	1
625	0
626	4
627	0
628	1
629	2
630	1
631	2
632	1
633	2
634	2
635	1
636	0
637	0
638	1
639	0
640	0
641	0
642	0
643	3
644	1
645	2
646	1
647	2
648	0
649	0
650	0
651	3
652	2
653	0
654	2
655	1
656	2
657	3
658	0
659	1
660	2
661	0
662	0
663	0
664	1
665	0
666	0
667	1
668	1
669	0
670	2
671	0
672	1
673	1
674	0
675	1
676	1
677	0
678	0
679	0
680	1
681	1
682	0
683	1
684	0
685	0
686	1
687	2
688	0
689	0
690	1
691	0
692	1
693	0
694	1
695	1
696	0
697	0
698	0
699	1
700	2
701	0
702	0
703	0
704	1
705	0
706	0
707	1
708	1
709	0
710	1
711	0
712	1
713	1
714	0
715	0
716	0
717	0
718	0
719	2
720	1
721	0
722	1
723	0
724	0
725	0
726	0
727	1
728	0
729	0
730	1
731	0
732	2
733	2
734	1
735	1
736	1
737	1
738	0
739	1
740	0
741	1
742	0
743	1
744	0
745	0
746	2
747	1
748	0
749	1
750	0
751	2
752	2
753	1
754	1
755	0
756	0
757	0
758	1
759	0
760	0
761	1
762	0
763	0
764	0
765	0
766	0
767	0
768	1
769	2
770	2
771	0
772	0
773	0
774	0
775	0
776	0
777	0
778	2
779	0
780	1
781	0
782	2
783	0
784	1
785	0
786	1
787	2
788	1
789	1
790	1
791	3
792	0
793	0
794	0
795	2
796	0
797	0
798	0
799	1
800	1
801	1
802	0
803	0
804	0
805	1
806	0
807	0
808	1
809	0
810	0
811	0
812	1
813	0
814	1
815	0
816	0
817	0
818	1
819	0
820	1
821	0
822	0
823	0
824	0
825	1
826	0
827	0
828	0
829	0
830	0
831	0
832	1
833	1
834	1
835	0
836	0
837	0
838	0
839	0
840	0
841	0
842	0
843	0
844	1
845	2
846	0
847	0
848	0
849	0
850	1
851	0
852	0
853	0
854	1
855	0
856	0
857	0
858	0
859	0
860	0
861	0
862	2
863	0
864	0
865	0
866	0
867	0
868	0
869	0
870	0
871	0
872	0
873	0
874	0
875	0
876	0
877	0
878	0
879	0
880	0
881	0
882	1
883	1
884	1
885	1
886	0
887	1
888	0
889	0
890	1
891	0
892	0
893	1
894	0
895	0
896	0
897	2
898	1
899	0
900	0
901	0
902	0
903	0
904	0
905	1
906	0
907	1
908	0
909	0
910	0
911	1
912	0
913	1
914	1
915	0
916	1
917	0
918	0
919	0
920	0
921	0
922	0
923	0
924	1
925	0
926	0
927	1
928	0
929	0
930	0
931	1
932	0
933	1
934	1
935	0
936	0
937	0
938	1
939	1
940	0
941	0
942	0
943	2
944	0
945	2
946	0
947	0
948	1
949	0
950	0
951	3
952	1
953	0
954	3
955	0
956	0
957	0
958	0
959	0
960	2
961	1
962	0
963	1
964	1
965	2
966	2
967	1
968	2
969	0
970	1
971	0
972	1
973	0
974	0
975	3
976	0
977	1
978	0
979	0
980	0
981	1
982	0
983	0
984	0
985	0
986	0
987	0
988	0
989	0
990	0
991	0
992	1
993	0
994	1
995	1
996	0
997	0
998	0
999	0
1000	0
1001	1
1002	0
1003	0
1004	0
1005	0
1006	0
1007	1
1008	0
1009	0
1010	0
1011	1
1012	0
1013	1
1014	1
1015	1
1016	0
1017	0
1018	0
1019	0
1020	0
1021	0
1022	2
1023	0
1024	0
1025	0
1026	0
1027	0
1028	0
1029	0
1030	0
1031	0
1032	0
1033	1
1034	0
1035	0
1036	0
1037	1
1038	1
1039	0
1040	1
1041	0
1042	0
1043	0
1044	0
1045	0
1046	0
1047	0
1048	1
1049	0
1050	0
1051	0
1052	0
1053	0
1054	0
1055	0
1056	0
1057	0
1058	0
1059	1
1060	0
1061	0
1062	0
1063	0
1064	0
1065	0
1066	0
1067	0
1068	0
1069	0
1070	0
1071	0
1072	0
1073	0
1074	1
1075	0
1076	0
1077	0
1078	0
1079	0
1080	0
1081	0
1082	0
1083	0
1084	0
1085	0
1086	0
1087	0
1088	0
1089	1
1090	0
1091	0
1092	0
1093	0
1094	0
1095	0
1096	1
1097	1
1098	0
1099	0
1100	0
1101	0
1102	0
1103	0
1104	0
1105	0
1106	0
1107	0
1108	1
1109	0
1110	1
1111	0
1112	0
1113	0
1114	0
1115	0
1116	0
1117	0
1118	0
1119	0
1120	0
1121	0
1122	0
1123	0
1124	0
1125	0
1126	0
1127	0
1128	0
1129	0
1130	0
1131	0
1132	0
1133	0
1134	1
1135	0
1136	0
1137	1
1138	0
1139	0
1140	0
1141	1
1142	0
1143	0
1144	0
1145	0
1146	0
1147	0
1148	0
1149	0
1150	0
1151	0
1152	1
1153	0
1154	0
1155	0
1156	0
1157	0
1158	0
1159	1
1160	0
1161	0
1162	0
1163	0
1164	0
1165	1
1166	0
1167	0
1168	0
1169	0
1170	0
1171	0
1172	0
1173	0
1174	0
1175	0
1176	1
1177	0
1178	0
1179	1
1180	0
1181	0
1182	0
1183	0
1184	0
1185	0
1186	0
1187	0
1188	0
1189	0
1190	0
1191	0
1192	1
1193	0
1194	0
1195	1
1196	0
1197	0
1198	0
1199	0
1200	0
1201	0
1202	0
1203	0
1204	0
1205	0
1206	1
1207	0
1208	0
1209	0
1210	0
1211	1
1212	0
1213	0
1214	1
1215	0
1216	0
1217	0
1218	0
1219	0
1220	0
1221	0
1222	0
1223	0
1224	0
1225	0
1226	0
1227	0
1228	0
1229	0
1230	0
1231	0
1232	0
1233	0
1234	0
1235	1
1236	0
1237	0
1238	0
1239	0
1240	0
1241	0
1242	0
1243	0
1244	0
1245	0
1246	1
1247	1
1248	1
1249	0
1250	0
1251	1
1252	0
1253	0
1254	0
1255	0
1256	0
1257	0
1258	0
1259	0
1260	0
1261	0
1262	0
1263	0
1264	0
1265	0
1266	0
1267	0
1268	0
1269	0
1270	0
1271	0
1272	0
1273	0
1274	0
1275	0
1276	0
1277	0
1278	0
1279	0
1280	0
1281	0
1282	0
1283	0
1284	0
1285	0
1286	0
1287	0
1288	0
1289	0
1290	0
1291	0
1292	0
1293	0
1294	0
1295	0
1296	0
1297	0
1298	0
1299	0
1300	0
1301	0
1302	0
1303	0
1304	0
1305	0
1306	0
1307	0
1308	0
1309	1
1310	0
1311	0
1312	0
1313	0
1314	0
1315	1
1316	0
1317	0
1318	0
1319	0
1320	0
1321	1
1322	0
1323	0
1324	0
1325	0
1326	0
1327	0
1328	0
1329	0
1330	1
1331	0
1332	0
1333	0
1334	1
1335	0
1336	2
1337	0
1338	0
1339	0
1340	0
1341	0
1342	0
1343	0
1344	0
1345	1
1346	0
1347	0
1348	0
1349	0
1350	0
1351	0
1352	0
1353	0
1354	0
1355	0
1356	0
1357	0
1358	0
1359	0
1360	0
1361	0
1362	1
1363	1
1364	0
1365	0
1366	0
1367	0
1368	0
1369	0
1370	0
1371	0
1372	0
1373	0
1374	0
1375	0
1376	0
1377	0
1378	0
1379	0
1380	0
1381	0
1382	1
1383	0
1384	0
1385	0
1386	0
1387	1
1388	0
1389	0
1390	0
1391	0
1392	0
1393	0
1394	0
1395	0
1396	0
1397	0
1398	0
1399	0
1400	0
1401	0
1402	0
1403	0
1404	0
1405	0
1406	0
1407	0
1408	1
1409	0
1410	0
1411	0
1412	0
1413	0
1414	0
1415	0
1416	0
1417	1
1418	0
1419	0
1420	0
1421	0
1422	0
1423	1
1424	0
1425	0
1426	0
1427	0
1428	1
1429	0
1430	1
1431	2
1432	0
1433	0
1434	0
1435	0
1436	0
1437	1
1438	0
1439	0
1440	0
1441	0
1442	0
1443	0
1444	0
1445	0
1446	0
1447	0
1448	0
1449	0
1450	1
1451	1
1452	0
1453	0
1454	0
1455	0
1456	0
1457	0
1458	0
1459	0
1460	0
1461	0
1462	0
1463	0
1464	0
1465	0
1466	0
1467	0
1468	0
1469	0
1470	0
1471	1
1472	0
1473	0
1474	0
1475	1
1476	0
1477	0
1478	0
1479	0
1480	0
1481	0
1482	0
1483	0
1484	0
1485	0
1486	0
1487	0
1488	0
1489	0
1490	0
1491	0
1492	2
1493	0
1494	0
1495	0
1496	0
1497	0
1498	0
1499	0
1500	0
1501	0
1502	0
1503	0
1504	0
1505	0
1506	0
1507	0
1508	0
1509	0
1510	0
1511	0
1512	0
1513	0
1514	0
1515	0
1516	0
1517	0
1518	0
1519	0
1520	0
1521	1
1522	0
1523	0
1524	1
1525	0
1526	0
1527	0
1528	0
1529	0
1530	0
1531	0
1532	0
1533	0
1534	0
1535	0
1536	0
1537	1
1538	0
1539	0
1540	0
1541	0
1542	0
1543	0
1544	0
1545	0
1546	0
1547	0
1548	0
1549	0
1550	0
1551	0
1552	0
1553	0
1554	0
1555	0
1556	0
1557	0
1558	0
1559	1
1560	0
1561	0
1562	0
1563	0
1564	0
1565	0
1566	0
1567	0
1568	0
1569	0
1570	0
1571	0
1572	0
1573	0
1574	0
1575	0
1576	0
1577	0
1578	0
1579	0
1580	0
1581	0
1582	0
1583	0
1584	0
1585	0
1586	0
1587	0
1588	0
1589	0
1590	0
1591	0
1592	0
1593	0
1594	0
1595	0
1596	1
1597	0
1598	0
1599	0
1600	0
1601	0
1602	0
1603	0
1604	0
1605	0
1606	0
1607	0
1608	0
1609	1
1610	0
1611	0
1612	0
1613	0
1614	1
1615	0
1616	1
1617	0
1618	0
1619	0
1620	0
1621	0
1622	0
1623	0
1624	0
1625	0
1626	0
1627	0
1628	0
1629	0
1630	0
1631	0
1632	0
1633	0
1634	1
1635	0
1636	0
1637	0
1638	0
1639	0
1640	0
1641	0
1642	0
1643	0
1644	0
1645	0
1646	0
1647	0
1648	0
1649	0
1650	0
1651	0
1652	0
1653	0
1654	0
1655	0
1656	0
1657	0
1658	0
1659	0
1660	0
1661	0
1662	0
1663	0
1664	0
1665	0
1666	0
1667	0
1668	0
1669	0
1670	0
1671	0
1672	0
1673	0
1674	0
1675	1
1676	0
1677	0
1678	0
1679	0
1680	0
1681	0
1682	0
1683	0
1684	1
1685	0
1686	0
1687	0
1688	0
1689	0
1690	0
1691	0
1692	0
1693	0
1694	0
1695	0
1696	0
1697	0
1698	0
1699	0
1700	0
1701	0
1702	0
1703	0
1704	0
1705	0
1706	0
1707	0
1708	0
1709	0
1710	0
1711	0
1712	0
1713	0
1714	0
1715	2
1716	0
1717	0
1718	0
1719	0
1720	0
1721	1
1722	1
1723	0
1724	0
1725	0
1726	0
1727	0
1728	0
1729	1
1730	0
1731	0
1732	0
1733	0
1734	0
1735	0
1736	0
1737	0
1738	0
1739	0
1740	0
1741	0
1742	0
1743	0
1744	0
1745	0
1746	0
1747	0
1748	0
1749	0
1750	1
1751	0
1752	0
1753	0
1754	0
1755	0
1756	1
1757	0
1758	0
1759	0
1760	0
1761	0
1762	0
1763	0
1764	0
1765	0
1766	0
1767	0
1768	0
1769	0
1770	0
1771	0
1772	0
1773	0
1774	0
1775	0
1776	1
1777	0
1778	0
1779	0
1780	1
1781	1
1782	0
1783	0
1784	0
1785	0
1786	0
1787	0
1788	0
1789	0
1790	0
1791	0
1792	0
1793	0
1794	0
1795	0
1796	0
1797	0
1798	0
1799	0
1800	0
1801	0
1802	1
1803	0
1804	1
1805	0
1806	0
1807	0
1808	0
1809	0
1810	0
1811	0
1812	0
1813	0
1814	0
1815	0
1816	0
1817	0
1818	1
1819	0
1820	0
1821	0
1822	0
1823	0
1824	0
1825	0
1826	0
1827	0
1828	0
1829	0
1830	0
1831	0
1832	0
1833	0
1834	0
1835	0
1836	0
1837	0
1838	0
1839	0
1840	0
1841	0
1842	0
1843	0
1844	0
1845	0
1846	0
1847	0
1848	1
1849	0
1850	0
1851	0
1852	0
1853	0
1854	0
1855	0
1856	0
1857	0
1858	0
1859	0
1860	0
1861	0
1862	0
1863	0
1864	0
1865	0
1866	0
1867	0
1868	1
1869	0
1870	0
1871	0
1872	0
1873	0
1874	0
1875	0
1876	0
1877	0
1878	0
1879	0
1880	0
1881	0
1882	0
1883	0
1884	0
1885	0
1886	0
1887	0
1888	0
1889	0
1890	0
1891	0
1892	0
1893	0
1894	0
1895	0
1896	0
1897	0
1898	0
1899	0
1900	0
1901	0
1902	0
1903	0
1904	0
1905	0
1906	0
1907	0
1908	0
1909	0
1910	0
1911	0
1912	0
1913	0
1914	0
1915	0
1916	0
1917	0
1918	0
1919	0
1920	0
1921	0
1922	0
1923	0
1924	0
1925	0
1926	0
1927	0
1928	0
1929	0
1930	0
1931	0
1932	0
1933	0
1934	0
1935	0
1936	0
1937	0
1938	0
1939	0
1940	0
1941	0
1942	0
1943	0
1944	1
1945	0
1946	0
1947	0
1948	0
1949	0
1950	0
1951	0
1952	0
1953	0
1954	0
1955	0
1956	1
1957	0
1958	0
1959	0
1960	0
1961	0
1962	0
1963	0
1964	1
1965	0
1966	0
1967	0
1968	0
1969	0
1970	0
1971	0
1972	0
1973	0
1974	0
1975	0
1976	0
1977	0
1978	0
1979	0
1980	0
1981	0
1982	0
1983	0
1984	0
1985	0
1986	0
1987	0
1988	0
1989	0
1990	0
1991	0
1992	0
1993	0
1994	0
1995	0
1996	0
1997	0
1998	1
1999	0
2000	0
2001	0
2002	1
2003	0
2004	0
2005	0
2006	0
2007	0
2008	0
2009	0
2010	0
2011	0
2012	0
2013	0
2014	0
2015	0
2016	0
2017	0
2018	0
2019	0
2020	0
2021	0
2022	0
2023	0
2024	0
2025	0
2026	0
2027	0
2028	0
2029	0
2030	0
2031	0
2032	0
2033	0
2034	0
2035	0
2036	0
2037	0
2038	0
2039	0
2040	0
2041	0
2042	0
2043	0
2044	0
2045	0
2046	0
2047	0
