0	0
1	0
2	0
3	0
4	0
5	0
6	0
7	0
8	0
9	0
10	0
11	4
12	17
13	120
14	103
15	78
16	56
17	59
18	58
19	79
20	275
21	1080
22	3642
23	8634
24	14806
25	18168
26	16243
27	11839
28	6735
29	3488
30	1456
31	555
32	173
33	84
34	58
35	39
36	52
37	40
38	49
39	49
40	40
41	43
42	43
43	54
44	42
45	41
46	46
47	50
48	61
49	59
50	51
51	54
52	58
53	54
54	39
55	34
56	27
57	38
58	44
59	29
60	36
61	40
62	38
63	59
64	69
65	114
66	150
67	216
68	269
69	368
70	452
71	511
72	549
73	489
74	425
75	367
76	265
77	174
78	120
79	67
80	31
81	22
82	20
83	12
84	9
85	14
86	5
87	9
88	7
89	6
90	7
91	12
92	7
93	4
94	4
95	5
96	7
97	3
98	7
99	6
100	5
101	7
102	9
103	3
104	4
105	6
106	3
107	1
108	3
109	6
110	1
111	4
112	4
113	1
114	1
115	8
116	2
117	2
118	5
119	8
120	9
121	8
122	3
123	3
124	4
125	5
126	7
127	3
128	2
129	5
130	4
131	3
132	4
133	3
134	6
135	2
136	4
137	3
138	2
139	2
140	0
141	4
142	4
143	6
144	3
145	1
146	6
147	5
148	2
149	0
150	1
151	6
152	1
153	2
154	2
155	4
156	3
157	0
158	2
159	1
160	0
161	5
162	2
163	2
164	3
165	4
166	4
167	6
168	1
169	4
170	3
171	3
172	5
173	3
174	5
175	2
176	0
177	1
178	1
179	2
180	5
181	1
182	3
183	6
184	1
185	5
186	3
187	1
188	1
189	1
190	2
191	3
192	4
193	4
194	1
195	3
196	2
197	3
198	4
199	2
200	4
201	5
202	2
203	2
204	2
205	2
206	3
207	4
208	3
209	3
210	2
211	1
212	4
213	0
214	5
215	1
216	1
217	0
218	3
219	0
220	0
221	1
222	0
223	1
224	1
225	0
226	2
227	0
228	1
229	5
230	6
231	3
232	1
233	1
234	0
235	3
236	0
237	2
238	1
239	6
240	0
241	1
242	3
243	4
244	6
245	2
246	0
247	0
248	0
249	0
250	1
251	1
252	4
253	1
254	2
255	1
256	0
257	1
258	3
259	2
260	1
261	2
262	4
263	3
264	0
265	0
266	1
267	2
268	2
269	2
270	1
271	4
272	2
273	4
274	2
275	1
276	2
277	4
278	1
279	1
280	2
281	0
282	0
283	1
284	3
285	3
286	1
287	0
288	2
289	2
290	1
291	3
292	2
293	3
294	5
295	0
296	0
297	1
298	0
299	1
300	1
301	4
302	1
303	2
304	1
305	1
306	1
307	1
308	1
309	1
310	0
311	0
312	1
313	0
314	1
315	1
316	1
317	1
318	1
319	2
320	0
321	1
322	4
323	0
324	2
325	0
326	3
327	0
328	2
329	2
330	1
331	1
332	1
333	4
334	0
335	1
336	1
337	2
338	2
339	0
340	1
341	0
342	0
343	0
344	2
345	2
346	1
347	2
348	0
349	3
350	1
351	2
352	1
353	3
354	0
355	2
356	1
357	1
358	2
359	2
360	1
361	2
362	1
363	1
364	0
365	0
366	1
367	0
368	1
369	2
370	2
371	0
372	1
373	1
374	1
375	0
376	1
377	2
378	1
379	0
380	1
381	4
382	1
383	2
384	2
385	2
386	0
387	0
388	0
389	0
390	1
391	1
392	0
393	3
394	2
395	1
396	1
397	3
398	3
399	2
400	0
401	2
402	2
403	2
404	1
405	1
406	1
407	2
408	1
409	2
410	2
411	1
412	1
413	0
414	1
415	0
416	2
417	1
418	1
419	2
420	0
421	1
422	2
423	1
424	3
425	2
426	4
427	2
428	1
429	0
430	2
431	0
432	2
433	2
434	0
435	0
436	1
437	2
438	2
439	2
440	2
441	0
442	0
443	0
444	3
445	0
446	1
447	0
448	1
449	0
450	2
451	0
452	2
453	1
454	0
455	2
456	0
457	0
458	2
459	1
460	0
461	1
462	1
463	0
464	1
465	1
466	1
467	0
468	0
469	0
470	0
471	0
472	0
473	0
474	2
475	2
476	0
477	1
478	1
479	0
480	1
481	0
482	0
483	0
484	2
485	1
486	2
487	1
488	3
489	1
490	1
491	1
492	2
493	1
494	1
495	0
496	1
497	0
498	3
499	0
500	1
501	0
502	1
503	0
504	0
505	0
506	3
507	0
508	0
509	0
510	0
511	1
512	0
513	0
514	0
515	0
516	1
517	0
518	0
519	0
520	1
521	0
522	0
523	0
524	2
525	2
526	1
527	1
528	1
529	2
530	0
531	0
532	1
533	0
534	0
535	1
536	0
537	1
538	1
539	0
540	2
541	1
542	1
543	1
544	0
545	0
546	0
547	1
548	0
549	1
550	1
551	2
552	0
553	0
554	0
555	1
556	2
557	0
558	0
559	1
560	2
561	1
562	0
563	1
564	1
565	0
566	0
567	0
568	1
569	0
570	0
571	1
572	0
573	1
574	0
575	1
576	1
577	0
578	0
579	1
580	0
581	0
582	0
583	2
584	1
585	2
586	0
587	1
588	0
589	0
590	2
591	0
592	0
593	1
594	0
595	0
596	1
597	1
598	0
599	1
600	0
601	0
602	1
603	1
604	1
605	2
606	1
607	0
608	0
609	0
610	0
611	0
612	0
613	1
614	0
615	1
616	1
617	1
618	1
619	0
620	2
621	0
622	0
623	0
624	0
625	0
626	0
627	1
628	1
629	0
630	0
631	0
632	0
633	0
634	0
635	1
636	0
637	0
638	1
639	1
640	0
641	0
642	2
643	0
644	0
645	0
646	0
647	0
648	1
649	0
650	0
651	0
652	1
653	1
654	1
655	1
656	0
657	2
658	0
659	0
660	1
661	1
662	0
663	1
664	0
665	1
666	0
667	0
668	1
669	0
670	1
671	0
672	0
673	0
674	1
675	0
676	0
677	0
678	1
679	2
680	0
681	1
682	0
683	0
684	0
685	0
686	0
687	1
688	0
689	0
690	1
691	0
692	0
693	0
694	0
695	0
696	0
697	0
698	3
699	0
700	2
701	0
702	0
703	0
704	0
705	1
706	0
707	0
708	0
709	2
710	0
711	1
712	0
713	0
714	1
715	1
716	3
717	0
718	1
719	1
720	0
721	0
722	2
723	1
724	0
725	1
726	0
727	1
728	0
729	0
730	0
731	0
732	0
733	0
734	0
735	1
736	0
737	0
738	1
739	0
740	0
741	1
742	2
743	1
744	0
745	0
746	0
747	0
748	0
749	0
750	0
751	0
752	1
753	1
754	1
755	0
756	0
757	0
758	0
759	0
760	0
761	1
762	0
763	1
764	0
765	0
766	0
767	1
768	0
769	1
770	0
771	1
772	0
773	1
774	0
775	0
776	0
777	0
778	0
779	0
780	0
781	0
782	0
783	0
784	0
785	0
786	0
787	1
788	0
789	1
790	0
791	0
792	1
793	0
794	1
795	0
796	0
797	0
798	0
799	1
800	1
801	0
802	0
803	0
804	0
805	0
806	1
807	1
808	0
809	0
810	1
811	0
812	0
813	0
814	1
815	1
816	0
817	0
818	0
819	0
820	0
821	0
822	0
823	1
824	0
825	0
826	1
827	0
828	0
829	1
830	1
831	0
832	1
833	0
834	0
835	0
836	0
837	0
838	1
839	0
840	0
841	0
842	0
843	0
844	0
845	1
846	1
847	0
848	0
849	1
850	0
851	0
852	0
853	0
854	1
855	0
856	1
857	0
858	0
859	0
860	0
861	1
862	0
863	0
864	1
865	1
866	0
867	0
868	1
869	0
870	0
871	0
872	0
873	0
874	1
875	0
876	0
877	0
878	0
879	0
880	0
881	0
882	0
883	0
884	1
885	0
886	1
887	0
888	0
889	0
890	0
891	0
892	2
893	0
894	0
895	1
896	0
897	1
898	0
899	0
900	0
901	1
902	0
903	0
904	0
905	0
906	0
907	1
908	0
909	0
910	0
911	1
912	1
913	0
914	0
915	0
916	0
917	1
918	0
919	0
920	1
921	0
922	0
923	1
924	0
925	1
926	0
927	1
928	0
929	0
930	2
931	1
932	2
933	0
934	0
935	0
936	2
937	1
938	0
939	0
940	1
941	2
942	0
943	0
944	3
945	1
946	2
947	0
948	0
949	1
950	0
951	0
952	0
953	0
954	1
955	0
956	0
957	0
958	3
959	1
960	0
961	2
962	0
963	2
964	0
965	2
966	0
967	1
968	2
969	0
970	0
971	0
972	1
973	0
974	0
975	0
976	0
977	0
978	1
979	0
980	0
981	1
982	0
983	0
984	0
985	1
986	0
987	0
988	0
989	0
990	0
991	0
992	0
993	0
994	0
995	0
996	0
997	0
998	0
999	1
1000	1
1001	1
1002	1
1003	2
1004	1
1005	0
1006	0
1007	0
1008	0
1009	0
1010	1
1011	1
1012	0
1013	0
1014	0
1015	0
1016	0
1017	0
1018	0
1019	0
1020	0
1021	0
1022	0
1023	0
1024	1
1025	1
1026	1
1027	0
1028	0
1029	1
1030	0
1031	0
1032	0
1033	0
1034	0
1035	0
1036	0
1037	0
1038	0
1039	0
1040	0
1041	0
1042	0
1043	0
1044	0
1045	0
1046	0
1047	1
1048	0
1049	0
1050	0
1051	0
1052	0
1053	0
1054	0
1055	0
1056	0
1057	0
1058	0
1059	0
1060	1
1061	0
1062	0
1063	1
1064	1
1065	0
1066	1
1067	2
1068	0
1069	0
1070	0
1071	0
1072	0
1073	2
1074	0
1075	0
1076	0
1077	0
1078	0
1079	0
1080	0
1081	0
1082	0
1083	0
1084	1
1085	0
1086	1
1087	0
1088	1
1089	0
1090	1
1091	0
1092	0
1093	0
1094	0
1095	0
1096	1
1097	0
1098	0
1099	0
1100	0
1101	1
1102	0
1103	0
1104	0
1105	0
1106	0
1107	0
1108	0
1109	0
1110	0
1111	0
1112	0
1113	0
1114	0
1115	0
1116	0
1117	0
1118	0
1119	0
1120	0
1121	0
1122	0
1123	1
1124	1
1125	0
1126	0
1127	0
1128	0
1129	0
1130	0
1131	0
1132	0
1133	0
1134	0
1135	0
1136	0
1137	0
1138	0
1139	1
1140	0
1141	1
1142	0
1143	0
1144	0
1145	0
1146	0
1147	0
1148	0
1149	0
1150	0
1151	0
1152	0
1153	0
1154	0
1155	0
1156	0
1157	0
1158	0
1159	0
1160	0
1161	0
1162	0
1163	1
1164	0
1165	0
1166	0
1167	1
1168	0
1169	0
1170	0
1171	0
1172	0
1173	0
1174	0
1175	0
1176	0
1177	0
1178	0
1179	0
1180	0
1181	0
1182	0
1183	0
1184	1
1185	0
1186	0
1187	0
1188	0
1189	0
1190	0
1191	1
1192	0
1193	0
1194	0
1195	0
1196	0
1197	0
1198	0
1199	0
1200	1
1201	0
1202	0
1203	0
1204	0
1205	0
1206	0
1207	0
1208	0
1209	0
1210	1
1211	0
1212	0
1213	0
1214	0
1215	0
1216	0
1217	0
1218	0
1219	0
1220	0
1221	0
1222	0
1223	0
1224	0
1225	0
1226	0
1227	0
1228	0
1229	0
1230	0
1231	1
1232	0
1233	0
1234	0
1235	0
1236	0
1237	0
1238	0
1239	0
1240	0
1241	0
1242	1
1243	0
1244	0
1245	0
1246	0
1247	0
1248	0
1249	0
1250	0
1251	0
1252	1
1253	0
1254	0
1255	0
1256	0
1257	1
1258	1
1259	0
1260	0
1261	0
1262	0
1263	0
1264	0
1265	1
1266	0
1267	0
1268	0
1269	0
1270	0
1271	0
1272	0
1273	0
1274	0
1275	0
1276	0
1277	0
1278	1
1279	0
1280	0
1281	0
1282	0
1283	0
1284	0
1285	0
1286	0
1287	0
1288	0
1289	0
1290	0
1291	0
1292	0
1293	0
1294	0
1295	0
1296	0
1297	0
1298	0
1299	0
1300	0
1301	0
1302	0
1303	0
1304	0
1305	0
1306	0
1307	1
1308	1
1309	0
1310	0
1311	0
1312	0
1313	1
1314	0
1315	0
1316	0
1317	0
1318	0
1319	0
1320	0
1321	1
1322	0
1323	0
1324	0
1325	0
1326	0
1327	0
1328	0
1329	0
1330	1
1331	0
1332	0
1333	0
1334	1
1335	0
1336	1
1337	0
1338	0
1339	0
1340	1
1341	0
1342	0
1343	0
1344	0
1345	0
1346	0
1347	0
1348	0
1349	0
1350	0
1351	0
1352	0
1353	1
1354	0
1355	0
1356	0
1357	0
1358	0
1359	0
1360	0
1361	0
1362	0
1363	0
1364	0
1365	0
1366	0
1367	0
1368	0
1369	0
1370	0
1371	0
1372	0
1373	0
1374	0
1375	0
1376	0
1377	0
1378	0
1379	0
1380	0
1381	0
1382	0
1383	0
1384	0
1385	0
1386	0
1387	0
1388	0
1389	0
1390	0
1391	0
1392	0
1393	0
1394	0
1395	0
1396	0
1397	0
1398	0
1399	0
1400	2
1401	0
1402	0
1403	0
1404	0
1405	0
1406	0
1407	0
1408	0
1409	0
1410	0
1411	0
1412	0
1413	0
1414	0
1415	0
1416	0
1417	0
1418	0
1419	0
1420	0
1421	0
1422	0
1423	0
1424	0
1425	0
1426	0
1427	0
1428	0
1429	0
1430	0
1431	0
1432	0
1433	0
1434	0
1435	0
1436	0
1437	0
1438	0
1439	0
1440	0
1441	0
1442	0
1443	0
1444	0
1445	0
1446	0
1447	0
1448	0
1449	0
1450	0
1451	1
1452	0
1453	0
1454	0
1455	0
1456	0
1457	0
1458	0
1459	0
1460	0
1461	0
1462	0
1463	0
1464	0
1465	0
1466	0
1467	0
1468	0
1469	0
1470	0
1471	0
1472	0
1473	0
1474	0
1475	0
1476	0
1477	0
1478	0
1479	0
1480	0
1481	1
1482	0
1483	0
1484	0
1485	0
1486	0
1487	0
1488	0
1489	0
1490	0
1491	0
1492	0
1493	0
1494	0
1495	0
1496	1
1497	0
1498	0
1499	0
1500	0
1501	0
1502	0
1503	0
1504	1
1505	0
1506	1
1507	0
1508	1
1509	0
1510	0
1511	0
1512	1
1513	0
1514	0
1515	0
1516	0
1517	0
1518	0
1519	0
1520	0
1521	0
1522	0
1523	1
1524	0
1525	0
1526	1
1527	0
1528	0
1529	0
1530	1
1531	0
1532	0
1533	1
1534	1
1535	1
1536	0
1537	0
1538	0
1539	0
1540	0
1541	0
1542	0
1543	0
1544	0
1545	0
1546	0
1547	0
1548	0
1549	0
1550	0
1551	0
1552	0
1553	0
1554	0
1555	0
1556	0
1557	0
1558	0
1559	0
1560	0
1561	0
1562	0
1563	0
1564	0
1565	0
1566	1
1567	0
1568	0
1569	0
1570	0
1571	0
1572	0
1573	1
1574	0
1575	0
1576	0
1577	0
1578	0
1579	0
1580	0
1581	0
1582	0
1583	0
1584	0
1585	0
1586	0
1587	0
1588	0
1589	0
1590	0
1591	0
1592	0
1593	0
1594	0
1595	0
1596	0
1597	0
1598	0
1599	0
1600	0
1601	0
1602	0
1603	0
1604	0
1605	0
1606	0
1607	0
1608	0
1609	0
1610	0
1611	0
1612	0
1613	0
1614	0
1615	0
1616	0
1617	0
1618	0
1619	0
1620	0
1621	0
1622	0
1623	0
1624	0
1625	0
1626	0
1627	1
1628	0
1629	0
1630	0
1631	0
1632	0
1633	0
1634	0
1635	0
1636	0
1637	0
1638	0
1639	0
1640	0
1641	0
1642	0
1643	0
1644	0
1645	0
1646	0
1647	0
1648	0
1649	0
1650	0
1651	0
1652	0
1653	0
1654	0
1655	0
1656	0
1657	0
1658	0
1659	0
1660	0
1661	0
1662	0
1663	0
1664	0
1665	0
1666	0
1667	0
1668	0
1669	0
1670	1
1671	0
1672	0
1673	0
1674	0
1675	0
1676	0
1677	0
1678	1
1679	0
1680	0
1681	0
1682	0
1683	0
1684	0
1685	0
1686	0
1687	0
1688	0
1689	0
1690	0
1691	0
1692	0
1693	0
1694	0
1695	0
1696	0
1697	0
1698	0
1699	0
1700	0
1701	0
1702	0
1703	0
1704	0
1705	0
1706	0
1707	0
1708	2
1709	0
1710	0
1711	0
1712	0
1713	0
1714	0
1715	0
1716	2
1717	0
1718	0
1719	0
1720	0
1721	0
1722	0
1723	0
1724	0
1725	0
1726	0
1727	0
1728	0
1729	0
1730	0
1731	0
1732	0
1733	0
1734	0
1735	0
1736	0
1737	0
1738	0
1739	0
1740	0
1741	1
1742	0
1743	0
1744	0
1745	0
1746	0
1747	0
1748	0
1749	0
1750	0
1751	0
1752	0
1753	0
1754	0
1755	0
1756	0
1757	0
1758	0
1759	0
1760	0
1761	0
1762	0
1763	0
1764	0
1765	1
1766	0
1767	0
1768	0
1769	0
1770	0
1771	0
1772	0
1773	0
1774	0
1775	0
1776	0
1777	0
1778	0
1779	0
1780	0
1781	0
1782	0
1783	0
1784	0
1785	0
1786	0
1787	0
1788	0
1789	0
1790	0
1791	0
1792	0
1793	1
1794	0
1795	0
1796	0
1797	0
1798	0
1799	0
1800	0
1801	0
1802	0
1803	0
1804	0
1805	1
1806	0
1807	0
1808	0
1809	0
1810	0
1811	0
1812	0
1813	0
1814	0
1815	0
1816	0
1817	1
1818	0
1819	0
1820	0
1821	0
1822	0
1823	0
1824	0
1825	0
1826	0
1827	0
1828	0
1829	0
1830	1
1831	0
1832	0
1833	0
1834	0
1835	0
1836	0
1837	0
1838	0
1839	0
1840	0
1841	0
1842	0
1843	0
1844	0
1845	0
1846	0
1847	0
1848	0
1849	0
1850	0
1851	0
1852	0
1853	0
1854	0
1855	0
1856	0
1857	0
1858	0
1859	0
1860	1
1861	0
1862	0
1863	1
1864	0
1865	0
1866	0
1867	0
1868	0
1869	0
1870	0
1871	0
1872	1
1873	0
1874	1
1875	0
1876	0
1877	0
1878	0
1879	0
1880	0
1881	0
1882	0
1883	0
1884	0
1885	0
1886	0
1887	0
1888	1
1889	0
1890	1
1891	0
1892	0
1893	0
1894	0
1895	0
1896	0
1897	0
1898	0
1899	0
1900	0
1901	0
1902	0
1903	0
1904	0
1905	0
1906	0
1907	0
1908	0
1909	0
1910	0
1911	0
1912	0
1913	0
1914	0
1915	1
1916	0
1917	0
1918	0
1919	0
1920	0
1921	0
1922	0
1923	0
1924	0
1925	0
1926	0
1927	0
1928	0
1929	0
1930	1
1931	0
1932	0
1933	0
1934	0
1935	0
1936	0
1937	0
1938	0
1939	0
1940	0
1941	0
1942	0
1943	0
1944	0
1945	0
1946	0
1947	0
1948	1
1949	0
1950	0
1951	0
1952	0
1953	0
1954	0
1955	0
1956	0
1957	0
1958	1
1959	0
1960	0
1961	0
1962	0
1963	0
1964	0
1965	0
1966	0
1967	0
1968	0
1969	0
1970	0
1971	0
1972	0
1973	0
1974	0
1975	0
1976	0
1977	0
1978	0
1979	0
1980	1
1981	0
1982	0
1983	0
1984	0
1985	0
1986	0
1987	0
1988	0
1989	0
1990	0
1991	0
1992	0
1993	0
1994	0
1995	0
1996	0
1997	0
1998	0
1999	0
2000	0
2001	0
2002	1
2003	0
2004	0
2005	0
2006	0
2007	0
2008	0
2009	0
2010	0
2011	0
2012	0
2013	0
2014	0
2015	0
2016	0
2017	0
2018	0
2019	0
2020	0
2021	0
2022	0
2023	0
2024	0
2025	0
2026	0
2027	0
2028	0
2029	0
2030	0
2031	0
2032	0
2033	0
2034	0
2035	0
2036	0
2037	0
2038	0
2039	0
2040	0
2041	0
2042	0
2043	0
2044	0
2045	0
2046	0
2047	0
