0	0
1	0
2	0
3	0
4	0
5	0
6	0
7	0
8	0
9	0
10	0
11	2
12	36
13	392
14	350
15	264
16	218
17	194
18	238
19	203
20	236
21	228
22	246
23	229
24	233
25	235
26	234
27	252
28	237
29	219
30	242
31	208
32	240
33	204
34	203
35	228
36	250
37	228
38	234
39	246
40	229
41	248
42	242
43	249
44	244
45	231
46	227
47	228
48	243
49	242
50	248
51	257
52	234
53	206
54	236
55	215
56	232
57	216
58	237
59	225
60	211
61	232
62	247
63	223
64	207
65	222
66	226
67	238
68	197
69	231
70	211
71	227
72	247
73	227
74	211
75	218
76	212
77	204
78	203
79	211
80	210
81	233
82	235
83	226
84	229
85	241
86	218
87	218
88	236
89	198
90	219
91	220
92	190
93	211
94	214
95	211
96	233
97	217
98	200
99	196
100	240
101	226
102	219
103	200
104	215
105	203
106	217
107	176
108	215
109	200
110	208
111	212
112	214
113	213
114	198
115	221
116	203
117	202
118	215
119	215
120	228
121	239
122	243
123	252
124	241
125	234
126	247
127	260
128	278
129	275
130	291
131	245
132	285
133	281
134	253
135	265
136	271
137	256
138	248
139	237
140	274
141	264
142	237
143	226
144	271
145	249
146	253
147	254
148	249
149	243
150	264
151	240
152	220
153	252
154	239
155	255
156	246
157	249
158	227
159	263
160	269
161	229
162	196
163	257
164	231
165	206
166	200
167	254
168	249
169	231
170	230
171	184
172	207
173	225
174	223
175	214
176	201
177	227
178	199
179	227
180	206
181	229
182	219
183	219
184	183
185	191
186	234
187	214
188	230
189	204
190	228
191	218
192	204
193	184
194	186
195	207
196	198
197	212
198	183
199	220
200	212
201	233
202	200
203	187
204	223
205	189
206	203
207	203
208	223
209	237
210	195
211	242
212	185
213	221
214	212
215	207
216	204
217	224
218	239
219	210
220	183
221	187
222	180
223	202
224	188
225	201
226	199
227	175
228	168
229	156
230	163
231	151
232	150
233	137
234	146
235	150
236	114
237	117
238	126
239	119
240	112
241	102
242	104
243	106
244	102
245	91
246	97
247	90
248	93
249	77
250	82
251	81
252	87
253	107
254	80
255	80
256	90
257	93
258	78
259	75
260	75
261	77
262	87
263	66
264	65
265	82
266	70
267	72
268	73
269	75
270	54
271	93
272	72
273	75
274	65
275	67
276	69
277	69
278	70
279	76
280	67
281	60
282	70
283	73
284	76
285	75
286	80
287	75
288	68
289	68
290	66
291	60
292	85
293	61
294	64
295	75
296	76
297	70
298	60
299	62
300	65
301	55
302	82
303	88
304	64
305	72
306	51
307	97
308	75
309	73
310	77
311	80
312	80
313	94
314	84
315	91
316	113
317	142
318	158
319	169
320	249
321	270
322	308
323	377
324	419
325	512
326	626
327	746
328	850
329	918
330	1035
331	1204
332	1404
333	1525
334	1642
335	1837
336	1989
337	2171
338	2318
339	2374
340	2507
341	2616
342	2608
343	2606
344	2614
345	2616
346	2557
347	2530
348	2344
349	2257
350	2216
351	2020
352	1861
353	1726
354	1590
355	1399
356	1230
357	1033
358	958
359	814
360	751
361	598
362	506
363	401
364	349
365	317
366	259
367	215
368	171
369	163
370	110
371	127
372	112
373	77
374	80
375	81
376	67
377	73
378	73
379	72
380	54
381	56
382	61
383	81
384	66
385	50
386	50
387	61
388	68
389	56
390	56
391	54
392	65
393	60
394	78
395	63
396	61
397	57
398	71
399	56
400	70
401	63
402	71
403	46
404	45
405	53
406	70
407	46
408	65
409	48
410	64
411	81
412	57
413	52
414	49
415	60
416	80
417	59
418	57
419	54
420	60
421	53
422	79
423	50
424	57
425	53
426	46
427	55
428	63
429	61
430	63
431	52
432	57
433	51
434	65
435	58
436	70
437	51
438	49
439	57
440	68
441	52
442	67
443	50
444	68
445	65
446	58
447	61
448	63
449	55
450	61
451	61
452	58
453	55
454	55
455	70
456	49
457	62
458	69
459	65
460	67
461	84
462	65
463	71
464	54
465	66
466	53
467	56
468	59
469	65
470	76
471	69
472	83
473	74
474	79
475	63
476	68
477	80
478	73
479	76
480	61
481	72
482	71
483	65
484	63
485	46
486	55
487	72
488	63
489	63
490	60
491	55
492	72
493	73
494	72
495	74
496	70
497	64
498	68
499	64
500	74
501	56
502	51
503	70
504	67
505	60
506	73
507	75
508	87
509	58
510	60
511	54
512	54
513	69
514	56
515	63
516	59
517	63
518	53
519	71
520	65
521	61
522	58
523	64
524	53
525	53
526	49
527	46
528	56
529	53
530	48
531	49
532	58
533	68
534	55
535	68
536	55
537	69
538	60
539	52
540	59
541	58
542	61
543	66
544	43
545	51
546	60
547	43
548	63
549	51
550	48
551	57
552	62
553	62
554	54
555	56
556	64
557	56
558	55
559	72
560	57
561	52
562	49
563	51
564	52
565	55
566	58
567	63
568	64
569	49
570	51
571	41
572	50
573	64
574	74
575	47
576	55
577	58
578	59
579	52
580	64
581	64
582	57
583	49
584	52
585	47
586	60
587	50
588	48
589	57
590	55
591	65
592	60
593	54
594	47
595	65
596	57
597	62
598	57
599	42
600	55
601	60
602	59
603	42
604	53
605	51
606	48
607	42
608	56
609	70
610	62
611	61
612	52
613	61
614	52
615	63
616	55
617	65
618	59
619	62
620	67
621	49
622	58
623	48
624	61
625	63
626	50
627	56
628	74
629	62
630	56
631	47
632	55
633	47
634	64
635	64
636	60
637	52
638	60
639	57
640	54
641	65
642	45
643	49
644	60
645	44
646	57
647	47
648	54
649	53
650	64
651	45
652	64
653	66
654	55
655	64
656	63
657	57
658	57
659	54
660	53
661	52
662	62
663	50
664	56
665	52
666	55
667	59
668	66
669	56
670	66
671	46
672	48
673	52
674	55
675	52
676	45
677	53
678	52
679	55
680	47
681	52
682	57
683	46
684	48
685	59
686	54
687	47
688	49
689	42
690	43
691	42
692	39
693	41
694	34
695	42
696	41
697	49
698	46
699	40
700	47
701	46
702	45
703	35
704	35
705	26
706	30
707	30
708	32
709	24
710	23
711	39
712	36
713	34
714	33
715	33
716	35
717	25
718	27
719	26
720	34
721	12
722	34
723	24
724	16
725	21
726	29
727	38
728	25
729	18
730	29
731	25
732	23
733	24
734	27
735	24
736	24
737	21
738	30
739	30
740	28
741	22
742	19
743	21
744	27
745	21
746	32
747	14
748	24
749	27
750	27
751	31
752	33
753	20
754	21
755	32
756	22
757	14
758	26
759	26
760	21
761	28
762	31
763	28
764	25
765	22
766	13
767	14
768	24
769	26
770	24
771	19
772	27
773	24
774	21
775	22
776	18
777	27
778	21
779	21
780	17
781	27
782	21
783	18
784	26
785	30
786	25
787	35
788	15
789	27
790	28
791	26
792	23
793	28
794	27
795	30
796	34
797	39
798	44
799	63
800	56
801	44
802	51
803	63
804	72
805	71
806	86
807	84
808	83
809	90
810	101
811	101
812	115
813	107
814	131
815	135
816	150
817	157
818	171
819	166
820	181
821	188
822	164
823	181
824	212
825	204
826	192
827	234
828	220
829	188
830	246
831	231
832	226
833	226
834	205
835	215
836	235
837	224
838	213
839	216
840	186
841	198
842	196
843	203
844	178
845	177
846	162
847	159
848	158
849	159
850	135
851	127
852	116
853	126
854	119
855	96
856	93
857	88
858	73
859	77
860	68
861	60
862	66
863	59
864	58
865	72
866	64
867	48
868	46
869	38
870	37
871	54
872	49
873	43
874	40
875	36
876	29
877	35
878	27
879	35
880	30
881	30
882	28
883	42
884	32
885	31
886	39
887	26
888	21
889	24
890	35
891	32
892	37
893	30
894	32
895	32
896	27
897	14
898	35
899	30
900	33
901	26
902	12
903	32
904	26
905	32
906	27
907	35
908	34
909	22
910	39
911	29
912	33
913	36
914	28
915	33
916	30
917	30
918	27
919	27
920	32
921	23
922	33
923	30
924	21
925	30
926	35
927	26
928	27
929	24
930	26
931	29
932	33
933	23
934	24
935	26
936	29
937	26
938	32
939	32
940	25
941	32
942	28
943	28
944	29
945	27
946	33
947	28
948	32
949	25
950	27
951	24
952	27
953	27
954	32
955	31
956	24
957	26
958	24
959	27
960	27
961	29
962	34
963	18
964	35
965	30
966	37
967	31
968	29
969	23
970	28
971	34
972	30
973	34
974	27
975	28
976	28
977	31
978	26
979	34
980	30
981	24
982	26
983	37
984	35
985	24
986	26
987	25
988	28
989	25
990	27
991	39
992	29
993	33
994	27
995	29
996	31
997	26
998	30
999	35
1000	26
1001	18
1002	23
1003	27
1004	32
1005	31
1006	27
1007	18
1008	27
1009	25
1010	28
1011	30
1012	25
1013	26
1014	23
1015	29
1016	25
1017	26
1018	19
1019	21
1020	22
1021	29
1022	30
1023	21
1024	16
1025	26
1026	27
1027	20
1028	21
1029	26
1030	14
1031	20
1032	21
1033	19
1034	28
1035	19
1036	21
1037	14
1038	20
1039	22
1040	14
1041	26
1042	23
1043	15
1044	22
1045	20
1046	20
1047	17
1048	10
1049	14
1050	13
1051	16
1052	11
1053	12
1054	14
1055	10
1056	12
1057	11
1058	17
1059	15
1060	19
1061	11
1062	9
1063	12
1064	9
1065	11
1066	13
1067	9
1068	14
1069	9
1070	10
1071	10
1072	6
1073	10
1074	9
1075	8
1076	8
1077	4
1078	21
1079	8
1080	11
1081	9
1082	10
1083	2
1084	6
1085	6
1086	4
1087	4
1088	4
1089	4
1090	7
1091	7
1092	6
1093	5
1094	9
1095	7
1096	5
1097	4
1098	7
1099	7
1100	9
1101	3
1102	9
1103	4
1104	6
1105	5
1106	7
1107	3
1108	4
1109	10
1110	1
1111	2
1112	5
1113	6
1114	5
1115	5
1116	3
1117	5
1118	3
1119	5
1120	4
1121	3
1122	8
1123	11
1124	8
1125	7
1126	9
1127	9
1128	8
1129	7
1130	10
1131	12
1132	18
1133	15
1134	10
1135	12
1136	17
1137	19
1138	15
1139	20
1140	21
1141	22
1142	25
1143	19
1144	31
1145	27
1146	26
1147	43
1148	44
1149	40
1150	50
1151	47
1152	46
1153	43
1154	54
1155	58
1156	54
1157	58
1158	73
1159	49
1160	68
1161	70
1162	78
1163	78
1164	77
1165	69
1166	76
1167	88
1168	72
1169	83
1170	88
1171	80
1172	90
1173	99
1174	100
1175	108
1176	91
1177	91
1178	89
1179	89
1180	83
1181	82
1182	79
1183	64
1184	66
1185	76
1186	63
1187	64
1188	59
1189	67
1190	47
1191	84
1192	44
1193	43
1194	55
1195	46
1196	46
1197	41
1198	47
1199	41
1200	43
1201	38
1202	40
1203	25
1204	41
1205	26
1206	22
1207	24
1208	27
1209	14
1210	24
1211	22
1212	15
1213	13
1214	11
1215	19
1216	10
1217	12
1218	11
1219	3
1220	5
1221	4
1222	11
1223	2
1224	11
1225	5
1226	3
1227	2
1228	2
1229	2
1230	1
1231	3
1232	4
1233	5
1234	3
1235	1
1236	2
1237	0
1238	4
1239	1
1240	4
1241	3
1242	1
1243	0
1244	1
1245	3
1246	1
1247	2
1248	0
1249	3
1250	1
1251	1
1252	1
1253	3
1254	0
1255	1
1256	1
1257	2
1258	1
1259	2
1260	1
1261	0
1262	2
1263	0
1264	4
1265	2
1266	1
1267	2
1268	0
1269	3
1270	2
1271	3
1272	0
1273	0
1274	0
1275	1
1276	0
1277	3
1278	3
1279	0
1280	3
1281	1
1282	1
1283	2
1284	0
1285	2
1286	0
1287	1
1288	1
1289	2
1290	0
1291	1
1292	1
1293	1
1294	0
1295	1
1296	3
1297	0
1298	2
1299	4
1300	1
1301	2
1302	1
1303	1
1304	0
1305	1
1306	2
1307	1
1308	3
1309	2
1310	1
1311	2
1312	2
1313	1
1314	0
1315	2
1316	2
1317	4
1318	1
1319	0
1320	2
1321	0
1322	0
1323	1
1324	0
1325	3
1326	0
1327	1
1328	1
1329	0
1330	2
1331	2
1332	3
1333	0
1334	0
1335	1
1336	1
1337	0
1338	2
1339	1
1340	0
1341	0
1342	0
1343	1
1344	0
1345	1
1346	0
1347	1
1348	1
1349	2
1350	0
1351	0
1352	0
1353	0
1354	0
1355	1
1356	0
1357	0
1358	0
1359	2
1360	0
1361	1
1362	4
1363	0
1364	0
1365	1
1366	0
1367	0
1368	1
1369	5
1370	0
1371	0
1372	2
1373	3
1374	0
1375	1
1376	1
1377	0
1378	0
1379	0
1380	1
1381	0
1382	1
1383	0
1384	1
1385	1
1386	1
1387	4
1388	0
1389	0
1390	0
1391	1
1392	1
1393	0
1394	0
1395	2
1396	0
1397	0
1398	2
1399	1
1400	0
1401	1
1402	0
1403	0
1404	0
1405	1
1406	0
1407	1
1408	1
1409	0
1410	0
1411	0
1412	2
1413	1
1414	1
1415	0
1416	1
1417	0
1418	1
1419	1
1420	0
1421	1
1422	1
1423	0
1424	1
1425	1
1426	1
1427	0
1428	0
1429	1
1430	0
1431	0
1432	0
1433	0
1434	0
1435	0
1436	0
1437	1
1438	2
1439	1
1440	2
1441	0
1442	1
1443	0
1444	0
1445	1
1446	1
1447	0
1448	0
1449	2
1450	0
1451	1
1452	0
1453	1
1454	0
1455	0
1456	0
1457	0
1458	1
1459	1
1460	0
1461	1
1462	1
1463	0
1464	0
1465	0
1466	0
1467	0
1468	1
1469	0
1470	0
1471	0
1472	0
1473	0
1474	0
1475	2
1476	1
1477	0
1478	1
1479	1
1480	0
1481	0
1482	2
1483	0
1484	0
1485	1
1486	2
1487	1
1488	0
1489	0
1490	1
1491	1
1492	1
1493	0
1494	1
1495	0
1496	1
1497	0
1498	1
1499	0
1500	1
1501	0
1502	0
1503	1
1504	0
1505	0
1506	2
1507	1
1508	1
1509	2
1510	0
1511	1
1512	1
1513	0
1514	0
1515	1
1516	0
1517	0
1518	2
1519	0
1520	0
1521	0
1522	0
1523	0
1524	0
1525	0
1526	0
1527	1
1528	0
1529	0
1530	0
1531	0
1532	0
1533	0
1534	1
1535	0
1536	1
1537	0
1538	0
1539	0
1540	0
1541	1
1542	0
1543	0
1544	0
1545	0
1546	0
1547	1
1548	1
1549	0
1550	0
1551	0
1552	0
1553	0
1554	0
1555	0
1556	0
1557	0
1558	0
1559	0
1560	0
1561	0
1562	0
1563	0
1564	0
1565	1
1566	0
1567	0
1568	0
1569	0
1570	1
1571	0
1572	0
1573	0
1574	0
1575	0
1576	0
1577	0
1578	0
1579	1
1580	0
1581	0
1582	1
1583	1
1584	0
1585	0
1586	0
1587	1
1588	0
1589	0
1590	0
1591	0
1592	1
1593	0
1594	0
1595	0
1596	0
1597	0
1598	0
1599	1
1600	0
1601	0
1602	0
1603	0
1604	0
1605	0
1606	0
1607	0
1608	0
1609	0
1610	0
1611	0
1612	1
1613	0
1614	0
1615	0
1616	0
1617	0
1618	1
1619	0
1620	0
1621	0
1622	0
1623	0
1624	0
1625	0
1626	0
1627	0
1628	0
1629	0
1630	0
1631	0
1632	0
1633	1
1634	0
1635	0
1636	0
1637	0
1638	0
1639	0
1640	0
1641	0
1642	0
1643	0
1644	0
1645	0
1646	0
1647	0
1648	0
1649	0
1650	0
1651	0
1652	0
1653	0
1654	1
1655	1
1656	0
1657	0
1658	0
1659	0
1660	0
1661	0
1662	0
1663	0
1664	0
1665	0
1666	0
1667	0
1668	0
1669	0
1670	0
1671	0
1672	0
1673	0
1674	0
1675	0
1676	0
1677	0
1678	0
1679	0
1680	0
1681	0
1682	0
1683	0
1684	0
1685	0
1686	0
1687	0
1688	0
1689	0
1690	0
1691	0
1692	0
1693	0
1694	0
1695	0
1696	0
1697	0
1698	0
1699	0
1700	0
1701	0
1702	0
1703	0
1704	0
1705	0
1706	0
1707	0
1708	0
1709	0
1710	0
1711	0
1712	0
1713	0
1714	0
1715	0
1716	0
1717	0
1718	0
1719	0
1720	0
1721	0
1722	0
1723	0
1724	0
1725	0
1726	0
1727	0
1728	0
1729	0
1730	0
1731	0
1732	0
1733	0
1734	0
1735	0
1736	0
1737	0
1738	0
1739	0
1740	0
1741	0
1742	0
1743	0
1744	0
1745	0
1746	0
1747	1
1748	0
1749	0
1750	0
1751	0
1752	0
1753	0
1754	0
1755	0
1756	0
1757	0
1758	0
1759	0
1760	0
1761	0
1762	0
1763	0
1764	0
1765	1
1766	0
1767	0
1768	0
1769	0
1770	0
1771	0
1772	0
1773	0
1774	0
1775	0
1776	0
1777	0
1778	0
1779	0
1780	0
1781	0
1782	0
1783	0
1784	1
1785	0
1786	0
1787	0
1788	0
1789	0
1790	0
1791	0
1792	0
1793	0
1794	0
1795	0
1796	0
1797	0
1798	0
1799	0
1800	0
1801	0
1802	0
1803	0
1804	0
1805	0
1806	0
1807	0
1808	0
1809	0
1810	0
1811	0
1812	0
1813	0
1814	0
1815	0
1816	0
1817	0
1818	0
1819	0
1820	0
1821	0
1822	0
1823	0
1824	0
1825	0
1826	0
1827	0
1828	0
1829	0
1830	0
1831	0
1832	0
1833	1
1834	0
1835	0
1836	0
1837	0
1838	0
1839	0
1840	0
1841	0
1842	1
1843	0
1844	0
1845	0
1846	0
1847	0
1848	0
1849	0
1850	0
1851	0
1852	0
1853	0
1854	0
1855	1
1856	0
1857	0
1858	0
1859	0
1860	0
1861	0
1862	0
1863	0
1864	0
1865	0
1866	0
1867	0
1868	0
1869	0
1870	0
1871	0
1872	0
1873	0
1874	0
1875	0
1876	0
1877	1
1878	0
1879	0
1880	0
1881	0
1882	0
1883	0
1884	1
1885	0
1886	0
1887	1
1888	0
1889	0
1890	0
1891	0
1892	0
1893	0
1894	0
1895	0
1896	0
1897	0
1898	0
1899	0
1900	0
1901	0
1902	0
1903	0
1904	0
1905	0
1906	0
1907	0
1908	0
1909	0
1910	0
1911	0
1912	0
1913	0
1914	0
1915	0
1916	0
1917	0
1918	0
1919	0
1920	0
1921	0
1922	0
1923	0
1924	0
1925	0
1926	0
1927	0
1928	0
1929	0
1930	0
1931	0
1932	0
1933	0
1934	0
1935	1
1936	0
1937	0
1938	0
1939	0
1940	0
1941	0
1942	0
1943	0
1944	0
1945	0
1946	0
1947	0
1948	0
1949	0
1950	0
1951	0
1952	0
1953	0
1954	0
1955	0
1956	0
1957	1
1958	0
1959	0
1960	0
1961	0
1962	0
1963	0
1964	0
1965	0
1966	1
1967	0
1968	0
1969	0
1970	0
1971	0
1972	0
1973	0
1974	0
1975	0
1976	0
1977	0
1978	0
1979	0
1980	0
1981	0
1982	0
1983	0
1984	0
1985	0
1986	0
1987	0
1988	0
1989	0
1990	0
1991	0
1992	0
1993	0
1994	0
1995	0
1996	0
1997	0
1998	0
1999	0
2000	0
2001	0
2002	0
2003	0
2004	0
2005	0
2006	0
2007	0
2008	0
2009	0
2010	0
2011	0
2012	0
2013	0
2014	0
2015	0
2016	0
2017	0
2018	0
2019	0
2020	0
2021	0
2022	0
2023	0
2024	0
2025	0
2026	0
2027	0
2028	0
2029	0
2030	0
2031	0
2032	0
2033	0
2034	0
2035	0
2036	0
2037	0
2038	0
2039	0
2040	0
2041	0
2042	0
2043	0
2044	0
2045	0
2046	0
2047	0
