0	0
1	0
2	0
3	0
4	0
5	0
6	0
7	0
8	0
9	0
10	0
11	0
12	53
13	483
14	625
15	546
16	470
17	437
18	429
19	426
20	449
21	521
22	513
23	594
24	679
25	904
26	1035
27	1386
28	1770
29	2511
30	3298
31	4099
32	4371
33	4051
34	3296
35	2447
36	1770
37	1223
38	878
39	669
40	558
41	512
42	466
43	452
44	448
45	439
46	450
47	451
48	480
49	442
50	433
51	456
52	477
53	480
54	446
55	471
56	447
57	468
58	422
59	413
60	436
61	432
62	439
63	436
64	427
65	445
66	444
67	429
68	388
69	386
70	380
71	437
72	376
73	409
74	428
75	422
76	402
77	401
78	394
79	415
80	428
81	418
82	404
83	427
84	375
85	415
86	414
87	392
88	430
89	432
90	399
91	420
92	424
93	372
94	385
95	436
96	413
97	379
98	419
99	389
100	404
101	406
102	420
103	419
104	410
105	401
106	409
107	364
108	400
109	397
110	416
111	408
112	428
113	433
114	425
115	406
116	395
117	431
118	383
119	419
120	441
121	389
122	422
123	429
124	445
125	396
126	431
127	477
128	435
129	488
130	449
131	488
132	483
133	518
134	492
135	553
136	501
137	553
138	553
139	502
140	597
141	566
142	566
143	538
144	523
145	545
146	522
147	518
148	511
149	472
150	523
151	480
152	472
153	518
154	461
155	525
156	441
157	467
158	466
159	448
160	450
161	462
162	469
163	436
164	486
165	520
166	460
167	481
168	443
169	448
170	458
171	427
172	460
173	411
174	446
175	415
176	448
177	418
178	430
179	439
180	431
181	462
182	449
183	471
184	434
185	426
186	420
187	424
188	432
189	468
190	434
191	413
192	408
193	427
194	404
195	397
196	427
197	397
198	387
199	417
200	407
201	425
202	420
203	378
204	369
205	414
206	414
207	382
208	394
209	372
210	409
211	406
212	384
213	386
214	372
215	377
216	380
217	352
218	350
219	422
220	398
221	386
222	408
223	411
224	377
225	398
226	366
227	365
228	385
229	353
230	363
231	382
232	392
233	375
234	361
235	373
236	416
237	381
238	350
239	389
240	339
241	378
242	388
243	364
244	369
245	362
246	361
247	371
248	382
249	368
250	370
251	367
252	397
253	385
254	379
255	350
256	369
257	383
258	364
259	366
260	395
261	344
262	391
263	351
264	371
265	330
266	351
267	347
268	374
269	382
270	385
271	337
272	335
273	379
274	379
275	352
276	356
277	361
278	360
279	368
280	364
281	347
282	322
283	362
284	365
285	360
286	349
287	322
288	374
289	376
290	383
291	345
292	358
293	346
294	366
295	395
296	353
297	375
298	377
299	357
300	373
301	350
302	347
303	349
304	364
305	380
306	350
307	325
308	341
309	324
310	317
311	276
312	297
313	277
314	279
315	280
316	248
317	241
318	248
319	206
320	207
321	229
322	193
323	195
324	164
325	178
326	141
327	168
328	154
329	156
330	130
331	136
332	120
333	124
334	116
335	128
336	95
337	117
338	89
339	81
340	113
341	92
342	92
343	85
344	94
345	84
346	69
347	85
348	76
349	64
350	78
351	56
352	62
353	48
354	60
355	68
356	55
357	62
358	55
359	53
360	55
361	49
362	58
363	48
364	47
365	46
366	57
367	60
368	50
369	55
370	47
371	51
372	55
373	46
374	55
375	48
376	42
377	62
378	37
379	53
380	44
381	56
382	37
383	49
384	57
385	44
386	51
387	50
388	52
389	47
390	36
391	50
392	49
393	44
394	53
395	34
396	45
397	49
398	57
399	53
400	68
401	65
402	82
403	69
404	89
405	98
406	112
407	127
408	148
409	169
410	219
411	267
412	309
413	389
414	454
415	583
416	643
417	785
418	864
419	1019
420	1183
421	1411
422	1481
423	1751
424	1933
425	2218
426	2431
427	2593
428	2842
429	3033
430	3347
431	3564
432	3689
433	3910
434	4076
435	4223
436	4339
437	4267
438	4424
439	4414
440	4401
441	4342
442	4325
443	4094
444	3854
445	3849
446	3626
447	3398
448	3154
449	3013
450	2694
451	2554
452	2279
453	1969
454	1769
455	1554
456	1374
457	1325
458	1111
459	1018
460	872
461	774
462	677
463	549
464	480
465	418
466	352
467	315
468	241
469	216
470	213
471	177
472	152
473	121
474	110
475	100
476	100
477	108
478	86
479	81
480	90
481	88
482	59
483	70
484	50
485	76
486	60
487	56
488	57
489	62
490	53
491	61
492	72
493	53
494	48
495	56
496	65
497	34
498	52
499	48
500	48
501	53
502	54
503	45
504	67
505	53
506	55
507	43
508	38
509	65
510	54
511	40
512	49
513	48
514	38
515	47
516	46
517	45
518	49
519	39
520	47
521	37
522	58
523	51
524	49
525	47
526	29
527	40
528	55
529	41
530	45
531	39
532	38
533	35
534	53
535	41
536	41
537	48
538	55
539	37
540	51
541	49
542	39
543	46
544	46
545	58
546	42
547	41
548	47
549	53
550	38
551	52
552	42
553	48
554	57
555	29
556	38
557	45
558	42
559	49
560	38
561	54
562	52
563	44
564	39
565	39
566	40
567	39
568	47
569	38
570	54
571	35
572	25
573	45
574	35
575	43
576	47
577	38
578	34
579	41
580	38
581	43
582	42
583	34
584	29
585	37
586	29
587	31
588	49
589	25
590	46
591	33
592	35
593	40
594	37
595	33
596	28
597	44
598	36
599	34
600	26
601	40
602	45
603	36
604	36
605	32
606	31
607	35
608	28
609	41
610	46
611	26
612	28
613	25
614	25
615	34
616	32
617	31
618	28
619	28
620	37
621	32
622	32
623	28
624	27
625	25
626	31
627	25
628	26
629	32
630	39
631	33
632	33
633	29
634	35
635	27
636	24
637	18
638	30
639	31
640	21
641	34
642	21
643	34
644	30
645	30
646	25
647	22
648	28
649	22
650	27
651	26
652	27
653	19
654	26
655	33
656	29
657	20
658	34
659	29
660	20
661	23
662	22
663	30
664	26
665	18
666	19
667	21
668	17
669	26
670	26
671	24
672	22
673	30
674	24
675	27
676	25
677	33
678	25
679	26
680	17
681	28
682	25
683	26
684	23
685	20
686	24
687	25
688	23
689	26
690	23
691	21
692	29
693	23
694	19
695	26
696	29
697	17
698	22
699	20
700	18
701	37
702	21
703	14
704	21
705	17
706	23
707	23
708	16
709	21
710	18
711	18
712	19
713	23
714	21
715	14
716	21
717	18
718	24
719	10
720	26
721	13
722	23
723	20
724	17
725	19
726	26
727	20
728	22
729	23
730	15
731	22
732	12
733	21
734	20
735	19
736	17
737	21
738	24
739	13
740	14
741	23
742	10
743	16
744	17
745	14
746	20
747	19
748	14
749	25
750	17
751	12
752	13
753	7
754	16
755	15
756	15
757	17
758	17
759	5
760	14
761	21
762	11
763	9
764	14
765	14
766	21
767	11
768	21
769	18
770	14
771	11
772	19
773	20
774	14
775	11
776	16
777	22
778	16
779	23
780	16
781	11
782	8
783	22
784	17
785	16
786	12
787	19
788	12
789	12
790	14
791	11
792	16
793	15
794	12
795	12
796	17
797	13
798	24
799	19
800	24
801	21
802	14
803	16
804	16
805	9
806	20
807	13
808	17
809	14
810	17
811	19
812	11
813	15
814	17
815	20
816	17
817	17
818	13
819	16
820	12
821	12
822	14
823	16
824	22
825	12
826	21
827	19
828	18
829	15
830	23
831	20
832	26
833	17
834	22
835	22
836	18
837	21
838	21
839	23
840	15
841	23
842	24
843	18
844	22
845	12
846	26
847	16
848	23
849	32
850	23
851	19
852	29
853	20
854	23
855	30
856	22
857	22
858	18
859	20
860	27
861	34
862	26
863	29
864	29
865	19
866	25
867	25
868	15
869	28
870	16
871	20
872	35
873	21
874	26
875	12
876	18
877	18
878	23
879	23
880	15
881	14
882	7
883	17
884	20
885	17
886	8
887	13
888	12
889	8
890	7
891	10
892	5
893	6
894	8
895	6
896	9
897	7
898	3
899	6
900	10
901	7
902	3
903	2
904	2
905	1
906	2
907	5
908	1
909	2
910	3
911	4
912	1
913	2
914	3
915	3
916	2
917	2
918	1
919	1
920	5
921	0
922	3
923	3
924	1
925	0
926	1
927	1
928	1
929	1
930	2
931	1
932	0
933	0
934	2
935	3
936	2
937	1
938	0
939	2
940	1
941	0
942	0
943	2
944	1
945	1
946	1
947	0
948	0
949	0
950	2
951	2
952	2
953	2
954	2
955	0
956	2
957	0
958	2
959	1
960	1
961	0
962	1
963	1
964	1
965	0
966	0
967	0
968	1
969	1
970	1
971	2
972	3
973	0
974	2
975	0
976	2
977	0
978	2
979	1
980	2
981	0
982	1
983	1
984	1
985	1
986	3
987	3
988	1
989	1
990	2
991	1
992	1
993	2
994	0
995	0
996	0
997	1
998	2
999	1
1000	1
1001	0
1002	2
1003	0
1004	0
1005	0
1006	2
1007	1
1008	1
1009	1
1010	2
1011	2
1012	2
1013	1
1014	1
1015	1
1016	1
1017	1
1018	2
1019	0
1020	0
1021	2
1022	1
1023	1
1024	1
1025	1
1026	1
1027	1
1028	0
1029	1
1030	1
1031	0
1032	0
1033	1
1034	1
1035	0
1036	0
1037	2
1038	0
1039	2
1040	1
1041	0
1042	0
1043	0
1044	4
1045	0
1046	0
1047	0
1048	1
1049	0
1050	0
1051	0
1052	0
1053	1
1054	0
1055	0
1056	1
1057	2
1058	1
1059	0
1060	1
1061	0
1062	1
1063	0
1064	1
1065	1
1066	1
1067	1
1068	1
1069	0
1070	0
1071	0
1072	1
1073	0
1074	2
1075	2
1076	1
1077	0
1078	3
1079	1
1080	2
1081	0
1082	0
1083	0
1084	0
1085	0
1086	3
1087	0
1088	1
1089	1
1090	1
1091	2
1092	0
1093	0
1094	1
1095	0
1096	1
1097	1
1098	1
1099	1
1100	0
1101	1
1102	1
1103	1
1104	0
1105	0
1106	0
1107	0
1108	0
1109	0
1110	0
1111	0
1112	1
1113	0
1114	0
1115	0
1116	0
1117	0
1118	0
1119	0
1120	0
1121	0
1122	1
1123	0
1124	0
1125	0
1126	0
1127	0
1128	0
1129	0
1130	1
1131	0
1132	0
1133	0
1134	0
1135	0
1136	0
1137	1
1138	0
1139	0
1140	1
1141	0
1142	0
1143	1
1144	0
1145	0
1146	0
1147	1
1148	0
1149	0
1150	1
1151	0
1152	0
1153	0
1154	1
1155	0
1156	0
1157	0
1158	0
1159	0
1160	2
1161	0
1162	0
1163	0
1164	0
1165	0
1166	1
1167	0
1168	1
1169	0
1170	1
1171	0
1172	3
1173	1
1174	0
1175	0
1176	0
1177	0
1178	0
1179	1
1180	0
1181	1
1182	0
1183	0
1184	0
1185	1
1186	0
1187	0
1188	0
1189	0
1190	0
1191	0
1192	0
1193	0
1194	1
1195	1
1196	0
1197	1
1198	1
1199	0
1200	0
1201	1
1202	1
1203	1
1204	0
1205	1
1206	1
1207	0
1208	0
1209	2
1210	0
1211	0
1212	1
1213	0
1214	0
1215	0
1216	0
1217	0
1218	0
1219	1
1220	0
1221	0
1222	0
1223	0
1224	0
1225	0
1226	0
1227	0
1228	0
1229	0
1230	0
1231	0
1232	0
1233	1
1234	1
1235	1
1236	0
1237	0
1238	0
1239	0
1240	0
1241	0
1242	0
1243	0
1244	0
1245	0
1246	1
1247	0
1248	0
1249	0
1250	0
1251	1
1252	1
1253	0
1254	0
1255	0
1256	0
1257	0
1258	1
1259	1
1260	0
1261	1
1262	0
1263	0
1264	0
1265	0
1266	1
1267	0
1268	0
1269	0
1270	1
1271	0
1272	0
1273	0
1274	0
1275	0
1276	0
1277	1
1278	1
1279	0
1280	0
1281	0
1282	0
1283	0
1284	0
1285	0
1286	0
1287	0
1288	0
1289	0
1290	1
1291	0
1292	3
1293	0
1294	0
1295	0
1296	0
1297	0
1298	0
1299	0
1300	0
1301	0
1302	1
1303	0
1304	0
1305	1
1306	0
1307	2
1308	0
1309	0
1310	1
1311	1
1312	0
1313	0
1314	0
1315	0
1316	0
1317	1
1318	0
1319	0
1320	1
1321	0
1322	0
1323	0
1324	1
1325	0
1326	0
1327	0
1328	1
1329	1
1330	0
1331	0
1332	0
1333	0
1334	0
1335	0
1336	0
1337	0
1338	1
1339	0
1340	0
1341	0
1342	0
1343	0
1344	0
1345	0
1346	0
1347	0
1348	0
1349	0
1350	0
1351	0
1352	0
1353	0
1354	1
1355	0
1356	0
1357	0
1358	0
1359	0
1360	0
1361	0
1362	0
1363	0
1364	0
1365	0
1366	0
1367	0
1368	0
1369	0
1370	0
1371	0
1372	0
1373	0
1374	0
1375	0
1376	2
1377	0
1378	0
1379	0
1380	0
1381	0
1382	0
1383	0
1384	0
1385	0
1386	0
1387	0
1388	0
1389	0
1390	0
1391	0
1392	0
1393	1
1394	0
1395	0
1396	0
1397	0
1398	0
1399	0
1400	0
1401	0
1402	0
1403	0
1404	0
1405	0
1406	0
1407	0
1408	0
1409	0
1410	0
1411	0
1412	0
1413	0
1414	0
1415	0
1416	0
1417	0
1418	0
1419	0
1420	0
1421	0
1422	0
1423	0
1424	0
1425	0
1426	0
1427	0
1428	0
1429	0
1430	0
1431	0
1432	0
1433	1
1434	0
1435	0
1436	0
1437	0
1438	0
1439	0
1440	0
1441	0
1442	0
1443	0
1444	0
1445	0
1446	0
1447	1
1448	0
1449	0
1450	0
1451	0
1452	0
1453	0
1454	0
1455	0
1456	0
1457	1
1458	0
1459	0
1460	0
1461	0
1462	0
1463	0
1464	0
1465	0
1466	0
1467	0
1468	0
1469	0
1470	0
1471	0
1472	0
1473	0
1474	0
1475	0
1476	0
1477	0
1478	0
1479	0
1480	0
1481	0
1482	0
1483	0
1484	0
1485	0
1486	0
1487	0
1488	0
1489	0
1490	0
1491	0
1492	1
1493	0
1494	0
1495	0
1496	0
1497	0
1498	0
1499	0
1500	0
1501	0
1502	0
1503	0
1504	0
1505	0
1506	0
1507	0
1508	0
1509	0
1510	0
1511	0
1512	0
1513	0
1514	0
1515	0
1516	0
1517	0
1518	0
1519	0
1520	0
1521	0
1522	0
1523	0
1524	0
1525	0
1526	0
1527	0
1528	0
1529	0
1530	0
1531	0
1532	0
1533	0
1534	0
1535	0
1536	0
1537	0
1538	0
1539	0
1540	0
1541	0
1542	0
1543	0
1544	0
1545	0
1546	0
1547	0
1548	0
1549	1
1550	0
1551	0
1552	0
1553	0
1554	0
1555	0
1556	0
1557	0
1558	0
1559	0
1560	0
1561	0
1562	0
1563	0
1564	0
1565	0
1566	0
1567	0
1568	0
1569	0
1570	0
1571	0
1572	0
1573	0
1574	1
1575	0
1576	0
1577	0
1578	0
1579	0
1580	0
1581	0
1582	0
1583	0
1584	0
1585	0
1586	0
1587	0
1588	0
1589	0
1590	0
1591	0
1592	0
1593	0
1594	0
1595	0
1596	0
1597	0
1598	0
1599	0
1600	0
1601	0
1602	0
1603	0
1604	0
1605	0
1606	0
1607	0
1608	0
1609	0
1610	0
1611	0
1612	0
1613	0
1614	0
1615	0
1616	0
1617	0
1618	0
1619	0
1620	0
1621	0
1622	0
1623	0
1624	0
1625	0
1626	0
1627	0
1628	0
1629	0
1630	0
1631	0
1632	0
1633	0
1634	0
1635	0
1636	0
1637	0
1638	0
1639	0
1640	0
1641	0
1642	0
1643	0
1644	0
1645	0
1646	0
1647	0
1648	0
1649	0
1650	0
1651	0
1652	1
1653	0
1654	0
1655	0
1656	0
1657	0
1658	0
1659	0
1660	0
1661	0
1662	0
1663	0
1664	0
1665	0
1666	0
1667	0
1668	0
1669	0
1670	0
1671	0
1672	0
1673	0
1674	0
1675	0
1676	0
1677	0
1678	0
1679	0
1680	0
1681	0
1682	0
1683	0
1684	0
1685	0
1686	0
1687	0
1688	0
1689	0
1690	0
1691	0
1692	0
1693	0
1694	0
1695	0
1696	0
1697	0
1698	0
1699	0
1700	0
1701	0
1702	0
1703	0
1704	0
1705	0
1706	0
1707	0
1708	1
1709	0
1710	0
1711	0
1712	1
1713	1
1714	0
1715	0
1716	0
1717	0
1718	1
1719	0
1720	0
1721	0
1722	0
1723	0
1724	0
1725	0
1726	0
1727	0
1728	0
1729	0
1730	0
1731	0
1732	0
1733	0
1734	1
1735	0
1736	0
1737	0
1738	0
1739	0
1740	0
1741	0
1742	0
1743	0
1744	0
1745	0
1746	0
1747	0
1748	0
1749	0
1750	0
1751	0
1752	0
1753	0
1754	0
1755	0
1756	0
1757	0
1758	0
1759	0
1760	0
1761	0
1762	0
1763	0
1764	0
1765	0
1766	0
1767	0
1768	0
1769	0
1770	0
1771	0
1772	0
1773	0
1774	0
1775	0
1776	0
1777	0
1778	0
1779	0
1780	0
1781	0
1782	0
1783	0
1784	0
1785	0
1786	0
1787	0
1788	0
1789	0
1790	0
1791	0
1792	0
1793	0
1794	0
1795	0
1796	0
1797	0
1798	0
1799	0
1800	1
1801	0
1802	0
1803	0
1804	0
1805	0
1806	0
1807	0
1808	0
1809	0
1810	0
1811	0
1812	0
1813	0
1814	0
1815	0
1816	0
1817	0
1818	0
1819	0
1820	0
1821	0
1822	0
1823	0
1824	0
1825	0
1826	0
1827	0
1828	0
1829	0
1830	0
1831	0
1832	0
1833	0
1834	0
1835	0
1836	0
1837	0
1838	0
1839	0
1840	0
1841	0
1842	0
1843	0
1844	0
1845	0
1846	0
1847	0
1848	0
1849	0
1850	0
1851	0
1852	0
1853	0
1854	1
1855	0
1856	0
1857	0
1858	0
1859	0
1860	0
1861	0
1862	0
1863	0
1864	0
1865	0
1866	0
1867	0
1868	0
1869	0
1870	0
1871	0
1872	0
1873	0
1874	0
1875	0
1876	0
1877	0
1878	0
1879	1
1880	0
1881	0
1882	0
1883	0
1884	0
1885	0
1886	0
1887	0
1888	0
1889	0
1890	0
1891	0
1892	0
1893	0
1894	0
1895	0
1896	0
1897	0
1898	0
1899	0
1900	0
1901	0
1902	0
1903	0
1904	0
1905	0
1906	0
1907	0
1908	0
1909	0
1910	0
1911	0
1912	0
1913	0
1914	0
1915	0
1916	0
1917	0
1918	0
1919	0
1920	0
1921	0
1922	0
1923	0
1924	0
1925	0
1926	0
1927	0
1928	0
1929	0
1930	0
1931	0
1932	0
1933	0
1934	0
1935	0
1936	0
1937	0
1938	0
1939	0
1940	0
1941	0
1942	0
1943	0
1944	0
1945	0
1946	0
1947	0
1948	0
1949	0
1950	0
1951	0
1952	0
1953	0
1954	0
1955	0
1956	0
1957	0
1958	0
1959	0
1960	0
1961	0
1962	0
1963	0
1964	0
1965	0
1966	0
1967	0
1968	0
1969	0
1970	0
1971	0
1972	0
1973	0
1974	0
1975	0
1976	0
1977	0
1978	0
1979	0
1980	0
1981	0
1982	0
1983	0
1984	0
1985	0
1986	0
1987	0
1988	0
1989	0
1990	0
1991	0
1992	0
1993	0
1994	0
1995	0
1996	1
1997	0
1998	0
1999	0
2000	0
2001	0
2002	0
2003	0
2004	0
2005	0
2006	0
2007	0
2008	0
2009	0
2010	0
2011	1
2012	0
2013	0
2014	0
2015	0
2016	0
2017	0
2018	0
2019	0
2020	0
2021	0
2022	0
2023	0
2024	0
2025	0
2026	0
2027	0
2028	0
2029	0
2030	0
2031	0
2032	0
2033	0
2034	0
2035	0
2036	0
2037	0
2038	0
2039	0
2040	0
2041	0
2042	0
2043	0
2044	0
2045	0
2046	0
2047	0
