0	0
1	0
2	0
3	0
4	0
5	0
6	0
7	0
8	0
9	0
10	0
11	1
12	18
13	239
14	291
15	240
16	200
17	229
18	235
19	229
20	211
21	258
22	213
23	240
24	225
25	217
26	229
27	239
28	232
29	235
30	239
31	242
32	243
33	229
34	227
35	253
36	236
37	251
38	220
39	248
40	227
41	227
42	223
43	240
44	232
45	232
46	220
47	234
48	205
49	247
50	220
51	245
52	251
53	235
54	226
55	211
56	238
57	253
58	212
59	230
60	221
61	211
62	224
63	219
64	227
65	237
66	209
67	216
68	202
69	234
70	232
71	215
72	237
73	252
74	224
75	207
76	237
77	197
78	211
79	208
80	211
81	218
82	229
83	224
84	211
85	243
86	206
87	212
88	230
89	217
90	207
91	190
92	237
93	237
94	244
95	210
96	222
97	194
98	189
99	217
100	214
101	208
102	192
103	208
104	200
105	216
106	215
107	190
108	218
109	190
110	214
111	202
112	215
113	254
114	223
115	212
116	197
117	182
118	219
119	221
120	218
121	220
122	229
123	246
124	229
125	259
126	223
127	240
128	234
129	273
130	241
131	261
132	264
133	222
134	232
135	292
136	251
137	243
138	269
139	246
140	247
141	274
142	220
143	240
144	234
145	229
146	282
147	239
148	239
149	268
150	251
151	254
152	260
153	249
154	223
155	237
156	233
157	224
158	240
159	250
160	238
161	244
162	229
163	216
164	222
165	214
166	225
167	214
168	260
169	223
170	207
171	239
172	218
173	235
174	195
175	211
176	219
177	206
178	235
179	212
180	217
181	232
182	207
183	222
184	215
185	224
186	234
187	203
188	212
189	210
190	201
191	188
192	206
193	198
194	208
195	205
196	207
197	231
198	194
199	194
200	228
201	218
202	220
203	209
204	216
205	197
206	221
207	219
208	194
209	232
210	184
211	223
212	207
213	203
214	217
215	200
216	224
217	196
218	224
219	202
220	185
221	203
222	197
223	185
224	193
225	183
226	184
227	191
228	193
229	177
230	177
231	166
232	151
233	148
234	131
235	166
236	145
237	135
238	121
239	114
240	103
241	106
242	118
243	110
244	97
245	116
246	98
247	100
248	86
249	93
250	88
251	75
252	77
253	89
254	89
255	87
256	89
257	94
258	74
259	83
260	90
261	91
262	71
263	74
264	60
265	77
266	80
267	63
268	73
269	80
270	71
271	70
272	85
273	63
274	78
275	63
276	77
277	63
278	63
279	71
280	69
281	64
282	61
283	85
284	81
285	73
286	73
287	79
288	75
289	64
290	65
291	70
292	68
293	78
294	53
295	63
296	73
297	75
298	75
299	77
300	59
301	63
302	77
303	63
304	70
305	59
306	75
307	56
308	64
309	90
310	66
311	78
312	84
313	86
314	100
315	103
316	99
317	107
318	135
319	149
320	181
321	215
322	230
323	275
324	320
325	411
326	470
327	538
328	647
329	682
330	840
331	949
332	1123
333	1260
334	1469
335	1562
336	1748
337	1899
338	2070
339	2196
340	2348
341	2421
342	2511
343	2665
344	2614
345	2692
346	2593
347	2605
348	2575
349	2379
350	2415
351	2173
352	2178
353	1998
354	1788
355	1627
356	1477
357	1342
358	1156
359	1001
360	865
361	862
362	695
363	572
364	498
365	401
366	330
367	315
368	245
369	208
370	184
371	152
372	147
373	104
374	98
375	77
376	113
377	88
378	78
379	70
380	61
381	74
382	77
383	63
384	48
385	66
386	63
387	54
388	65
389	66
390	54
391	61
392	62
393	60
394	66
395	64
396	54
397	78
398	69
399	73
400	50
401	63
402	40
403	61
404	55
405	63
406	70
407	38
408	79
409	64
410	62
411	61
412	65
413	60
414	54
415	66
416	53
417	58
418	68
419	53
420	49
421	55
422	53
423	59
424	63
425	74
426	48
427	59
428	68
429	60
430	64
431	55
432	61
433	62
434	52
435	61
436	59
437	48
438	59
439	61
440	58
441	56
442	66
443	51
444	49
445	62
446	49
447	67
448	56
449	63
450	59
451	55
452	63
453	54
454	69
455	67
456	47
457	56
458	56
459	65
460	63
461	67
462	84
463	69
464	79
465	72
466	75
467	65
468	49
469	69
470	65
471	59
472	75
473	67
474	67
475	58
476	58
477	75
478	61
479	58
480	56
481	63
482	62
483	70
484	64
485	62
486	62
487	67
488	54
489	60
490	47
491	71
492	58
493	71
494	69
495	62
496	54
497	62
498	67
499	56
500	55
501	66
502	75
503	58
504	59
505	68
506	75
507	82
508	69
509	74
510	58
511	58
512	88
513	62
514	57
515	81
516	58
517	79
518	57
519	55
520	69
521	52
522	68
523	68
524	66
525	50
526	63
527	63
528	62
529	70
530	65
531	47
532	51
533	63
534	61
535	59
536	53
537	57
538	62
539	57
540	62
541	64
542	60
543	54
544	64
545	64
546	58
547	59
548	67
549	56
550	58
551	54
552	57
553	60
554	77
555	55
556	53
557	52
558	49
559	56
560	59
561	51
562	60
563	63
564	58
565	61
566	72
567	55
568	47
569	57
570	58
571	57
572	74
573	63
574	51
575	43
576	41
577	39
578	56
579	47
580	44
581	55
582	44
583	64
584	51
585	61
586	54
587	55
588	46
589	57
590	61
591	53
592	55
593	57
594	49
595	56
596	58
597	61
598	50
599	48
600	53
601	52
602	52
603	60
604	45
605	71
606	55
607	53
608	59
609	45
610	66
611	50
612	50
613	53
614	61
615	69
616	55
617	63
618	51
619	64
620	62
621	48
622	50
623	46
624	57
625	50
626	53
627	52
628	44
629	58
630	47
631	49
632	51
633	67
634	56
635	55
636	69
637	58
638	51
639	52
640	66
641	63
642	51
643	61
644	51
645	56
646	68
647	47
648	60
649	51
650	61
651	61
652	71
653	51
654	77
655	72
656	43
657	46
658	56
659	60
660	59
661	50
662	54
663	50
664	56
665	55
666	51
667	59
668	59
669	61
670	58
671	54
672	78
673	62
674	64
675	49
676	76
677	80
678	53
679	53
680	43
681	61
682	56
683	78
684	47
685	56
686	58
687	48
688	49
689	54
690	55
691	39
692	58
693	58
694	41
695	44
696	50
697	50
698	43
699	51
700	45
701	45
702	36
703	43
704	43
705	39
706	29
707	38
708	34
709	34
710	27
711	32
712	29
713	41
714	35
715	30
716	36
717	28
718	35
719	31
720	36
721	34
722	25
723	24
724	25
725	34
726	33
727	32
728	37
729	24
730	35
731	45
732	33
733	23
734	24
735	33
736	25
737	27
738	26
739	28
740	31
741	21
742	25
743	33
744	27
745	33
746	33
747	25
748	23
749	30
750	30
751	34
752	31
753	27
754	39
755	22
756	27
757	25
758	26
759	23
760	22
761	27
762	29
763	28
764	29
765	23
766	23
767	20
768	23
769	24
770	25
771	21
772	24
773	19
774	28
775	21
776	21
777	18
778	16
779	28
780	27
781	25
782	30
783	24
784	24
785	28
786	26
787	18
788	28
789	33
790	20
791	25
792	27
793	22
794	32
795	29
796	30
797	36
798	28
799	36
800	38
801	48
802	43
803	51
804	52
805	48
806	58
807	69
808	74
809	77
810	81
811	82
812	91
813	94
814	115
815	116
816	125
817	131
818	152
819	139
820	159
821	130
822	160
823	171
824	164
825	219
826	222
827	195
828	204
829	183
830	221
831	216
832	239
833	216
834	222
835	249
836	239
837	236
838	270
839	254
840	230
841	258
842	212
843	246
844	247
845	205
846	220
847	195
848	218
849	193
850	198
851	220
852	195
853	180
854	168
855	175
856	163
857	145
858	124
859	119
860	130
861	106
862	107
863	97
864	99
865	83
866	75
867	65
868	85
869	70
870	59
871	50
872	72
873	51
874	55
875	50
876	57
877	46
878	43
879	35
880	57
881	37
882	42
883	38
884	31
885	37
886	41
887	38
888	34
889	37
890	28
891	30
892	41
893	29
894	26
895	27
896	23
897	31
898	32
899	35
900	24
901	29
902	38
903	27
904	29
905	33
906	38
907	36
908	30
909	35
910	44
911	35
912	39
913	36
914	30
915	30
916	27
917	36
918	36
919	37
920	36
921	38
922	34
923	34
924	34
925	26
926	29
927	33
928	33
929	33
930	20
931	23
932	39
933	27
934	36
935	32
936	30
937	36
938	22
939	36
940	28
941	26
942	33
943	30
944	33
945	29
946	48
947	36
948	35
949	42
950	20
951	38
952	29
953	35
954	27
955	30
956	23
957	38
958	33
959	27
960	33
961	30
962	33
963	27
964	31
965	35
966	42
967	25
968	20
969	40
970	25
971	22
972	33
973	30
974	31
975	35
976	36
977	33
978	43
979	31
980	35
981	31
982	37
983	42
984	29
985	43
986	37
987	25
988	39
989	31
990	38
991	32
992	30
993	35
994	28
995	25
996	39
997	36
998	32
999	33
1000	34
1001	34
1002	25
1003	29
1004	26
1005	31
1006	33
1007	39
1008	37
1009	28
1010	32
1011	24
1012	33
1013	20
1014	31
1015	29
1016	31
1017	33
1018	33
1019	24
1020	33
1021	29
1022	25
1023	31
1024	28
1025	26
1026	24
1027	26
1028	24
1029	21
1030	32
1031	13
1032	18
1033	18
1034	28
1035	16
1036	27
1037	27
1038	14
1039	16
1040	23
1041	24
1042	21
1043	21
1044	26
1045	23
1046	26
1047	26
1048	24
1049	26
1050	22
1051	21
1052	17
1053	16
1054	16
1055	21
1056	12
1057	13
1058	16
1059	13
1060	18
1061	15
1062	12
1063	9
1064	8
1065	19
1066	18
1067	10
1068	18
1069	12
1070	16
1071	12
1072	8
1073	16
1074	10
1075	13
1076	9
1077	9
1078	10
1079	12
1080	5
1081	12
1082	6
1083	9
1084	5
1085	6
1086	10
1087	6
1088	11
1089	5
1090	15
1091	9
1092	4
1093	6
1094	4
1095	6
1096	6
1097	9
1098	12
1099	7
1100	7
1101	4
1102	5
1103	6
1104	3
1105	7
1106	6
1107	7
1108	5
1109	6
1110	5
1111	5
1112	5
1113	5
1114	5
1115	6
1116	5
1117	5
1118	7
1119	9
1120	5
1121	3
1122	9
1123	4
1124	4
1125	6
1126	4
1127	3
1128	5
1129	1
1130	7
1131	4
1132	9
1133	4
1134	10
1135	5
1136	8
1137	8
1138	11
1139	16
1140	14
1141	18
1142	17
1143	12
1144	13
1145	17
1146	19
1147	20
1148	15
1149	24
1150	27
1151	27
1152	39
1153	28
1154	31
1155	46
1156	46
1157	48
1158	45
1159	51
1160	43
1161	42
1162	51
1163	55
1164	53
1165	62
1166	65
1167	66
1168	73
1169	70
1170	88
1171	67
1172	85
1173	88
1174	77
1175	87
1176	88
1177	101
1178	84
1179	80
1180	96
1181	79
1182	95
1183	95
1184	77
1185	87
1186	80
1187	85
1188	96
1189	78
1190	67
1191	86
1192	73
1193	67
1194	62
1195	75
1196	74
1197	83
1198	62
1199	58
1200	57
1201	51
1202	52
1203	49
1204	41
1205	39
1206	33
1207	43
1208	32
1209	27
1210	34
1211	27
1212	23
1213	34
1214	31
1215	25
1216	23
1217	27
1218	16
1219	13
1220	8
1221	18
1222	14
1223	12
1224	10
1225	11
1226	13
1227	11
1228	9
1229	8
1230	2
1231	7
1232	10
1233	9
1234	5
1235	6
1236	4
1237	6
1238	1
1239	4
1240	3
1241	3
1242	3
1243	2
1244	2
1245	2
1246	5
1247	1
1248	6
1249	2
1250	1
1251	3
1252	5
1253	4
1254	0
1255	1
1256	4
1257	2
1258	0
1259	2
1260	3
1261	1
1262	0
1263	3
1264	2
1265	3
1266	0
1267	1
1268	0
1269	0
1270	2
1271	1
1272	1
1273	1
1274	0
1275	3
1276	1
1277	2
1278	1
1279	2
1280	0
1281	1
1282	1
1283	0
1284	1
1285	0
1286	1
1287	3
1288	1
1289	0
1290	0
1291	1
1292	1
1293	0
1294	2
1295	2
1296	0
1297	2
1298	1
1299	0
1300	1
1301	0
1302	4
1303	0
1304	0
1305	1
1306	1
1307	4
1308	2
1309	2
1310	3
1311	1
1312	1
1313	1
1314	2
1315	1
1316	2
1317	2
1318	1
1319	2
1320	1
1321	1
1322	2
1323	1
1324	2
1325	1
1326	3
1327	2
1328	3
1329	3
1330	1
1331	1
1332	0
1333	1
1334	2
1335	0
1336	0
1337	1
1338	0
1339	0
1340	1
1341	4
1342	0
1343	0
1344	0
1345	2
1346	0
1347	1
1348	4
1349	2
1350	2
1351	1
1352	1
1353	3
1354	0
1355	0
1356	1
1357	0
1358	0
1359	0
1360	2
1361	0
1362	2
1363	1
1364	2
1365	0
1366	1
1367	2
1368	0
1369	1
1370	0
1371	0
1372	1
1373	0
1374	1
1375	0
1376	0
1377	0
1378	0
1379	0
1380	1
1381	0
1382	1
1383	2
1384	3
1385	0
1386	0
1387	2
1388	0
1389	2
1390	1
1391	0
1392	1
1393	0
1394	2
1395	1
1396	0
1397	0
1398	2
1399	1
1400	1
1401	0
1402	0
1403	0
1404	0
1405	2
1406	0
1407	1
1408	2
1409	2
1410	0
1411	1
1412	0
1413	0
1414	0
1415	1
1416	2
1417	0
1418	1
1419	0
1420	0
1421	0
1422	1
1423	0
1424	0
1425	2
1426	0
1427	1
1428	0
1429	1
1430	1
1431	0
1432	0
1433	2
1434	1
1435	3
1436	0
1437	0
1438	2
1439	1
1440	2
1441	0
1442	1
1443	1
1444	1
1445	2
1446	0
1447	1
1448	2
1449	0
1450	1
1451	0
1452	0
1453	0
1454	1
1455	0
1456	0
1457	0
1458	1
1459	1
1460	0
1461	0
1462	0
1463	0
1464	0
1465	0
1466	0
1467	0
1468	1
1469	0
1470	0
1471	1
1472	1
1473	1
1474	0
1475	1
1476	1
1477	0
1478	0
1479	0
1480	0
1481	0
1482	0
1483	0
1484	1
1485	0
1486	1
1487	0
1488	0
1489	1
1490	0
1491	1
1492	0
1493	0
1494	0
1495	0
1496	0
1497	1
1498	1
1499	1
1500	1
1501	0
1502	1
1503	0
1504	1
1505	0
1506	0
1507	4
1508	0
1509	2
1510	0
1511	0
1512	0
1513	0
1514	1
1515	0
1516	0
1517	0
1518	2
1519	0
1520	0
1521	1
1522	1
1523	0
1524	0
1525	1
1526	1
1527	0
1528	0
1529	1
1530	1
1531	0
1532	1
1533	0
1534	0
1535	1
1536	1
1537	1
1538	0
1539	0
1540	0
1541	0
1542	0
1543	1
1544	0
1545	0
1546	1
1547	1
1548	0
1549	0
1550	0
1551	0
1552	0
1553	0
1554	0
1555	0
1556	1
1557	1
1558	1
1559	1
1560	0
1561	0
1562	0
1563	0
1564	0
1565	0
1566	0
1567	0
1568	0
1569	0
1570	1
1571	0
1572	1
1573	0
1574	1
1575	0
1576	0
1577	0
1578	1
1579	0
1580	0
1581	0
1582	1
1583	0
1584	0
1585	1
1586	0
1587	0
1588	1
1589	0
1590	0
1591	0
1592	0
1593	0
1594	0
1595	0
1596	0
1597	0
1598	0
1599	0
1600	0
1601	1
1602	0
1603	0
1604	0
1605	0
1606	1
1607	0
1608	0
1609	0
1610	0
1611	0
1612	0
1613	0
1614	0
1615	1
1616	1
1617	0
1618	0
1619	0
1620	1
1621	0
1622	1
1623	0
1624	2
1625	0
1626	0
1627	0
1628	0
1629	0
1630	0
1631	0
1632	0
1633	0
1634	0
1635	0
1636	0
1637	0
1638	1
1639	0
1640	0
1641	0
1642	0
1643	0
1644	0
1645	0
1646	0
1647	0
1648	0
1649	0
1650	0
1651	0
1652	0
1653	1
1654	0
1655	0
1656	0
1657	0
1658	0
1659	0
1660	0
1661	0
1662	0
1663	0
1664	0
1665	0
1666	0
1667	0
1668	0
1669	0
1670	1
1671	0
1672	0
1673	0
1674	0
1675	0
1676	0
1677	0
1678	0
1679	0
1680	0
1681	1
1682	0
1683	0
1684	0
1685	0
1686	1
1687	0
1688	0
1689	0
1690	0
1691	0
1692	0
1693	1
1694	0
1695	0
1696	0
1697	0
1698	0
1699	0
1700	0
1701	0
1702	1
1703	0
1704	0
1705	1
1706	0
1707	0
1708	0
1709	0
1710	0
1711	0
1712	0
1713	0
1714	0
1715	0
1716	0
1717	0
1718	0
1719	0
1720	0
1721	0
1722	0
1723	0
1724	0
1725	0
1726	0
1727	0
1728	0
1729	0
1730	0
1731	0
1732	1
1733	0
1734	0
1735	0
1736	0
1737	0
1738	0
1739	0
1740	0
1741	0
1742	0
1743	0
1744	0
1745	0
1746	1
1747	0
1748	1
1749	0
1750	0
1751	0
1752	0
1753	0
1754	0
1755	0
1756	0
1757	0
1758	0
1759	0
1760	0
1761	0
1762	0
1763	1
1764	1
1765	0
1766	0
1767	1
1768	0
1769	2
1770	0
1771	0
1772	0
1773	0
1774	0
1775	0
1776	0
1777	0
1778	0
1779	1
1780	0
1781	0
1782	0
1783	0
1784	0
1785	0
1786	1
1787	0
1788	0
1789	0
1790	0
1791	0
1792	0
1793	1
1794	1
1795	0
1796	0
1797	0
1798	0
1799	0
1800	0
1801	0
1802	0
1803	0
1804	0
1805	0
1806	0
1807	0
1808	0
1809	0
1810	0
1811	0
1812	0
1813	0
1814	0
1815	0
1816	0
1817	1
1818	1
1819	0
1820	0
1821	0
1822	0
1823	0
1824	0
1825	0
1826	0
1827	0
1828	0
1829	0
1830	0
1831	0
1832	0
1833	0
1834	0
1835	0
1836	0
1837	0
1838	0
1839	0
1840	0
1841	0
1842	1
1843	0
1844	0
1845	0
1846	2
1847	0
1848	0
1849	0
1850	0
1851	0
1852	0
1853	1
1854	0
1855	0
1856	0
1857	0
1858	0
1859	0
1860	0
1861	0
1862	0
1863	0
1864	0
1865	0
1866	0
1867	0
1868	0
1869	0
1870	0
1871	0
1872	0
1873	0
1874	0
1875	0
1876	0
1877	0
1878	0
1879	0
1880	0
1881	1
1882	0
1883	0
1884	0
1885	0
1886	0
1887	0
1888	0
1889	0
1890	0
1891	0
1892	0
1893	0
1894	0
1895	0
1896	0
1897	0
1898	0
1899	1
1900	0
1901	0
1902	0
1903	0
1904	0
1905	0
1906	0
1907	0
1908	0
1909	0
1910	0
1911	0
1912	0
1913	0
1914	0
1915	0
1916	0
1917	0
1918	0
1919	0
1920	0
1921	0
1922	0
1923	0
1924	0
1925	1
1926	0
1927	0
1928	0
1929	0
1930	0
1931	0
1932	0
1933	0
1934	0
1935	0
1936	0
1937	0
1938	0
1939	0
1940	1
1941	1
1942	0
1943	0
1944	0
1945	0
1946	0
1947	0
1948	0
1949	0
1950	0
1951	0
1952	0
1953	0
1954	0
1955	0
1956	0
1957	0
1958	0
1959	0
1960	0
1961	0
1962	0
1963	0
1964	1
1965	0
1966	0
1967	0
1968	0
1969	0
1970	1
1971	0
1972	0
1973	1
1974	0
1975	0
1976	1
1977	0
1978	0
1979	0
1980	0
1981	0
1982	0
1983	0
1984	0
1985	0
1986	1
1987	0
1988	0
1989	0
1990	0
1991	0
1992	0
1993	1
1994	0
1995	0
1996	0
1997	0
1998	0
1999	0
2000	0
2001	0
2002	0
2003	0
2004	0
2005	0
2006	0
2007	0
2008	0
2009	0
2010	0
2011	0
2012	0
2013	0
2014	0
2015	0
2016	0
2017	0
2018	0
2019	0
2020	0
2021	0
2022	0
2023	0
2024	0
2025	0
2026	0
2027	0
2028	0
2029	0
2030	0
2031	0
2032	0
2033	0
2034	0
2035	0
2036	0
2037	0
2038	0
2039	0
2040	0
2041	0
2042	0
2043	0
2044	0
2045	0
2046	0
2047	0
