0	0
1	0
2	0
3	0
4	0
5	0
6	0
7	0
8	0
9	0
10	264
11	666
12	626
13	646
14	699
15	688
16	654
17	706
18	745
19	815
20	1004
21	1378
22	2075
23	3423
24	4833
25	5977
26	6264
27	5619
28	4327
29	3038
30	2117
31	1459
32	1139
33	962
34	801
35	747
36	734
37	705
38	793
39	663
40	695
41	701
42	748
43	760
44	742
45	740
46	729
47	743
48	767
49	661
50	700
51	753
52	741
53	681
54	688
55	671
56	709
57	672
58	664
59	695
60	710
61	736
62	703
63	676
64	712
65	726
66	717
67	709
68	691
69	670
70	658
71	661
72	722
73	675
74	679
75	651
76	681
77	711
78	682
79	737
80	713
81	670
82	705
83	679
84	675
85	714
86	664
87	678
88	705
89	667
90	655
91	677
92	613
93	707
94	691
95	714
96	658
97	700
98	652
99	728
100	622
101	672
102	664
103	646
104	663
105	676
106	707
107	656
108	698
109	712
110	662
111	705
112	724
113	669
114	730
115	741
116	687
117	704
118	681
119	707
120	712
121	712
122	707
123	718
124	722
125	757
126	726
127	799
128	779
129	841
130	814
131	818
132	833
133	840
134	833
135	872
136	874
137	848
138	883
139	910
140	858
141	850
142	902
143	853
144	876
145	906
146	920
147	822
148	839
149	818
150	872
151	805
152	808
153	792
154	763
155	824
156	846
157	793
158	785
159	802
160	791
161	762
162	814
163	810
164	765
165	761
166	750
167	767
168	761
169	806
170	752
171	729
172	744
173	776
174	718
175	752
176	752
177	694
178	778
179	728
180	673
181	737
182	743
183	715
184	721
185	739
186	713
187	665
188	712
189	702
190	699
191	652
192	715
193	699
194	652
195	662
196	683
197	682
198	666
199	679
200	664
201	681
202	640
203	664
204	617
205	642
206	649
207	616
208	642
209	676
210	631
211	621
212	629
213	638
214	645
215	606
216	643
217	620
218	673
219	679
220	624
221	597
222	632
223	664
224	637
225	645
226	614
227	649
228	629
229	632
230	620
231	591
232	636
233	627
234	655
235	614
236	646
237	572
238	619
239	610
240	648
241	614
242	621
243	613
244	671
245	568
246	588
247	586
248	558
249	599
250	616
251	599
252	630
253	614
254	676
255	627
256	632
257	653
258	597
259	568
260	638
261	615
262	618
263	657
264	615
265	663
266	562
267	596
268	633
269	600
270	591
271	645
272	628
273	573
274	606
275	632
276	596
277	606
278	624
279	648
280	598
281	588
282	612
283	612
284	616
285	586
286	563
287	579
288	663
289	625
290	591
291	617
292	603
293	597
294	583
295	632
296	582
297	632
298	618
299	581
300	613
301	566
302	579
303	561
304	602
305	627
306	516
307	521
308	566
309	555
310	583
311	524
312	466
313	513
314	473
315	483
316	461
317	480
318	458
319	413
320	379
321	402
322	403
323	340
324	336
325	306
326	309
327	274
328	279
329	297
330	261
331	257
332	216
333	242
334	211
335	218
336	199
337	180
338	194
339	166
340	165
341	143
342	161
343	149
344	138
345	131
346	149
347	137
348	133
349	143
350	157
351	129
352	109
353	123
354	107
355	133
356	114
357	108
358	105
359	87
360	103
361	98
362	92
363	109
364	94
365	111
366	105
367	94
368	87
369	102
370	94
371	87
372	82
373	101
374	97
375	105
376	78
377	95
378	78
379	88
380	83
381	77
382	93
383	66
384	80
385	84
386	81
387	80
388	89
389	98
390	101
391	78
392	96
393	94
394	116
395	109
396	138
397	93
398	128
399	132
400	135
401	168
402	165
403	187
404	200
405	219
406	260
407	282
408	330
409	342
410	397
411	425
412	483
413	565
414	530
415	657
416	734
417	817
418	903
419	990
420	1157
421	1238
422	1399
423	1521
424	1599
425	1810
426	1918
427	2074
428	2168
429	2361
430	2542
431	2670
432	2903
433	3001
434	3011
435	3256
436	3503
437	3530
438	3575
439	3833
440	3796
441	3989
442	4018
443	4076
444	4115
445	4069
446	4161
447	4121
448	4078
449	4040
450	3746
451	3713
452	3595
453	3388
454	3408
455	3257
456	3145
457	2936
458	2775
459	2577
460	2423
461	2182
462	2027
463	1853
464	1750
465	1569
466	1425
467	1235
468	1117
469	1040
470	866
471	804
472	763
473	629
474	582
475	483
476	398
477	378
478	335
479	267
480	224
481	206
482	174
483	134
484	111
485	95
486	84
487	70
488	83
489	45
490	47
491	45
492	32
493	25
494	30
495	19
496	22
497	13
498	19
499	28
500	12
501	7
502	9
503	11
504	10
505	9
506	11
507	24
508	15
509	16
510	21
511	10
512	18
513	7
514	14
515	11
516	12
517	13
518	7
519	14
520	11
521	13
522	11
523	7
524	8
525	11
526	10
527	10
528	8
529	11
530	12
531	6
532	7
533	11
534	6
535	8
536	14
537	7
538	10
539	10
540	15
541	16
542	8
543	10
544	14
545	8
546	4
547	8
548	7
549	11
550	10
551	5
552	12
553	8
554	11
555	5
556	8
557	12
558	9
559	9
560	7
561	15
562	9
563	10
564	11
565	2
566	5
567	8
568	8
569	4
570	7
571	7
572	14
573	3
574	12
575	9
576	12
577	10
578	4
579	4
580	5
581	4
582	6
583	2
584	8
585	7
586	5
587	6
588	8
589	4
590	4
591	8
592	9
593	6
594	5
595	8
596	7
597	2
598	4
599	5
600	9
601	0
602	5
603	8
604	9
605	4
606	5
607	3
608	5
609	3
610	7
611	6
612	9
613	7
614	7
615	6
616	7
617	7
618	8
619	3
620	3
621	4
622	4
623	6
624	9
625	2
626	7
627	8
628	8
629	9
630	3
631	4
632	5
633	8
634	7
635	7
636	3
637	3
638	7
639	6
640	4
641	3
642	6
643	2
644	5
645	4
646	4
647	6
648	1
649	4
650	4
651	3
652	4
653	5
654	5
655	5
656	4
657	8
658	2
659	5
660	0
661	2
662	5
663	6
664	7
665	3
666	5
667	7
668	4
669	5
670	2
671	7
672	2
673	6
674	4
675	3
676	3
677	7
678	4
679	4
680	6
681	5
682	1
683	2
684	6
685	2
686	3
687	2
688	2
689	3
690	4
691	7
692	2
693	4
694	9
695	2
696	3
697	1
698	4
699	4
700	4
701	5
702	4
703	3
704	4
705	4
706	3
707	2
708	1
709	3
710	6
711	1
712	2
713	5
714	5
715	4
716	4
717	4
718	3
719	3
720	4
721	3
722	1
723	3
724	0
725	1
726	4
727	1
728	4
729	0
730	2
731	4
732	3
733	5
734	6
735	2
736	7
737	2
738	4
739	2
740	1
741	0
742	3
743	4
744	4
745	3
746	2
747	1
748	0
749	6
750	3
751	4
752	4
753	4
754	2
755	3
756	1
757	3
758	1
759	4
760	3
761	3
762	0
763	0
764	4
765	1
766	3
767	2
768	2
769	0
770	3
771	3
772	1
773	2
774	3
775	2
776	6
777	2
778	2
779	3
780	1
781	5
782	1
783	1
784	0
785	1
786	2
787	1
788	2
789	6
790	4
791	3
792	3
793	1
794	2
795	4
796	2
797	3
798	1
799	5
800	2
801	3
802	1
803	1
804	3
805	2
806	0
807	0
808	0
809	2
810	4
811	3
812	1
813	4
814	1
815	4
816	2
817	5
818	1
819	4
820	0
821	2
822	3
823	2
824	2
825	2
826	0
827	0
828	2
829	3
830	2
831	1
832	2
833	0
834	0
835	4
836	2
837	3
838	1
839	1
840	4
841	4
842	3
843	1
844	6
845	0
846	3
847	1
848	1
849	2
850	0
851	5
852	1
853	2
854	2
855	3
856	2
857	2
858	4
859	2
860	1
861	3
862	4
863	3
864	1
865	5
866	3
867	3
868	2
869	1
870	3
871	6
872	2
873	2
874	4
875	0
876	2
877	2
878	6
879	4
880	2
881	3
882	2
883	1
884	0
885	5
886	1
887	1
888	2
889	2
890	1
891	3
892	1
893	2
894	4
895	1
896	2
897	2
898	1
899	1
900	2
901	2
902	3
903	0
904	4
905	1
906	0
907	2
908	0
909	1
910	1
911	3
912	2
913	2
914	0
915	0
916	2
917	2
918	0
919	1
920	1
921	0
922	1
923	0
924	0
925	0
926	0
927	0
928	0
929	0
930	0
931	0
932	0
933	0
934	0
935	0
936	0
937	0
938	0
939	0
940	0
941	0
942	0
943	1
944	0
945	0
946	0
947	0
948	0
949	0
950	0
951	0
952	0
953	1
954	0
955	0
956	0
957	0
958	0
959	0
960	0
961	0
962	0
963	0
964	0
965	0
966	0
967	0
968	0
969	0
970	0
971	0
972	0
973	0
974	1
975	0
976	0
977	0
978	0
979	0
980	0
981	0
982	0
983	0
984	0
985	0
986	0
987	0
988	0
989	0
990	0
991	0
992	0
993	0
994	0
995	0
996	0
997	0
998	0
999	0
1000	0
1001	0
1002	0
1003	0
1004	0
1005	0
1006	0
1007	0
1008	0
1009	0
1010	0
1011	0
1012	0
1013	1
1014	0
1015	0
1016	0
1017	0
1018	0
1019	0
1020	0
1021	0
1022	0
1023	0
1024	0
1025	0
1026	0
1027	0
1028	0
1029	0
1030	0
1031	0
1032	0
1033	0
1034	0
1035	0
1036	0
1037	0
1038	0
1039	0
1040	0
1041	0
1042	0
1043	0
1044	0
1045	0
1046	0
1047	0
1048	0
1049	0
1050	0
1051	0
1052	0
1053	0
1054	0
1055	0
1056	0
1057	0
1058	0
1059	0
1060	0
1061	0
1062	0
1063	0
1064	0
1065	0
1066	0
1067	0
1068	0
1069	0
1070	0
1071	0
1072	0
1073	0
1074	0
1075	0
1076	0
1077	0
1078	0
1079	0
1080	0
1081	0
1082	0
1083	0
1084	0
1085	0
1086	0
1087	0
1088	0
1089	0
1090	0
1091	0
1092	0
1093	0
1094	0
1095	0
1096	0
1097	0
1098	0
1099	0
1100	0
1101	0
1102	0
1103	0
1104	0
1105	0
1106	0
1107	0
1108	0
1109	0
1110	0
1111	0
1112	0
1113	1
1114	0
1115	0
1116	0
1117	0
1118	0
1119	0
1120	0
1121	0
1122	0
1123	0
1124	0
1125	0
1126	0
1127	0
1128	0
1129	0
1130	0
1131	0
1132	0
1133	1
1134	0
1135	0
1136	0
1137	0
1138	0
1139	0
1140	0
1141	0
1142	0
1143	0
1144	0
1145	0
1146	0
1147	0
1148	0
1149	0
1150	0
1151	0
1152	0
1153	0
1154	0
1155	0
1156	0
1157	0
1158	0
1159	0
1160	0
1161	0
1162	0
1163	0
1164	0
1165	0
1166	0
1167	0
1168	0
1169	0
1170	0
1171	0
1172	0
1173	0
1174	0
1175	0
1176	0
1177	0
1178	0
1179	0
1180	0
1181	0
1182	0
1183	0
1184	0
1185	0
1186	0
1187	0
1188	0
1189	0
1190	0
1191	0
1192	0
1193	0
1194	0
1195	0
1196	0
1197	0
1198	0
1199	0
1200	0
1201	0
1202	0
1203	0
1204	0
1205	0
1206	0
1207	0
1208	0
1209	0
1210	0
1211	0
1212	0
1213	0
1214	0
1215	0
1216	0
1217	0
1218	0
1219	0
1220	0
1221	0
1222	0
1223	0
1224	0
1225	0
1226	0
1227	0
1228	0
1229	0
1230	0
1231	0
1232	0
1233	0
1234	0
1235	0
1236	0
1237	0
1238	0
1239	0
1240	0
1241	0
1242	0
1243	0
1244	0
1245	0
1246	0
1247	0
1248	0
1249	0
1250	0
1251	0
1252	0
1253	0
1254	0
1255	0
1256	0
1257	0
1258	0
1259	0
1260	0
1261	0
1262	0
1263	0
1264	0
1265	0
1266	0
1267	0
1268	0
1269	0
1270	0
1271	0
1272	0
1273	0
1274	0
1275	0
1276	0
1277	0
1278	0
1279	0
1280	0
1281	0
1282	1
1283	0
1284	0
1285	0
1286	0
1287	0
1288	0
1289	0
1290	0
1291	0
1292	0
1293	0
1294	0
1295	0
1296	0
1297	0
1298	0
1299	0
1300	0
1301	0
1302	0
1303	0
1304	0
1305	0
1306	0
1307	0
1308	0
1309	0
1310	0
1311	0
1312	0
1313	0
1314	0
1315	0
1316	0
1317	0
1318	0
1319	0
1320	0
1321	0
1322	0
1323	0
1324	0
1325	0
1326	0
1327	0
1328	0
1329	0
1330	0
1331	0
1332	0
1333	0
1334	0
1335	0
1336	0
1337	0
1338	0
1339	0
1340	0
1341	0
1342	0
1343	0
1344	0
1345	0
1346	0
1347	0
1348	0
1349	0
1350	0
1351	0
1352	0
1353	0
1354	0
1355	0
1356	0
1357	0
1358	0
1359	0
1360	0
1361	0
1362	0
1363	0
1364	0
1365	0
1366	0
1367	0
1368	0
1369	0
1370	0
1371	0
1372	0
1373	0
1374	0
1375	0
1376	0
1377	0
1378	0
1379	0
1380	0
1381	0
1382	0
1383	0
1384	0
1385	1
1386	0
1387	0
1388	0
1389	0
1390	0
1391	0
1392	0
1393	0
1394	0
1395	0
1396	0
1397	0
1398	0
1399	0
1400	0
1401	0
1402	0
1403	0
1404	0
1405	0
1406	0
1407	0
1408	0
1409	0
1410	0
1411	0
1412	0
1413	0
1414	0
1415	0
1416	0
1417	0
1418	0
1419	0
1420	0
1421	0
1422	0
1423	0
1424	0
1425	0
1426	0
1427	0
1428	0
1429	0
1430	0
1431	0
1432	0
1433	0
1434	0
1435	0
1436	0
1437	0
1438	0
1439	0
1440	0
1441	0
1442	0
1443	0
1444	0
1445	0
1446	0
1447	0
1448	0
1449	0
1450	0
1451	0
1452	0
1453	0
1454	0
1455	0
1456	0
1457	0
1458	0
1459	0
1460	0
1461	0
1462	0
1463	0
1464	0
1465	0
1466	0
1467	0
1468	0
1469	0
1470	0
1471	0
1472	0
1473	0
1474	0
1475	0
1476	0
1477	0
1478	0
1479	0
1480	0
1481	0
1482	0
1483	0
1484	0
1485	0
1486	0
1487	0
1488	0
1489	0
1490	0
1491	0
1492	0
1493	0
1494	0
1495	0
1496	0
1497	0
1498	0
1499	0
1500	0
1501	0
1502	0
1503	0
1504	0
1505	0
1506	0
1507	0
1508	0
1509	0
1510	0
1511	0
1512	0
1513	0
1514	0
1515	0
1516	0
1517	0
1518	0
1519	0
1520	0
1521	0
1522	0
1523	0
1524	0
1525	0
1526	0
1527	0
1528	0
1529	0
1530	0
1531	1
1532	0
1533	0
1534	0
1535	0
1536	0
1537	0
1538	0
1539	0
1540	0
1541	0
1542	0
1543	0
1544	0
1545	0
1546	0
1547	0
1548	0
1549	0
1550	0
1551	0
1552	0
1553	0
1554	0
1555	0
1556	0
1557	0
1558	0
1559	0
1560	0
1561	0
1562	0
1563	0
1564	0
1565	0
1566	0
1567	0
1568	0
1569	0
1570	0
1571	0
1572	0
1573	0
1574	0
1575	0
1576	0
1577	0
1578	0
1579	0
1580	0
1581	0
1582	0
1583	0
1584	0
1585	0
1586	0
1587	0
1588	0
1589	0
1590	0
1591	0
1592	0
1593	0
1594	0
1595	0
1596	0
1597	0
1598	0
1599	0
1600	0
1601	0
1602	0
1603	0
1604	0
1605	0
1606	0
1607	0
1608	0
1609	0
1610	0
1611	0
1612	0
1613	0
1614	0
1615	0
1616	0
1617	0
1618	0
1619	0
1620	0
1621	0
1622	0
1623	0
1624	0
1625	0
1626	0
1627	0
1628	0
1629	0
1630	0
1631	0
1632	0
1633	0
1634	0
1635	0
1636	0
1637	0
1638	0
1639	0
1640	0
1641	0
1642	0
1643	0
1644	0
1645	0
1646	0
1647	0
1648	0
1649	1
1650	0
1651	0
1652	0
1653	0
1654	0
1655	0
1656	0
1657	0
1658	0
1659	0
1660	0
1661	0
1662	1
1663	0
1664	0
1665	0
1666	0
1667	0
1668	0
1669	0
1670	0
1671	0
1672	0
1673	0
1674	1
1675	0
1676	0
1677	0
1678	0
1679	0
1680	0
1681	0
1682	0
1683	0
1684	0
1685	0
1686	0
1687	0
1688	0
1689	0
1690	0
1691	0
1692	0
1693	0
1694	0
1695	0
1696	0
1697	0
1698	0
1699	0
1700	0
1701	0
1702	0
1703	0
1704	0
1705	0
1706	0
1707	0
1708	0
1709	0
1710	0
1711	0
1712	0
1713	0
1714	0
1715	1
1716	0
1717	0
1718	0
1719	0
1720	0
1721	0
1722	0
1723	0
1724	0
1725	0
1726	0
1727	0
1728	0
1729	0
1730	0
1731	0
1732	0
1733	0
1734	0
1735	0
1736	0
1737	0
1738	0
1739	0
1740	0
1741	0
1742	0
1743	0
1744	0
1745	0
1746	0
1747	0
1748	0
1749	0
1750	0
1751	0
1752	0
1753	0
1754	0
1755	0
1756	0
1757	0
1758	0
1759	0
1760	0
1761	0
1762	0
1763	0
1764	0
1765	0
1766	0
1767	0
1768	0
1769	0
1770	0
1771	0
1772	0
1773	0
1774	0
1775	0
1776	0
1777	0
1778	0
1779	0
1780	0
1781	0
1782	0
1783	0
1784	0
1785	0
1786	0
1787	0
1788	0
1789	0
1790	0
1791	0
1792	0
1793	0
1794	0
1795	0
1796	0
1797	0
1798	0
1799	0
1800	0
1801	0
1802	0
1803	0
1804	0
1805	0
1806	0
1807	0
1808	0
1809	0
1810	0
1811	0
1812	0
1813	0
1814	0
1815	0
1816	0
1817	0
1818	0
1819	0
1820	0
1821	0
1822	0
1823	0
1824	0
1825	0
1826	0
1827	0
1828	0
1829	0
1830	0
1831	0
1832	0
1833	0
1834	0
1835	0
1836	0
1837	0
1838	0
1839	0
1840	0
1841	0
1842	0
1843	0
1844	0
1845	0
1846	0
1847	0
1848	0
1849	0
1850	0
1851	0
1852	0
1853	0
1854	0
1855	0
1856	0
1857	0
1858	0
1859	0
1860	0
1861	0
1862	0
1863	0
1864	0
1865	0
1866	0
1867	0
1868	0
1869	0
1870	0
1871	0
1872	0
1873	0
1874	0
1875	0
1876	0
1877	0
1878	0
1879	0
1880	0
1881	0
1882	0
1883	1
1884	0
1885	0
1886	0
1887	0
1888	0
1889	0
1890	0
1891	0
1892	0
1893	0
1894	0
1895	0
1896	0
1897	0
1898	0
1899	0
1900	0
1901	0
1902	0
1903	0
1904	0
1905	0
1906	0
1907	0
1908	0
1909	0
1910	0
1911	0
1912	0
1913	0
1914	0
1915	0
1916	0
1917	0
1918	0
1919	0
1920	0
1921	0
1922	0
1923	0
1924	0
1925	0
1926	0
1927	0
1928	0
1929	0
1930	0
1931	0
1932	0
1933	0
1934	0
1935	0
1936	0
1937	0
1938	0
1939	0
1940	0
1941	0
1942	0
1943	0
1944	0
1945	0
1946	0
1947	0
1948	0
1949	0
1950	0
1951	0
1952	0
1953	0
1954	0
1955	0
1956	0
1957	0
1958	0
1959	0
1960	0
1961	0
1962	0
1963	0
1964	0
1965	0
1966	0
1967	0
1968	0
1969	0
1970	0
1971	0
1972	0
1973	0
1974	0
1975	0
1976	0
1977	0
1978	0
1979	0
1980	0
1981	0
1982	0
1983	0
1984	0
1985	0
1986	0
1987	0
1988	0
1989	0
1990	0
1991	0
1992	0
1993	0
1994	0
1995	0
1996	0
1997	0
1998	0
1999	0
2000	0
2001	0
2002	0
2003	0
2004	0
2005	0
2006	0
2007	0
2008	0
2009	0
2010	0
2011	0
2012	0
2013	0
2014	0
2015	0
2016	0
2017	0
2018	0
2019	0
2020	0
2021	0
2022	0
2023	0
2024	0
2025	0
2026	0
2027	0
2028	0
2029	0
2030	0
2031	0
2032	0
2033	0
2034	0
2035	0
2036	0
2037	0
2038	0
2039	0
2040	0
2041	0
2042	0
2043	0
2044	0
2045	0
2046	0
2047	0
