0	0
1	0
2	0
3	0
4	0
5	0
6	0
7	0
8	0
9	0
10	123
11	300
12	309
13	313
14	315
15	303
16	316
17	295
18	310
19	303
20	301
21	328
22	325
23	322
24	322
25	327
26	327
27	322
28	332
29	310
30	336
31	321
32	292
33	351
34	322
35	343
36	353
37	321
38	328
39	323
40	331
41	346
42	345
43	340
44	310
45	342
46	307
47	326
48	326
49	334
50	332
51	346
52	320
53	328
54	327
55	329
56	306
57	318
58	300
59	312
60	320
61	344
62	340
63	336
64	326
65	344
66	328
67	357
68	336
69	332
70	329
71	322
72	312
73	343
74	312
75	325
76	315
77	320
78	311
79	311
80	318
81	329
82	306
83	314
84	297
85	275
86	303
87	318
88	306
89	310
90	324
91	290
92	311
93	327
94	343
95	341
96	291
97	300
98	298
99	309
100	324
101	334
102	330
103	294
104	312
105	276
106	288
107	291
108	307
109	325
110	328
111	309
112	314
113	284
114	310
115	332
116	323
117	364
118	339
119	363
120	296
121	332
122	360
123	345
124	326
125	376
126	377
127	373
128	372
129	402
130	356
131	341
132	375
133	396
134	362
135	398
136	381
137	360
138	382
139	369
140	351
141	378
142	371
143	336
144	407
145	326
146	395
147	355
148	395
149	319
150	383
151	337
152	345
153	322
154	356
155	382
156	354
157	325
158	351
159	390
160	331
161	336
162	345
163	330
164	299
165	337
166	324
167	312
168	319
169	323
170	350
171	325
172	314
173	297
174	319
175	341
176	312
177	331
178	326
179	304
180	312
181	313
182	311
183	319
184	302
185	334
186	310
187	306
188	327
189	325
190	330
191	309
192	274
193	329
194	312
195	283
196	295
197	324
198	287
199	283
200	301
201	300
202	315
203	291
204	296
205	304
206	323
207	314
208	320
209	331
210	302
211	318
212	303
213	300
214	299
215	303
216	319
217	319
218	266
219	300
220	301
221	328
222	264
223	258
224	304
225	250
226	236
227	238
228	221
229	239
230	211
231	203
232	246
233	226
234	188
235	176
236	182
237	191
238	166
239	180
240	178
241	174
242	152
243	160
244	170
245	129
246	145
247	146
248	119
249	156
250	127
251	121
252	133
253	126
254	139
255	119
256	127
257	132
258	123
259	117
260	124
261	102
262	112
263	113
264	90
265	110
266	114
267	99
268	111
269	102
270	100
271	90
272	104
273	105
274	97
275	97
276	97
277	135
278	97
279	100
280	109
281	103
282	108
283	86
284	89
285	86
286	96
287	92
288	102
289	101
290	111
291	99
292	84
293	104
294	94
295	105
296	99
297	100
298	124
299	122
300	107
301	117
302	115
303	117
304	116
305	124
306	120
307	123
308	139
309	126
310	139
311	170
312	174
313	173
314	179
315	231
316	238
317	265
318	279
319	341
320	353
321	405
322	471
323	468
324	582
325	598
326	688
327	701
328	779
329	901
330	943
331	1040
332	1206
333	1229
334	1295
335	1393
336	1555
337	1613
338	1659
339	1772
340	1907
341	1959
342	2076
343	2027
344	2073
345	2216
346	2242
347	2188
348	2250
349	2225
350	2121
351	2102
352	2020
353	1963
354	1868
355	1805
356	1655
357	1608
358	1526
359	1447
360	1313
361	1206
362	1100
363	965
364	911
365	760
366	688
367	639
368	536
369	482
370	395
371	400
372	345
373	279
374	243
375	215
376	189
377	187
378	153
379	140
380	137
381	111
382	115
383	102
384	78
385	82
386	87
387	93
388	78
389	83
390	88
391	81
392	74
393	76
394	63
395	82
396	68
397	73
398	86
399	56
400	64
401	74
402	81
403	66
404	71
405	68
406	69
407	69
408	67
409	74
410	83
411	73
412	81
413	61
414	58
415	74
416	67
417	64
418	74
419	65
420	66
421	78
422	62
423	83
424	62
425	90
426	76
427	79
428	70
429	63
430	77
431	75
432	57
433	69
434	63
435	67
436	86
437	90
438	64
439	57
440	64
441	84
442	62
443	77
444	53
445	60
446	75
447	72
448	61
449	82
450	93
451	77
452	75
453	71
454	69
455	72
456	71
457	73
458	77
459	75
460	70
461	79
462	75
463	81
464	88
465	75
466	78
467	77
468	75
469	69
470	97
471	59
472	70
473	90
474	99
475	73
476	71
477	77
478	72
479	72
480	77
481	82
482	66
483	104
484	72
485	86
486	69
487	66
488	84
489	97
490	84
491	73
492	81
493	77
494	68
495	76
496	85
497	71
498	91
499	100
500	83
501	75
502	90
503	90
504	80
505	82
506	78
507	77
508	76
509	83
510	77
511	71
512	78
513	75
514	91
515	81
516	89
517	70
518	102
519	85
520	84
521	86
522	66
523	80
524	81
525	66
526	83
527	65
528	73
529	64
530	77
531	79
532	73
533	68
534	70
535	80
536	65
537	67
538	91
539	72
540	71
541	70
542	76
543	78
544	65
545	76
546	57
547	82
548	62
549	90
550	69
551	81
552	76
553	68
554	84
555	80
556	72
557	79
558	68
559	85
560	66
561	79
562	90
563	74
564	65
565	64
566	81
567	80
568	69
569	72
570	73
571	68
572	74
573	68
574	82
575	78
576	92
577	68
578	66
579	84
580	64
581	76
582	71
583	70
584	82
585	72
586	68
587	61
588	79
589	79
590	64
591	83
592	70
593	64
594	70
595	73
596	62
597	72
598	79
599	69
600	74
601	93
602	80
603	82
604	61
605	61
606	71
607	65
608	75
609	74
610	69
611	66
612	74
613	83
614	66
615	75
616	56
617	66
618	80
619	82
620	71
621	61
622	72
623	53
624	72
625	84
626	76
627	70
628	78
629	74
630	71
631	87
632	57
633	82
634	79
635	75
636	70
637	74
638	70
639	68
640	71
641	79
642	99
643	70
644	87
645	58
646	66
647	71
648	83
649	76
650	63
651	70
652	75
653	71
654	69
655	78
656	81
657	63
658	85
659	76
660	70
661	55
662	82
663	76
664	83
665	72
666	69
667	82
668	71
669	86
670	76
671	71
672	73
673	62
674	68
675	61
676	65
677	78
678	68
679	64
680	62
681	65
682	76
683	63
684	56
685	75
686	62
687	70
688	77
689	68
690	52
691	63
692	70
693	67
694	63
695	62
696	65
697	67
698	49
699	53
700	67
701	59
702	70
703	59
704	54
705	66
706	43
707	50
708	66
709	74
710	54
711	45
712	42
713	44
714	44
715	55
716	41
717	51
718	45
719	45
720	54
721	28
722	52
723	50
724	48
725	54
726	40
727	57
728	40
729	55
730	38
731	35
732	44
733	34
734	43
735	34
736	40
737	36
738	38
739	36
740	42
741	47
742	42
743	35
744	28
745	51
746	44
747	45
748	38
749	35
750	40
751	39
752	42
753	42
754	38
755	35
756	35
757	28
758	43
759	34
760	28
761	41
762	32
763	25
764	40
765	39
766	33
767	38
768	32
769	30
770	31
771	30
772	41
773	35
774	31
775	44
776	37
777	38
778	43
779	38
780	37
781	47
782	32
783	37
784	52
785	48
786	54
787	51
788	49
789	40
790	65
791	46
792	49
793	57
794	48
795	45
796	58
797	72
798	57
799	62
800	68
801	66
802	57
803	67
804	85
805	72
806	79
807	86
808	106
809	87
810	100
811	125
812	81
813	109
814	89
815	123
816	116
817	125
818	121
819	132
820	137
821	132
822	157
823	140
824	171
825	183
826	143
827	155
828	162
829	164
830	178
831	168
832	170
833	192
834	193
835	206
836	196
837	181
838	208
839	195
840	189
841	197
842	209
843	179
844	189
845	191
846	168
847	188
848	180
849	186
850	153
851	147
852	162
853	147
854	137
855	170
856	161
857	152
858	132
859	132
860	129
861	118
862	133
863	137
864	115
865	106
866	119
867	94
868	106
869	99
870	106
871	96
872	81
873	91
874	79
875	73
876	55
877	78
878	63
879	80
880	78
881	64
882	73
883	54
884	59
885	48
886	48
887	60
888	56
889	59
890	49
891	47
892	66
893	47
894	38
895	40
896	36
897	40
898	32
899	33
900	43
901	47
902	37
903	38
904	26
905	43
906	41
907	38
908	46
909	26
910	33
911	32
912	36
913	42
914	29
915	23
916	29
917	40
918	37
919	27
920	37
921	42
922	36
923	44
924	47
925	47
926	34
927	48
928	44
929	30
930	38
931	31
932	38
933	40
934	36
935	35
936	34
937	38
938	37
939	38
940	29
941	42
942	31
943	43
944	39
945	39
946	28
947	35
948	36
949	35
950	57
951	22
952	38
953	54
954	26
955	44
956	30
957	35
958	34
959	42
960	40
961	32
962	38
963	42
964	30
965	35
966	46
967	38
968	36
969	43
970	44
971	30
972	41
973	45
974	42
975	33
976	41
977	54
978	34
979	41
980	41
981	33
982	37
983	36
984	38
985	40
986	36
987	42
988	37
989	28
990	29
991	37
992	31
993	37
994	42
995	42
996	35
997	38
998	35
999	41
1000	34
1001	44
1002	32
1003	49
1004	28
1005	33
1006	38
1007	32
1008	37
1009	38
1010	39
1011	38
1012	37
1013	43
1014	40
1015	30
1016	29
1017	37
1018	33
1019	26
1020	37
1021	33
1022	41
1023	31
1024	40
1025	31
1026	35
1027	44
1028	23
1029	36
1030	42
1031	36
1032	28
1033	33
1034	40
1035	30
1036	24
1037	22
1038	31
1039	33
1040	29
1041	26
1042	31
1043	26
1044	29
1045	27
1046	30
1047	36
1048	22
1049	28
1050	29
1051	24
1052	29
1053	29
1054	19
1055	34
1056	19
1057	17
1058	25
1059	23
1060	23
1061	21
1062	19
1063	25
1064	20
1065	21
1066	17
1067	18
1068	17
1069	22
1070	20
1071	13
1072	16
1073	13
1074	17
1075	20
1076	13
1077	17
1078	14
1079	16
1080	11
1081	14
1082	22
1083	19
1084	13
1085	21
1086	10
1087	9
1088	12
1089	17
1090	13
1091	9
1092	6
1093	12
1094	17
1095	10
1096	9
1097	14
1098	11
1099	9
1100	11
1101	11
1102	5
1103	14
1104	10
1105	12
1106	8
1107	6
1108	9
1109	7
1110	6
1111	5
1112	8
1113	9
1114	9
1115	6
1116	8
1117	9
1118	11
1119	3
1120	7
1121	10
1122	8
1123	2
1124	7
1125	9
1126	6
1127	12
1128	7
1129	6
1130	16
1131	9
1132	7
1133	14
1134	8
1135	9
1136	10
1137	17
1138	12
1139	12
1140	12
1141	16
1142	11
1143	10
1144	19
1145	19
1146	20
1147	24
1148	24
1149	31
1150	24
1151	21
1152	36
1153	28
1154	26
1155	36
1156	38
1157	34
1158	25
1159	47
1160	49
1161	39
1162	44
1163	28
1164	39
1165	36
1166	40
1167	54
1168	47
1169	47
1170	61
1171	49
1172	43
1173	50
1174	60
1175	50
1176	55
1177	53
1178	57
1179	59
1180	49
1181	69
1182	66
1183	63
1184	65
1185	53
1186	63
1187	63
1188	56
1189	77
1190	53
1191	65
1192	62
1193	62
1194	64
1195	60
1196	40
1197	62
1198	47
1199	62
1200	41
1201	77
1202	64
1203	52
1204	59
1205	49
1206	62
1207	51
1208	39
1209	42
1210	50
1211	44
1212	56
1213	36
1214	34
1215	30
1216	33
1217	28
1218	32
1219	45
1220	25
1221	32
1222	31
1223	20
1224	19
1225	26
1226	14
1227	20
1228	26
1229	25
1230	9
1231	26
1232	20
1233	16
1234	12
1235	14
1236	11
1237	5
1238	12
1239	14
1240	6
1241	8
1242	8
1243	9
1244	7
1245	8
1246	9
1247	10
1248	4
1249	5
1250	5
1251	5
1252	0
1253	4
1254	2
1255	2
1256	4
1257	1
1258	1
1259	3
1260	4
1261	2
1262	0
1263	0
1264	0
1265	3
1266	0
1267	0
1268	0
1269	1
1270	0
1271	2
1272	0
1273	0
1274	1
1275	0
1276	1
1277	0
1278	0
1279	3
1280	0
1281	0
1282	1
1283	1
1284	1
1285	1
1286	0
1287	0
1288	2
1289	1
1290	1
1291	1
1292	0
1293	1
1294	1
1295	0
1296	0
1297	0
1298	0
1299	1
1300	1
1301	1
1302	0
1303	1
1304	0
1305	2
1306	1
1307	0
1308	0
1309	1
1310	2
1311	1
1312	1
1313	1
1314	2
1315	0
1316	0
1317	0
1318	4
1319	0
1320	1
1321	1
1322	2
1323	2
1324	0
1325	0
1326	1
1327	1
1328	0
1329	0
1330	1
1331	2
1332	1
1333	1
1334	0
1335	0
1336	1
1337	0
1338	0
1339	1
1340	0
1341	0
1342	0
1343	1
1344	2
1345	1
1346	0
1347	1
1348	1
1349	1
1350	0
1351	1
1352	1
1353	0
1354	1
1355	1
1356	2
1357	0
1358	0
1359	0
1360	1
1361	2
1362	0
1363	1
1364	3
1365	0
1366	1
1367	0
1368	0
1369	0
1370	0
1371	1
1372	0
1373	0
1374	3
1375	0
1376	1
1377	1
1378	0
1379	1
1380	1
1381	1
1382	1
1383	1
1384	0
1385	1
1386	1
1387	0
1388	0
1389	1
1390	0
1391	1
1392	1
1393	0
1394	2
1395	1
1396	0
1397	0
1398	0
1399	0
1400	0
1401	0
1402	0
1403	0
1404	0
1405	0
1406	0
1407	0
1408	0
1409	0
1410	0
1411	1
1412	0
1413	0
1414	2
1415	0
1416	0
1417	0
1418	0
1419	0
1420	1
1421	1
1422	0
1423	0
1424	0
1425	0
1426	0
1427	0
1428	0
1429	0
1430	0
1431	1
1432	0
1433	0
1434	0
1435	0
1436	0
1437	0
1438	0
1439	0
1440	1
1441	0
1442	0
1443	0
1444	0
1445	0
1446	0
1447	0
1448	0
1449	1
1450	0
1451	0
1452	0
1453	0
1454	0
1455	0
1456	1
1457	0
1458	0
1459	0
1460	0
1461	0
1462	0
1463	0
1464	0
1465	0
1466	0
1467	0
1468	0
1469	2
1470	0
1471	0
1472	0
1473	0
1474	0
1475	0
1476	0
1477	0
1478	0
1479	0
1480	0
1481	0
1482	0
1483	0
1484	0
1485	1
1486	0
1487	0
1488	0
1489	0
1490	0
1491	0
1492	1
1493	0
1494	1
1495	0
1496	0
1497	0
1498	0
1499	0
1500	0
1501	0
1502	0
1503	0
1504	0
1505	0
1506	0
1507	0
1508	0
1509	0
1510	0
1511	1
1512	0
1513	0
1514	1
1515	0
1516	0
1517	0
1518	0
1519	1
1520	0
1521	0
1522	0
1523	0
1524	0
1525	0
1526	0
1527	0
1528	0
1529	1
1530	0
1531	0
1532	0
1533	0
1534	0
1535	0
1536	0
1537	0
1538	0
1539	0
1540	0
1541	1
1542	0
1543	0
1544	0
1545	0
1546	0
1547	0
1548	0
1549	0
1550	0
1551	0
1552	0
1553	0
1554	0
1555	0
1556	0
1557	1
1558	0
1559	0
1560	0
1561	0
1562	0
1563	0
1564	0
1565	0
1566	1
1567	0
1568	0
1569	0
1570	0
1571	0
1572	0
1573	0
1574	0
1575	0
1576	0
1577	0
1578	0
1579	0
1580	0
1581	0
1582	0
1583	0
1584	0
1585	0
1586	0
1587	0
1588	0
1589	0
1590	0
1591	0
1592	0
1593	0
1594	0
1595	0
1596	0
1597	0
1598	0
1599	0
1600	0
1601	0
1602	0
1603	0
1604	0
1605	1
1606	0
1607	0
1608	0
1609	0
1610	0
1611	0
1612	1
1613	0
1614	0
1615	0
1616	0
1617	0
1618	0
1619	0
1620	0
1621	0
1622	0
1623	0
1624	0
1625	0
1626	0
1627	0
1628	0
1629	0
1630	0
1631	0
1632	0
1633	0
1634	0
1635	0
1636	0
1637	0
1638	0
1639	0
1640	0
1641	0
1642	0
1643	0
1644	0
1645	0
1646	0
1647	1
1648	0
1649	0
1650	0
1651	0
1652	0
1653	0
1654	2
1655	0
1656	0
1657	0
1658	0
1659	0
1660	0
1661	0
1662	0
1663	0
1664	0
1665	1
1666	0
1667	1
1668	0
1669	0
1670	0
1671	0
1672	0
1673	0
1674	0
1675	0
1676	0
1677	0
1678	0
1679	0
1680	0
1681	0
1682	0
1683	0
1684	0
1685	0
1686	0
1687	0
1688	0
1689	0
1690	0
1691	0
1692	0
1693	0
1694	0
1695	0
1696	0
1697	0
1698	0
1699	0
1700	0
1701	0
1702	0
1703	0
1704	0
1705	0
1706	0
1707	0
1708	0
1709	0
1710	0
1711	0
1712	0
1713	0
1714	0
1715	0
1716	0
1717	0
1718	0
1719	0
1720	0
1721	0
1722	1
1723	0
1724	0
1725	0
1726	0
1727	0
1728	0
1729	0
1730	0
1731	0
1732	0
1733	0
1734	0
1735	0
1736	0
1737	0
1738	0
1739	0
1740	0
1741	0
1742	0
1743	0
1744	0
1745	0
1746	0
1747	1
1748	0
1749	0
1750	0
1751	0
1752	0
1753	0
1754	0
1755	0
1756	0
1757	0
1758	0
1759	0
1760	1
1761	0
1762	0
1763	0
1764	0
1765	0
1766	0
1767	0
1768	0
1769	0
1770	0
1771	0
1772	0
1773	0
1774	0
1775	0
1776	0
1777	0
1778	0
1779	0
1780	0
1781	0
1782	0
1783	0
1784	0
1785	0
1786	0
1787	0
1788	0
1789	0
1790	0
1791	0
1792	0
1793	0
1794	0
1795	0
1796	0
1797	0
1798	0
1799	0
1800	0
1801	0
1802	0
1803	0
1804	0
1805	0
1806	0
1807	0
1808	0
1809	0
1810	0
1811	0
1812	0
1813	0
1814	0
1815	0
1816	0
1817	0
1818	0
1819	0
1820	0
1821	0
1822	0
1823	0
1824	0
1825	0
1826	0
1827	0
1828	0
1829	0
1830	0
1831	0
1832	0
1833	1
1834	0
1835	0
1836	0
1837	0
1838	0
1839	0
1840	0
1841	0
1842	0
1843	0
1844	0
1845	0
1846	0
1847	0
1848	0
1849	0
1850	0
1851	0
1852	0
1853	0
1854	0
1855	0
1856	0
1857	0
1858	0
1859	0
1860	0
1861	0
1862	0
1863	0
1864	0
1865	0
1866	1
1867	0
1868	0
1869	0
1870	0
1871	0
1872	0
1873	0
1874	0
1875	0
1876	0
1877	0
1878	0
1879	0
1880	0
1881	0
1882	0
1883	0
1884	0
1885	0
1886	0
1887	0
1888	0
1889	0
1890	0
1891	0
1892	0
1893	0
1894	0
1895	0
1896	0
1897	0
1898	0
1899	0
1900	0
1901	0
1902	0
1903	0
1904	0
1905	0
1906	0
1907	0
1908	0
1909	0
1910	0
1911	1
1912	0
1913	0
1914	0
1915	0
1916	0
1917	0
1918	1
1919	0
1920	0
1921	0
1922	0
1923	0
1924	0
1925	0
1926	0
1927	0
1928	0
1929	0
1930	0
1931	0
1932	0
1933	0
1934	0
1935	0
1936	1
1937	0
1938	0
1939	0
1940	0
1941	0
1942	0
1943	0
1944	0
1945	0
1946	0
1947	0
1948	0
1949	0
1950	0
1951	0
1952	0
1953	0
1954	0
1955	0
1956	0
1957	0
1958	0
1959	0
1960	0
1961	1
1962	0
1963	0
1964	0
1965	0
1966	0
1967	0
1968	0
1969	0
1970	0
1971	0
1972	0
1973	0
1974	0
1975	0
1976	0
1977	1
1978	0
1979	0
1980	0
1981	0
1982	0
1983	0
1984	0
1985	0
1986	0
1987	0
1988	0
1989	0
1990	0
1991	0
1992	0
1993	0
1994	0
1995	0
1996	0
1997	0
1998	0
1999	0
2000	0
2001	0
2002	0
2003	0
2004	0
2005	0
2006	0
2007	0
2008	0
2009	0
2010	0
2011	0
2012	0
2013	0
2014	0
2015	0
2016	0
2017	0
2018	1
2019	0
2020	0
2021	0
2022	0
2023	0
2024	0
2025	0
2026	0
2027	0
2028	0
2029	0
2030	0
2031	0
2032	0
2033	0
2034	0
2035	0
2036	0
2037	0
2038	0
2039	0
2040	0
2041	0
2042	0
2043	0
2044	0
2045	0
2046	0
2047	0
