0	0
1	0
2	0
3	0
4	0
5	0
6	0
7	0
8	0
9	0
10	323
11	759
12	696
13	770
14	780
15	796
16	779
17	753
18	870
19	989
20	1215
21	1664
22	2494
23	4128
24	5894
25	7125
26	7267
27	6255
28	4878
29	3370
30	2413
31	1671
32	1318
33	1007
34	867
35	882
36	805
37	816
38	801
39	858
40	831
41	817
42	871
43	795
44	814
45	842
46	808
47	823
48	823
49	750
50	851
51	811
52	790
53	779
54	812
55	798
56	768
57	838
58	769
59	798
60	825
61	827
62	791
63	792
64	769
65	790
66	761
67	897
68	802
69	817
70	808
71	773
72	793
73	807
74	774
75	805
76	797
77	780
78	826
79	837
80	805
81	798
82	772
83	788
84	764
85	779
86	762
87	819
88	829
89	727
90	791
91	802
92	772
93	759
94	797
95	805
96	786
97	809
98	733
99	787
100	807
101	809
102	795
103	827
104	766
105	797
106	750
107	774
108	837
109	763
110	789
111	783
112	815
113	810
114	825
115	793
116	739
117	761
118	763
119	831
120	874
121	849
122	911
123	823
124	862
125	910
126	875
127	926
128	916
129	890
130	932
131	969
132	964
133	955
134	993
135	965
136	973
137	940
138	984
139	992
140	1017
141	1022
142	1000
143	1016
144	1013
145	1061
146	984
147	957
148	947
149	861
150	960
151	1000
152	944
153	893
154	968
155	949
156	884
157	923
158	955
159	938
160	988
161	893
162	902
163	887
164	907
165	910
166	929
167	883
168	851
169	823
170	884
171	834
172	836
173	830
174	835
175	848
176	850
177	833
178	838
179	824
180	832
181	808
182	811
183	836
184	846
185	825
186	841
187	746
188	817
189	771
190	797
191	804
192	815
193	819
194	804
195	807
196	786
197	701
198	786
199	774
200	766
201	789
202	726
203	767
204	771
205	735
206	731
207	755
208	740
209	733
210	746
211	721
212	727
213	684
214	727
215	768
216	736
217	734
218	726
219	742
220	744
221	699
222	719
223	717
224	722
225	749
226	743
227	786
228	701
229	739
230	706
231	746
232	688
233	765
234	693
235	724
236	675
237	732
238	717
239	727
240	682
241	716
242	719
243	726
244	723
245	726
246	706
247	710
248	698
249	715
250	697
251	708
252	698
253	719
254	708
255	746
256	689
257	665
258	710
259	648
260	723
261	736
262	743
263	692
264	696
265	699
266	732
267	712
268	721
269	700
270	721
271	715
272	705
273	746
274	693
275	671
276	704
277	725
278	701
279	696
280	685
281	706
282	687
283	687
284	659
285	690
286	683
287	690
288	707
289	715
290	704
291	685
292	764
293	724
294	665
295	680
296	706
297	696
298	750
299	700
300	666
301	723
302	657
303	650
304	623
305	626
306	621
307	589
308	585
309	604
310	599
311	559
312	578
313	529
314	523
315	557
316	483
317	482
318	469
319	447
320	417
321	411
322	414
323	398
324	349
325	373
326	358
327	313
328	314
329	345
330	290
331	254
332	281
333	265
334	269
335	249
336	253
337	233
338	206
339	189
340	199
341	203
342	182
343	184
344	170
345	174
346	172
347	129
348	156
349	137
350	147
351	146
352	120
353	137
354	141
355	126
356	115
357	121
358	113
359	119
360	85
361	106
362	119
363	125
364	115
365	108
366	119
367	114
368	92
369	92
370	111
371	95
372	83
373	115
374	98
375	98
376	100
377	110
378	84
379	92
380	103
381	79
382	107
383	106
384	109
385	78
386	109
387	97
388	95
389	100
390	95
391	113
392	106
393	119
394	144
395	138
396	131
397	144
398	160
399	160
400	154
401	172
402	237
403	243
404	259
405	288
406	325
407	391
408	428
409	470
410	483
411	555
412	583
413	726
414	818
415	886
416	1000
417	1092
418	1171
419	1296
420	1453
421	1585
422	1725
423	1931
424	1970
425	2201
426	2359
427	2645
428	2783
429	2972
430	3134
431	3401
432	3492
433	3721
434	3909
435	3865
436	4141
437	4260
438	4427
439	4521
440	4589
441	4817
442	4872
443	4816
444	4722
445	4717
446	4722
447	4686
448	4565
449	4386
450	4265
451	4141
452	3958
453	3838
454	3653
455	3489
456	3389
457	3079
458	2859
459	2617
460	2496
461	2272
462	2025
463	1988
464	1698
465	1587
466	1414
467	1273
468	1055
469	1039
470	912
471	835
472	646
473	602
474	537
475	413
476	377
477	359
478	274
479	245
480	189
481	179
482	156
483	129
484	87
485	73
486	77
487	77
488	46
489	51
490	51
491	38
492	29
493	32
494	17
495	16
496	24
497	18
498	17
499	19
500	23
501	14
502	10
503	15
504	12
505	18
506	12
507	15
508	15
509	18
510	14
511	17
512	11
513	11
514	12
515	10
516	15
517	8
518	16
519	10
520	6
521	12
522	10
523	10
524	12
525	11
526	3
527	12
528	9
529	11
530	17
531	25
532	7
533	13
534	18
535	9
536	17
537	12
538	7
539	14
540	12
541	12
542	14
543	14
544	20
545	9
546	7
547	9
548	11
549	13
550	11
551	8
552	7
553	16
554	13
555	9
556	11
557	13
558	8
559	8
560	2
561	12
562	12
563	12
564	10
565	12
566	15
567	16
568	11
569	10
570	8
571	9
572	20
573	9
574	8
575	8
576	8
577	11
578	7
579	12
580	9
581	8
582	5
583	14
584	8
585	9
586	9
587	7
588	7
589	1
590	3
591	2
592	10
593	6
594	6
595	9
596	6
597	6
598	11
599	10
600	13
601	6
602	7
603	3
604	6
605	7
606	8
607	4
608	8
609	5
610	6
611	5
612	4
613	8
614	7
615	15
616	6
617	7
618	10
619	8
620	8
621	3
622	4
623	3
624	8
625	7
626	7
627	4
628	3
629	6
630	4
631	6
632	6
633	5
634	11
635	4
636	3
637	5
638	6
639	4
640	1
641	6
642	6
643	1
644	3
645	3
646	3
647	1
648	6
649	8
650	5
651	6
652	3
653	8
654	3
655	4
656	4
657	5
658	6
659	5
660	10
661	5
662	4
663	9
664	2
665	3
666	4
667	7
668	4
669	4
670	4
671	5
672	3
673	3
674	2
675	2
676	6
677	4
678	3
679	3
680	9
681	1
682	9
683	3
684	5
685	7
686	6
687	1
688	4
689	4
690	4
691	4
692	8
693	3
694	5
695	6
696	5
697	1
698	5
699	5
700	4
701	8
702	3
703	4
704	4
705	7
706	2
707	10
708	9
709	7
710	2
711	2
712	5
713	2
714	2
715	2
716	2
717	2
718	4
719	2
720	1
721	6
722	4
723	2
724	5
725	3
726	3
727	4
728	3
729	2
730	2
731	3
732	4
733	3
734	6
735	3
736	5
737	3
738	3
739	4
740	2
741	1
742	3
743	1
744	3
745	3
746	2
747	5
748	2
749	1
750	1
751	3
752	1
753	2
754	3
755	2
756	3
757	5
758	4
759	1
760	1
761	1
762	2
763	4
764	2
765	2
766	3
767	3
768	1
769	3
770	2
771	0
772	3
773	5
774	4
775	3
776	1
777	2
778	4
779	1
780	1
781	5
782	1
783	2
784	2
785	1
786	5
787	2
788	3
789	4
790	3
791	2
792	3
793	1
794	2
795	3
796	3
797	5
798	3
799	1
800	3
801	1
802	5
803	1
804	4
805	1
806	2
807	4
808	0
809	0
810	1
811	2
812	1
813	0
814	4
815	4
816	1
817	2
818	5
819	2
820	3
821	3
822	5
823	4
824	3
825	3
826	0
827	4
828	3
829	5
830	2
831	3
832	5
833	5
834	1
835	2
836	5
837	1
838	0
839	0
840	5
841	2
842	0
843	2
844	3
845	2
846	4
847	5
848	3
849	3
850	2
851	5
852	4
853	3
854	2
855	1
856	2
857	1
858	4
859	4
860	5
861	4
862	6
863	2
864	0
865	3
866	2
867	7
868	4
869	5
870	2
871	4
872	3
873	4
874	1
875	2
876	4
877	2
878	2
879	6
880	4
881	4
882	2
883	0
884	4
885	4
886	2
887	3
888	5
889	1
890	7
891	2
892	3
893	5
894	4
895	1
896	2
897	3
898	3
899	1
900	1
901	2
902	0
903	0
904	1
905	1
906	1
907	1
908	1
909	1
910	1
911	0
912	0
913	1
914	0
915	0
916	2
917	0
918	1
919	1
920	1
921	1
922	0
923	0
924	0
925	0
926	1
927	0
928	0
929	0
930	1
931	0
932	0
933	1
934	1
935	0
936	0
937	0
938	1
939	0
940	0
941	0
942	1
943	0
944	0
945	0
946	1
947	0
948	1
949	0
950	0
951	0
952	0
953	0
954	0
955	0
956	1
957	0
958	0
959	0
960	0
961	1
962	0
963	0
964	0
965	0
966	0
967	0
968	0
969	0
970	0
971	0
972	0
973	0
974	0
975	0
976	0
977	0
978	0
979	0
980	0
981	0
982	0
983	0
984	0
985	0
986	0
987	0
988	0
989	0
990	0
991	0
992	0
993	0
994	0
995	0
996	0
997	0
998	0
999	0
1000	0
1001	0
1002	0
1003	0
1004	0
1005	0
1006	0
1007	0
1008	0
1009	0
1010	0
1011	0
1012	0
1013	0
1014	0
1015	0
1016	0
1017	0
1018	0
1019	0
1020	0
1021	0
1022	0
1023	1
1024	0
1025	0
1026	0
1027	0
1028	0
1029	0
1030	0
1031	0
1032	0
1033	0
1034	0
1035	0
1036	0
1037	0
1038	0
1039	0
1040	0
1041	0
1042	0
1043	0
1044	0
1045	0
1046	1
1047	0
1048	0
1049	0
1050	0
1051	0
1052	0
1053	0
1054	0
1055	0
1056	0
1057	0
1058	0
1059	0
1060	0
1061	0
1062	0
1063	0
1064	0
1065	0
1066	0
1067	0
1068	0
1069	0
1070	1
1071	0
1072	0
1073	0
1074	0
1075	0
1076	0
1077	0
1078	0
1079	0
1080	0
1081	0
1082	1
1083	0
1084	0
1085	0
1086	0
1087	0
1088	0
1089	0
1090	0
1091	0
1092	0
1093	0
1094	0
1095	0
1096	0
1097	0
1098	0
1099	0
1100	0
1101	0
1102	0
1103	0
1104	0
1105	0
1106	0
1107	0
1108	0
1109	0
1110	0
1111	0
1112	0
1113	0
1114	0
1115	0
1116	0
1117	0
1118	0
1119	0
1120	0
1121	0
1122	0
1123	0
1124	0
1125	0
1126	0
1127	0
1128	0
1129	0
1130	0
1131	0
1132	0
1133	0
1134	0
1135	0
1136	1
1137	0
1138	0
1139	0
1140	0
1141	0
1142	0
1143	0
1144	0
1145	0
1146	0
1147	0
1148	0
1149	0
1150	1
1151	0
1152	0
1153	0
1154	0
1155	0
1156	0
1157	0
1158	0
1159	0
1160	0
1161	0
1162	0
1163	0
1164	0
1165	0
1166	0
1167	1
1168	0
1169	0
1170	0
1171	0
1172	0
1173	0
1174	0
1175	0
1176	0
1177	0
1178	0
1179	0
1180	0
1181	0
1182	0
1183	0
1184	0
1185	0
1186	0
1187	0
1188	0
1189	0
1190	0
1191	0
1192	0
1193	0
1194	0
1195	0
1196	0
1197	0
1198	0
1199	0
1200	0
1201	0
1202	0
1203	0
1204	0
1205	0
1206	0
1207	0
1208	0
1209	0
1210	0
1211	0
1212	0
1213	0
1214	0
1215	0
1216	0
1217	0
1218	0
1219	0
1220	0
1221	0
1222	0
1223	0
1224	0
1225	0
1226	0
1227	0
1228	0
1229	0
1230	0
1231	0
1232	0
1233	0
1234	0
1235	0
1236	0
1237	0
1238	0
1239	0
1240	0
1241	0
1242	0
1243	0
1244	0
1245	0
1246	0
1247	0
1248	0
1249	0
1250	0
1251	0
1252	0
1253	0
1254	0
1255	0
1256	0
1257	0
1258	0
1259	0
1260	0
1261	0
1262	0
1263	0
1264	0
1265	0
1266	0
1267	0
1268	0
1269	0
1270	0
1271	0
1272	0
1273	0
1274	0
1275	0
1276	0
1277	0
1278	0
1279	0
1280	0
1281	0
1282	0
1283	0
1284	0
1285	0
1286	0
1287	0
1288	0
1289	0
1290	0
1291	0
1292	0
1293	0
1294	0
1295	0
1296	0
1297	0
1298	0
1299	0
1300	0
1301	0
1302	0
1303	0
1304	0
1305	0
1306	0
1307	0
1308	0
1309	0
1310	0
1311	0
1312	0
1313	0
1314	0
1315	0
1316	0
1317	0
1318	0
1319	0
1320	0
1321	0
1322	0
1323	0
1324	0
1325	0
1326	0
1327	0
1328	0
1329	0
1330	0
1331	0
1332	0
1333	0
1334	0
1335	0
1336	0
1337	0
1338	0
1339	0
1340	0
1341	0
1342	0
1343	0
1344	0
1345	0
1346	0
1347	0
1348	0
1349	0
1350	0
1351	0
1352	0
1353	0
1354	0
1355	0
1356	0
1357	0
1358	0
1359	0
1360	0
1361	0
1362	0
1363	0
1364	0
1365	0
1366	0
1367	0
1368	0
1369	0
1370	0
1371	0
1372	0
1373	0
1374	0
1375	0
1376	0
1377	0
1378	0
1379	0
1380	0
1381	0
1382	0
1383	0
1384	0
1385	0
1386	0
1387	0
1388	0
1389	0
1390	0
1391	0
1392	0
1393	0
1394	0
1395	0
1396	0
1397	0
1398	0
1399	0
1400	0
1401	0
1402	0
1403	0
1404	0
1405	0
1406	0
1407	0
1408	0
1409	0
1410	0
1411	0
1412	0
1413	0
1414	0
1415	0
1416	0
1417	0
1418	0
1419	0
1420	0
1421	0
1422	0
1423	0
1424	0
1425	0
1426	0
1427	0
1428	0
1429	0
1430	0
1431	0
1432	0
1433	0
1434	0
1435	0
1436	0
1437	0
1438	0
1439	0
1440	0
1441	0
1442	0
1443	0
1444	0
1445	0
1446	0
1447	0
1448	0
1449	0
1450	0
1451	0
1452	0
1453	0
1454	1
1455	0
1456	0
1457	0
1458	0
1459	0
1460	0
1461	0
1462	0
1463	0
1464	0
1465	0
1466	0
1467	0
1468	0
1469	0
1470	0
1471	0
1472	0
1473	0
1474	0
1475	0
1476	0
1477	0
1478	0
1479	0
1480	0
1481	0
1482	0
1483	0
1484	0
1485	0
1486	0
1487	0
1488	0
1489	0
1490	0
1491	0
1492	0
1493	0
1494	0
1495	0
1496	0
1497	0
1498	0
1499	0
1500	0
1501	0
1502	0
1503	0
1504	0
1505	0
1506	0
1507	0
1508	0
1509	0
1510	0
1511	0
1512	0
1513	0
1514	0
1515	0
1516	0
1517	0
1518	0
1519	0
1520	0
1521	0
1522	0
1523	0
1524	0
1525	0
1526	0
1527	0
1528	0
1529	0
1530	0
1531	0
1532	0
1533	0
1534	0
1535	0
1536	0
1537	0
1538	0
1539	0
1540	0
1541	0
1542	0
1543	0
1544	0
1545	0
1546	0
1547	0
1548	0
1549	0
1550	0
1551	0
1552	0
1553	0
1554	0
1555	0
1556	0
1557	0
1558	0
1559	0
1560	0
1561	0
1562	0
1563	0
1564	0
1565	0
1566	0
1567	0
1568	0
1569	0
1570	0
1571	0
1572	0
1573	0
1574	0
1575	0
1576	0
1577	0
1578	0
1579	0
1580	0
1581	0
1582	0
1583	0
1584	0
1585	0
1586	0
1587	0
1588	0
1589	0
1590	0
1591	0
1592	0
1593	0
1594	0
1595	0
1596	0
1597	0
1598	0
1599	0
1600	0
1601	0
1602	0
1603	0
1604	0
1605	0
1606	0
1607	0
1608	0
1609	0
1610	0
1611	0
1612	0
1613	0
1614	0
1615	0
1616	0
1617	0
1618	0
1619	0
1620	0
1621	0
1622	0
1623	0
1624	0
1625	0
1626	0
1627	0
1628	0
1629	0
1630	0
1631	0
1632	0
1633	0
1634	0
1635	0
1636	0
1637	0
1638	0
1639	0
1640	0
1641	0
1642	0
1643	0
1644	0
1645	0
1646	0
1647	0
1648	0
1649	0
1650	0
1651	0
1652	0
1653	0
1654	0
1655	0
1656	0
1657	0
1658	0
1659	0
1660	0
1661	0
1662	0
1663	0
1664	0
1665	0
1666	0
1667	0
1668	1
1669	0
1670	0
1671	0
1672	0
1673	0
1674	0
1675	0
1676	0
1677	0
1678	0
1679	0
1680	0
1681	0
1682	0
1683	0
1684	0
1685	0
1686	0
1687	0
1688	0
1689	0
1690	0
1691	0
1692	0
1693	0
1694	0
1695	0
1696	0
1697	0
1698	0
1699	0
1700	0
1701	0
1702	0
1703	0
1704	0
1705	0
1706	0
1707	0
1708	0
1709	0
1710	0
1711	0
1712	0
1713	0
1714	0
1715	0
1716	0
1717	0
1718	0
1719	0
1720	0
1721	0
1722	0
1723	0
1724	0
1725	0
1726	0
1727	0
1728	0
1729	0
1730	0
1731	0
1732	0
1733	0
1734	0
1735	0
1736	0
1737	0
1738	0
1739	0
1740	0
1741	0
1742	0
1743	0
1744	0
1745	0
1746	0
1747	0
1748	0
1749	0
1750	0
1751	0
1752	0
1753	0
1754	0
1755	0
1756	0
1757	0
1758	0
1759	0
1760	0
1761	0
1762	0
1763	0
1764	0
1765	0
1766	0
1767	0
1768	0
1769	0
1770	0
1771	0
1772	0
1773	0
1774	0
1775	0
1776	0
1777	0
1778	0
1779	0
1780	0
1781	0
1782	0
1783	0
1784	0
1785	0
1786	0
1787	0
1788	0
1789	0
1790	0
1791	0
1792	0
1793	0
1794	0
1795	0
1796	0
1797	0
1798	0
1799	0
1800	0
1801	0
1802	0
1803	0
1804	0
1805	0
1806	0
1807	0
1808	0
1809	0
1810	0
1811	0
1812	0
1813	0
1814	0
1815	0
1816	0
1817	0
1818	0
1819	0
1820	0
1821	0
1822	0
1823	0
1824	0
1825	0
1826	0
1827	0
1828	0
1829	0
1830	0
1831	0
1832	0
1833	0
1834	0
1835	0
1836	0
1837	0
1838	0
1839	0
1840	0
1841	0
1842	0
1843	0
1844	0
1845	0
1846	0
1847	0
1848	0
1849	0
1850	0
1851	0
1852	0
1853	0
1854	0
1855	0
1856	0
1857	0
1858	0
1859	0
1860	0
1861	0
1862	0
1863	0
1864	0
1865	0
1866	0
1867	0
1868	0
1869	0
1870	0
1871	0
1872	0
1873	0
1874	0
1875	0
1876	0
1877	0
1878	0
1879	0
1880	0
1881	0
1882	0
1883	0
1884	0
1885	0
1886	0
1887	0
1888	0
1889	0
1890	0
1891	0
1892	0
1893	0
1894	0
1895	0
1896	0
1897	0
1898	0
1899	0
1900	0
1901	0
1902	0
1903	0
1904	1
1905	0
1906	0
1907	0
1908	0
1909	0
1910	0
1911	0
1912	0
1913	0
1914	0
1915	0
1916	0
1917	0
1918	0
1919	0
1920	0
1921	0
1922	0
1923	0
1924	0
1925	0
1926	0
1927	0
1928	0
1929	0
1930	0
1931	0
1932	0
1933	0
1934	0
1935	0
1936	0
1937	0
1938	0
1939	0
1940	1
1941	0
1942	0
1943	0
1944	0
1945	0
1946	0
1947	0
1948	0
1949	0
1950	0
1951	0
1952	0
1953	0
1954	0
1955	0
1956	0
1957	0
1958	0
1959	0
1960	0
1961	0
1962	0
1963	0
1964	0
1965	0
1966	0
1967	0
1968	0
1969	0
1970	0
1971	0
1972	0
1973	0
1974	0
1975	0
1976	0
1977	0
1978	0
1979	0
1980	0
1981	0
1982	0
1983	0
1984	0
1985	0
1986	0
1987	0
1988	0
1989	0
1990	0
1991	0
1992	0
1993	0
1994	0
1995	0
1996	0
1997	0
1998	0
1999	0
2000	0
2001	0
2002	0
2003	0
2004	0
2005	0
2006	0
2007	0
2008	0
2009	0
2010	0
2011	0
2012	0
2013	0
2014	0
2015	0
2016	0
2017	0
2018	0
2019	0
2020	0
2021	0
2022	0
2023	0
2024	0
2025	0
2026	0
2027	0
2028	0
2029	0
2030	0
2031	0
2032	0
2033	0
2034	0
2035	0
2036	0
2037	0
2038	0
2039	0
2040	0
2041	0
2042	0
2043	0
2044	0
2045	0
2046	0
2047	0
