0	0
1	0
2	0
3	0
4	0
5	0
6	0
7	0
8	0
9	0
10	139
11	332
12	309
13	309
14	324
15	311
16	289
17	328
18	343
19	308
20	335
21	310
22	325
23	328
24	301
25	282
26	320
27	341
28	346
29	326
30	346
31	319
32	348
33	320
34	337
35	344
36	358
37	330
38	310
39	347
40	319
41	341
42	376
43	339
44	324
45	352
46	321
47	326
48	320
49	309
50	333
51	319
52	332
53	358
54	332
55	303
56	339
57	319
58	335
59	311
60	359
61	301
62	318
63	320
64	335
65	317
66	324
67	305
68	328
69	322
70	357
71	305
72	311
73	312
74	289
75	319
76	298
77	309
78	300
79	321
80	283
81	285
82	329
83	293
84	319
85	327
86	349
87	289
88	309
89	307
90	310
91	288
92	328
93	291
94	325
95	309
96	290
97	299
98	320
99	286
100	288
101	295
102	287
103	336
104	310
105	285
106	321
107	338
108	339
109	310
110	294
111	283
112	354
113	323
114	341
115	328
116	336
117	324
118	303
119	332
120	367
121	357
122	366
123	375
124	380
125	365
126	337
127	377
128	351
129	352
130	352
131	361
132	392
133	397
134	352
135	371
136	407
137	376
138	370
139	376
140	383
141	376
142	355
143	372
144	353
145	348
146	392
147	357
148	351
149	371
150	372
151	370
152	317
153	335
154	376
155	361
156	336
157	325
158	344
159	337
160	379
161	363
162	308
163	316
164	342
165	349
166	348
167	357
168	366
169	319
170	306
171	352
172	336
173	305
174	308
175	332
176	307
177	309
178	303
179	333
180	313
181	316
182	312
183	304
184	347
185	327
186	295
187	297
188	337
189	318
190	348
191	311
192	304
193	288
194	308
195	329
196	328
197	302
198	305
199	307
200	308
201	305
202	273
203	319
204	307
205	310
206	319
207	293
208	308
209	304
210	341
211	321
212	305
213	277
214	280
215	305
216	293
217	288
218	281
219	265
220	288
221	249
222	262
223	267
224	255
225	273
226	266
227	280
228	232
229	244
230	205
231	202
232	205
233	202
234	197
235	208
236	187
237	215
238	204
239	185
240	175
241	165
242	168
243	150
244	147
245	154
246	138
247	147
248	146
249	121
250	142
251	126
252	134
253	121
254	129
255	139
256	129
257	118
258	128
259	107
260	106
261	109
262	124
263	114
264	93
265	115
266	118
267	91
268	108
269	98
270	116
271	109
272	97
273	111
274	101
275	102
276	85
277	107
278	126
279	102
280	113
281	94
282	98
283	102
284	106
285	103
286	99
287	97
288	88
289	105
290	107
291	109
292	106
293	102
294	101
295	96
296	96
297	114
298	113
299	118
300	111
301	101
302	100
303	144
304	113
305	109
306	106
307	136
308	129
309	138
310	130
311	158
312	161
313	177
314	188
315	232
316	236
317	232
318	320
319	323
320	379
321	433
322	486
323	483
324	583
325	576
326	698
327	743
328	819
329	915
330	1046
331	1139
332	1203
333	1256
334	1374
335	1589
336	1572
337	1698
338	1705
339	1852
340	1936
341	2015
342	2142
343	2079
344	2118
345	2149
346	2140
347	2273
348	2115
349	2225
350	2080
351	2109
352	2042
353	1952
354	1814
355	1686
356	1639
357	1605
358	1532
359	1420
360	1290
361	1194
362	1077
363	919
364	860
365	749
366	668
367	593
368	514
369	453
370	412
371	364
372	300
373	263
374	244
375	224
376	179
377	165
378	159
379	122
380	114
381	103
382	94
383	107
384	109
385	95
386	77
387	74
388	50
389	72
390	83
391	77
392	68
393	86
394	83
395	71
396	83
397	73
398	79
399	66
400	60
401	71
402	78
403	75
404	61
405	75
406	64
407	73
408	69
409	78
410	80
411	88
412	72
413	64
414	64
415	72
416	72
417	78
418	76
419	62
420	68
421	69
422	90
423	58
424	62
425	58
426	82
427	75
428	63
429	63
430	74
431	59
432	55
433	91
434	66
435	73
436	83
437	71
438	67
439	68
440	87
441	56
442	78
443	98
444	76
445	63
446	79
447	84
448	83
449	78
450	57
451	68
452	78
453	59
454	68
455	73
456	75
457	72
458	71
459	81
460	69
461	82
462	82
463	73
464	79
465	92
466	82
467	83
468	79
469	75
470	77
471	84
472	53
473	81
474	76
475	91
476	69
477	84
478	94
479	71
480	88
481	80
482	90
483	92
484	75
485	70
486	79
487	94
488	91
489	93
490	76
491	79
492	93
493	82
494	73
495	81
496	81
497	95
498	84
499	87
500	72
501	64
502	73
503	99
504	81
505	71
506	72
507	84
508	77
509	70
510	72
511	96
512	82
513	72
514	67
515	76
516	86
517	80
518	77
519	79
520	88
521	62
522	79
523	76
524	86
525	87
526	83
527	80
528	74
529	72
530	69
531	62
532	92
533	88
534	75
535	65
536	90
537	82
538	80
539	61
540	73
541	86
542	85
543	76
544	81
545	80
546	56
547	82
548	67
549	68
550	84
551	79
552	80
553	64
554	81
555	90
556	76
557	77
558	72
559	80
560	87
561	80
562	67
563	70
564	78
565	68
566	82
567	69
568	79
569	86
570	58
571	79
572	78
573	84
574	74
575	64
576	76
577	64
578	62
579	64
580	68
581	65
582	75
583	71
584	83
585	72
586	69
587	73
588	68
589	67
590	76
591	86
592	78
593	79
594	85
595	83
596	64
597	74
598	87
599	81
600	71
601	70
602	72
603	61
604	80
605	83
606	81
607	72
608	81
609	72
610	79
611	68
612	66
613	74
614	75
615	79
616	69
617	65
618	64
619	69
620	66
621	78
622	86
623	74
624	74
625	68
626	76
627	66
628	81
629	88
630	69
631	78
632	77
633	67
634	66
635	79
636	75
637	74
638	69
639	65
640	69
641	66
642	73
643	89
644	70
645	72
646	70
647	62
648	82
649	78
650	80
651	78
652	85
653	68
654	72
655	75
656	66
657	55
658	67
659	56
660	84
661	58
662	68
663	104
664	72
665	76
666	90
667	77
668	81
669	77
670	76
671	77
672	87
673	86
674	68
675	72
676	88
677	65
678	70
679	82
680	71
681	79
682	81
683	71
684	67
685	66
686	68
687	74
688	69
689	59
690	65
691	83
692	63
693	53
694	67
695	63
696	59
697	54
698	71
699	51
700	55
701	71
702	62
703	59
704	52
705	53
706	48
707	54
708	51
709	55
710	60
711	44
712	50
713	54
714	58
715	43
716	50
717	52
718	53
719	64
720	36
721	33
722	45
723	61
724	42
725	32
726	38
727	40
728	51
729	46
730	42
731	37
732	34
733	52
734	48
735	38
736	40
737	37
738	35
739	45
740	46
741	49
742	52
743	37
744	41
745	38
746	27
747	24
748	37
749	45
750	48
751	32
752	31
753	38
754	45
755	40
756	41
757	34
758	37
759	32
760	53
761	38
762	36
763	30
764	38
765	30
766	28
767	36
768	55
769	38
770	29
771	35
772	43
773	36
774	29
775	45
776	42
777	45
778	34
779	36
780	35
781	44
782	53
783	33
784	40
785	42
786	40
787	49
788	43
789	54
790	47
791	55
792	48
793	48
794	43
795	64
796	64
797	70
798	63
799	66
800	80
801	76
802	60
803	70
804	71
805	75
806	88
807	99
808	111
809	82
810	92
811	104
812	89
813	121
814	109
815	103
816	121
817	128
818	116
819	132
820	132
821	143
822	153
823	162
824	163
825	157
826	157
827	185
828	153
829	151
830	202
831	173
832	175
833	182
834	222
835	208
836	204
837	184
838	193
839	192
840	185
841	188
842	175
843	195
844	180
845	178
846	204
847	188
848	191
849	204
850	178
851	140
852	179
853	133
854	169
855	148
856	149
857	135
858	151
859	141
860	138
861	149
862	123
863	131
864	139
865	97
866	125
867	110
868	107
869	105
870	107
871	94
872	79
873	99
874	77
875	77
876	90
877	82
878	70
879	71
880	61
881	53
882	49
883	61
884	66
885	59
886	56
887	55
888	56
889	56
890	37
891	42
892	39
893	50
894	49
895	49
896	49
897	42
898	40
899	34
900	49
901	40
902	53
903	51
904	50
905	47
906	36
907	45
908	40
909	29
910	36
911	39
912	38
913	42
914	46
915	31
916	46
917	41
918	27
919	26
920	34
921	36
922	35
923	41
924	39
925	48
926	37
927	27
928	38
929	37
930	42
931	40
932	35
933	39
934	34
935	28
936	39
937	35
938	35
939	39
940	36
941	38
942	40
943	42
944	39
945	44
946	42
947	38
948	35
949	36
950	32
951	49
952	41
953	38
954	35
955	40
956	28
957	43
958	34
959	29
960	30
961	37
962	31
963	50
964	51
965	29
966	45
967	38
968	36
969	46
970	39
971	38
972	38
973	41
974	41
975	43
976	38
977	45
978	35
979	37
980	32
981	48
982	36
983	35
984	35
985	37
986	36
987	35
988	41
989	27
990	37
991	46
992	38
993	41
994	42
995	35
996	36
997	34
998	33
999	27
1000	30
1001	40
1002	59
1003	38
1004	30
1005	49
1006	40
1007	35
1008	37
1009	32
1010	38
1011	37
1012	28
1013	43
1014	36
1015	37
1016	36
1017	32
1018	34
1019	37
1020	32
1021	26
1022	47
1023	33
1024	23
1025	26
1026	39
1027	25
1028	26
1029	36
1030	35
1031	41
1032	38
1033	34
1034	26
1035	33
1036	32
1037	31
1038	32
1039	37
1040	40
1041	26
1042	27
1043	35
1044	22
1045	12
1046	25
1047	29
1048	29
1049	27
1050	22
1051	30
1052	21
1053	15
1054	30
1055	23
1056	28
1057	11
1058	23
1059	16
1060	24
1061	23
1062	14
1063	20
1064	21
1065	23
1066	22
1067	13
1068	9
1069	18
1070	18
1071	17
1072	20
1073	20
1074	17
1075	15
1076	19
1077	19
1078	14
1079	11
1080	12
1081	12
1082	14
1083	15
1084	13
1085	17
1086	16
1087	9
1088	10
1089	19
1090	17
1091	10
1092	11
1093	9
1094	17
1095	7
1096	11
1097	16
1098	11
1099	16
1100	7
1101	8
1102	4
1103	14
1104	8
1105	9
1106	7
1107	9
1108	13
1109	8
1110	8
1111	8
1112	6
1113	5
1114	9
1115	3
1116	10
1117	7
1118	7
1119	7
1120	4
1121	8
1122	6
1123	10
1124	11
1125	7
1126	15
1127	14
1128	11
1129	6
1130	9
1131	11
1132	12
1133	11
1134	7
1135	11
1136	16
1137	12
1138	21
1139	19
1140	24
1141	9
1142	24
1143	21
1144	19
1145	25
1146	17
1147	26
1148	21
1149	20
1150	24
1151	33
1152	26
1153	30
1154	31
1155	32
1156	36
1157	31
1158	36
1159	35
1160	35
1161	35
1162	45
1163	42
1164	46
1165	46
1166	47
1167	53
1168	57
1169	50
1170	47
1171	66
1172	43
1173	59
1174	64
1175	62
1176	58
1177	68
1178	63
1179	72
1180	65
1181	69
1182	76
1183	59
1184	69
1185	83
1186	60
1187	75
1188	55
1189	76
1190	57
1191	65
1192	66
1193	63
1194	59
1195	63
1196	57
1197	69
1198	42
1199	45
1200	59
1201	59
1202	65
1203	55
1204	48
1205	55
1206	57
1207	45
1208	45
1209	48
1210	39
1211	52
1212	40
1213	29
1214	39
1215	38
1216	38
1217	25
1218	31
1219	29
1220	32
1221	29
1222	24
1223	20
1224	28
1225	23
1226	21
1227	28
1228	30
1229	19
1230	21
1231	16
1232	18
1233	15
1234	20
1235	15
1236	9
1237	15
1238	11
1239	11
1240	6
1241	13
1242	5
1243	5
1244	11
1245	8
1246	6
1247	5
1248	5
1249	7
1250	2
1251	5
1252	4
1253	3
1254	3
1255	3
1256	5
1257	3
1258	1
1259	1
1260	1
1261	1
1262	2
1263	3
1264	2
1265	0
1266	3
1267	1
1268	1
1269	1
1270	1
1271	0
1272	0
1273	1
1274	1
1275	2
1276	1
1277	0
1278	1
1279	0
1280	2
1281	0
1282	0
1283	0
1284	0
1285	0
1286	0
1287	2
1288	0
1289	1
1290	0
1291	0
1292	0
1293	0
1294	0
1295	0
1296	1
1297	0
1298	0
1299	1
1300	1
1301	2
1302	1
1303	0
1304	1
1305	0
1306	0
1307	1
1308	0
1309	0
1310	1
1311	0
1312	2
1313	1
1314	0
1315	1
1316	4
1317	1
1318	0
1319	2
1320	1
1321	0
1322	1
1323	0
1324	0
1325	1
1326	1
1327	1
1328	1
1329	0
1330	1
1331	0
1332	0
1333	0
1334	1
1335	1
1336	1
1337	0
1338	0
1339	0
1340	0
1341	1
1342	1
1343	0
1344	2
1345	3
1346	1
1347	0
1348	0
1349	0
1350	0
1351	1
1352	1
1353	0
1354	1
1355	0
1356	0
1357	0
1358	2
1359	1
1360	0
1361	0
1362	1
1363	0
1364	0
1365	0
1366	0
1367	1
1368	1
1369	0
1370	0
1371	2
1372	0
1373	0
1374	0
1375	0
1376	0
1377	0
1378	0
1379	0
1380	0
1381	1
1382	1
1383	1
1384	1
1385	0
1386	0
1387	1
1388	0
1389	0
1390	0
1391	1
1392	0
1393	0
1394	0
1395	0
1396	1
1397	1
1398	1
1399	0
1400	0
1401	0
1402	0
1403	0
1404	1
1405	1
1406	0
1407	1
1408	0
1409	0
1410	0
1411	0
1412	2
1413	0
1414	1
1415	0
1416	1
1417	1
1418	0
1419	0
1420	0
1421	0
1422	0
1423	0
1424	0
1425	0
1426	0
1427	1
1428	0
1429	0
1430	0
1431	0
1432	0
1433	0
1434	0
1435	0
1436	0
1437	0
1438	0
1439	0
1440	1
1441	0
1442	0
1443	0
1444	0
1445	0
1446	0
1447	0
1448	0
1449	0
1450	0
1451	0
1452	0
1453	0
1454	0
1455	0
1456	0
1457	0
1458	0
1459	0
1460	0
1461	0
1462	0
1463	0
1464	0
1465	0
1466	1
1467	0
1468	0
1469	0
1470	0
1471	1
1472	0
1473	0
1474	0
1475	0
1476	1
1477	0
1478	3
1479	0
1480	0
1481	0
1482	0
1483	0
1484	0
1485	0
1486	0
1487	0
1488	0
1489	0
1490	1
1491	1
1492	0
1493	0
1494	0
1495	0
1496	0
1497	0
1498	2
1499	0
1500	0
1501	0
1502	0
1503	0
1504	0
1505	0
1506	1
1507	0
1508	0
1509	0
1510	0
1511	0
1512	0
1513	0
1514	0
1515	0
1516	0
1517	0
1518	0
1519	0
1520	0
1521	0
1522	0
1523	0
1524	0
1525	0
1526	1
1527	0
1528	1
1529	0
1530	0
1531	0
1532	0
1533	1
1534	0
1535	0
1536	0
1537	0
1538	0
1539	0
1540	0
1541	0
1542	0
1543	0
1544	0
1545	0
1546	0
1547	0
1548	0
1549	0
1550	0
1551	0
1552	0
1553	0
1554	0
1555	0
1556	0
1557	0
1558	0
1559	0
1560	0
1561	2
1562	0
1563	0
1564	0
1565	0
1566	1
1567	0
1568	0
1569	0
1570	0
1571	0
1572	0
1573	1
1574	0
1575	0
1576	0
1577	0
1578	0
1579	0
1580	0
1581	1
1582	0
1583	0
1584	0
1585	0
1586	0
1587	0
1588	0
1589	0
1590	0
1591	0
1592	0
1593	0
1594	0
1595	0
1596	0
1597	0
1598	0
1599	0
1600	0
1601	0
1602	0
1603	0
1604	0
1605	0
1606	0
1607	0
1608	0
1609	0
1610	1
1611	0
1612	0
1613	0
1614	0
1615	0
1616	0
1617	0
1618	0
1619	0
1620	1
1621	0
1622	0
1623	0
1624	0
1625	0
1626	0
1627	0
1628	0
1629	0
1630	0
1631	0
1632	1
1633	1
1634	0
1635	1
1636	0
1637	0
1638	0
1639	0
1640	0
1641	0
1642	0
1643	0
1644	0
1645	0
1646	0
1647	0
1648	0
1649	0
1650	0
1651	0
1652	0
1653	0
1654	0
1655	0
1656	0
1657	0
1658	0
1659	0
1660	0
1661	0
1662	0
1663	0
1664	0
1665	0
1666	0
1667	0
1668	0
1669	0
1670	1
1671	0
1672	0
1673	0
1674	0
1675	0
1676	0
1677	0
1678	0
1679	0
1680	0
1681	0
1682	0
1683	0
1684	0
1685	0
1686	0
1687	0
1688	0
1689	0
1690	0
1691	0
1692	0
1693	0
1694	0
1695	0
1696	0
1697	0
1698	0
1699	0
1700	0
1701	2
1702	0
1703	0
1704	0
1705	0
1706	0
1707	0
1708	0
1709	0
1710	0
1711	0
1712	0
1713	0
1714	0
1715	0
1716	0
1717	0
1718	0
1719	0
1720	1
1721	0
1722	1
1723	0
1724	0
1725	0
1726	0
1727	0
1728	0
1729	0
1730	0
1731	0
1732	0
1733	0
1734	0
1735	0
1736	0
1737	0
1738	0
1739	0
1740	0
1741	0
1742	0
1743	0
1744	1
1745	0
1746	0
1747	0
1748	0
1749	0
1750	0
1751	0
1752	1
1753	0
1754	0
1755	0
1756	0
1757	0
1758	0
1759	0
1760	0
1761	0
1762	0
1763	0
1764	1
1765	0
1766	0
1767	0
1768	0
1769	0
1770	0
1771	0
1772	0
1773	1
1774	0
1775	0
1776	0
1777	0
1778	0
1779	0
1780	0
1781	0
1782	0
1783	1
1784	0
1785	0
1786	0
1787	0
1788	0
1789	0
1790	0
1791	0
1792	0
1793	0
1794	1
1795	0
1796	0
1797	0
1798	0
1799	0
1800	0
1801	0
1802	0
1803	0
1804	0
1805	0
1806	0
1807	0
1808	0
1809	0
1810	0
1811	0
1812	0
1813	0
1814	0
1815	0
1816	0
1817	0
1818	0
1819	0
1820	0
1821	0
1822	0
1823	0
1824	0
1825	0
1826	0
1827	0
1828	0
1829	0
1830	0
1831	0
1832	0
1833	0
1834	0
1835	0
1836	0
1837	0
1838	0
1839	0
1840	0
1841	0
1842	0
1843	0
1844	0
1845	0
1846	0
1847	0
1848	0
1849	0
1850	0
1851	0
1852	0
1853	0
1854	0
1855	0
1856	0
1857	0
1858	0
1859	1
1860	0
1861	0
1862	0
1863	0
1864	0
1865	0
1866	0
1867	0
1868	0
1869	0
1870	0
1871	0
1872	0
1873	0
1874	0
1875	0
1876	0
1877	0
1878	0
1879	0
1880	0
1881	0
1882	0
1883	0
1884	0
1885	0
1886	0
1887	0
1888	0
1889	0
1890	0
1891	0
1892	0
1893	0
1894	0
1895	0
1896	0
1897	0
1898	0
1899	0
1900	0
1901	0
1902	0
1903	0
1904	0
1905	0
1906	0
1907	1
1908	0
1909	0
1910	0
1911	0
1912	0
1913	0
1914	0
1915	0
1916	0
1917	0
1918	0
1919	0
1920	0
1921	0
1922	0
1923	0
1924	0
1925	0
1926	0
1927	0
1928	0
1929	0
1930	0
1931	0
1932	0
1933	0
1934	0
1935	0
1936	0
1937	0
1938	0
1939	0
1940	0
1941	0
1942	0
1943	0
1944	0
1945	0
1946	0
1947	0
1948	0
1949	0
1950	0
1951	0
1952	0
1953	0
1954	0
1955	0
1956	0
1957	0
1958	0
1959	0
1960	0
1961	2
1962	0
1963	0
1964	0
1965	0
1966	0
1967	0
1968	0
1969	0
1970	0
1971	0
1972	0
1973	0
1974	0
1975	0
1976	1
1977	0
1978	0
1979	0
1980	0
1981	0
1982	0
1983	0
1984	0
1985	0
1986	0
1987	0
1988	0
1989	0
1990	0
1991	0
1992	0
1993	0
1994	0
1995	0
1996	0
1997	0
1998	0
1999	0
2000	0
2001	0
2002	0
2003	0
2004	0
2005	0
2006	0
2007	0
2008	0
2009	0
2010	0
2011	0
2012	0
2013	0
2014	0
2015	0
2016	0
2017	0
2018	0
2019	0
2020	0
2021	0
2022	0
2023	0
2024	0
2025	0
2026	0
2027	0
2028	0
2029	0
2030	0
2031	0
2032	0
2033	0
2034	0
2035	0
2036	0
2037	0
2038	0
2039	0
2040	0
2041	0
2042	0
2043	0
2044	0
2045	0
2046	0
2047	0
