0	0
1	0
2	0
3	0
4	0
5	0
6	0
7	0
8	0
9	0
10	134
11	278
12	281
13	298
14	302
15	314
16	318
17	291
18	300
19	277
20	296
21	323
22	274
23	346
24	326
25	291
26	332
27	321
28	327
29	346
30	327
31	328
32	339
33	344
34	317
35	360
36	338
37	332
38	379
39	334
40	310
41	325
42	306
43	344
44	360
45	339
46	327
47	305
48	355
49	338
50	351
51	325
52	307
53	300
54	331
55	305
56	322
57	342
58	323
59	329
60	305
61	308
62	261
63	350
64	334
65	351
66	326
67	323
68	323
69	319
70	314
71	332
72	297
73	311
74	298
75	307
76	312
77	362
78	298
79	311
80	299
81	339
82	347
83	320
84	321
85	303
86	329
87	285
88	328
89	296
90	332
91	339
92	325
93	308
94	328
95	335
96	315
97	301
98	309
99	308
100	327
101	309
102	322
103	283
104	306
105	323
106	325
107	303
108	317
109	307
110	314
111	314
112	325
113	303
114	312
115	303
116	324
117	317
118	346
119	340
120	329
121	333
122	339
123	329
124	348
125	345
126	369
127	333
128	355
129	349
130	389
131	387
132	359
133	388
134	377
135	410
136	366
137	389
138	355
139	379
140	359
141	376
142	384
143	349
144	392
145	375
146	346
147	353
148	382
149	355
150	338
151	360
152	365
153	350
154	349
155	332
156	330
157	289
158	375
159	336
160	360
161	349
162	349
163	323
164	352
165	337
166	329
167	336
168	352
169	310
170	325
171	328
172	331
173	304
174	294
175	327
176	375
177	338
178	333
179	341
180	348
181	325
182	300
183	312
184	318
185	316
186	318
187	298
188	314
189	333
190	297
191	293
192	332
193	304
194	312
195	307
196	323
197	302
198	276
199	273
200	301
201	278
202	296
203	304
204	313
205	323
206	268
207	295
208	292
209	311
210	321
211	324
212	314
213	283
214	279
215	307
216	301
217	292
218	291
219	283
220	297
221	280
222	300
223	288
224	263
225	256
226	266
227	255
228	251
229	248
230	238
231	205
232	235
233	195
234	208
235	198
236	192
237	191
238	171
239	173
240	159
241	144
242	155
243	158
244	155
245	141
246	157
247	137
248	131
249	130
250	133
251	122
252	115
253	131
254	126
255	121
256	120
257	109
258	118
259	116
260	120
261	134
262	113
263	108
264	109
265	133
266	123
267	124
268	93
269	114
270	125
271	86
272	97
273	90
274	108
275	104
276	112
277	92
278	83
279	105
280	100
281	72
282	95
283	95
284	90
285	111
286	92
287	106
288	121
289	106
290	97
291	123
292	93
293	113
294	108
295	99
296	110
297	96
298	104
299	103
300	114
301	127
302	108
303	123
304	120
305	110
306	116
307	110
308	128
309	131
310	144
311	151
312	156
313	163
314	175
315	213
316	210
317	244
318	248
319	275
320	295
321	380
322	429
323	465
324	504
325	547
326	625
327	651
328	776
329	845
330	902
331	1010
332	1088
333	1162
334	1297
335	1417
336	1444
337	1526
338	1648
339	1731
340	1805
341	1925
342	1975
343	2025
344	2130
345	2125
346	2217
347	2232
348	2165
349	2189
350	2226
351	2107
352	2132
353	1986
354	1969
355	1853
356	1771
357	1677
358	1539
359	1538
360	1403
361	1256
362	1174
363	1047
364	940
365	882
366	840
367	733
368	597
369	560
370	509
371	443
372	350
373	350
374	283
375	265
376	212
377	198
378	192
379	143
380	136
381	140
382	96
383	121
384	76
385	83
386	76
387	92
388	86
389	70
390	68
391	73
392	84
393	80
394	70
395	78
396	81
397	85
398	84
399	75
400	93
401	64
402	81
403	72
404	90
405	66
406	88
407	68
408	88
409	77
410	69
411	66
412	75
413	63
414	59
415	78
416	73
417	74
418	76
419	77
420	76
421	58
422	67
423	63
424	76
425	72
426	69
427	75
428	64
429	69
430	59
431	71
432	58
433	77
434	60
435	71
436	75
437	83
438	72
439	78
440	59
441	67
442	66
443	78
444	66
445	72
446	54
447	79
448	61
449	73
450	75
451	70
452	81
453	71
454	79
455	68
456	77
457	79
458	85
459	93
460	63
461	70
462	78
463	71
464	89
465	74
466	72
467	81
468	63
469	74
470	90
471	70
472	69
473	71
474	88
475	79
476	91
477	85
478	86
479	89
480	86
481	84
482	76
483	85
484	99
485	81
486	79
487	67
488	86
489	79
490	79
491	93
492	89
493	94
494	73
495	91
496	86
497	71
498	98
499	94
500	88
501	88
502	84
503	77
504	70
505	77
506	75
507	55
508	77
509	82
510	73
511	81
512	73
513	97
514	81
515	77
516	76
517	79
518	71
519	82
520	75
521	74
522	80
523	67
524	72
525	74
526	76
527	87
528	82
529	81
530	77
531	88
532	79
533	77
534	71
535	75
536	79
537	63
538	79
539	80
540	72
541	72
542	66
543	69
544	55
545	67
546	96
547	79
548	75
549	79
550	75
551	62
552	81
553	85
554	69
555	57
556	82
557	87
558	67
559	73
560	68
561	74
562	83
563	74
564	67
565	81
566	74
567	81
568	77
569	61
570	66
571	66
572	73
573	72
574	70
575	93
576	73
577	88
578	83
579	71
580	89
581	71
582	84
583	63
584	70
585	64
586	64
587	79
588	74
589	72
590	67
591	62
592	59
593	67
594	70
595	85
596	67
597	77
598	66
599	71
600	77
601	70
602	70
603	63
604	69
605	59
606	69
607	73
608	79
609	79
610	71
611	74
612	57
613	81
614	77
615	83
616	80
617	79
618	65
619	80
620	92
621	76
622	65
623	73
624	77
625	59
626	58
627	81
628	77
629	68
630	77
631	59
632	71
633	68
634	80
635	87
636	65
637	63
638	72
639	70
640	64
641	75
642	86
643	83
644	69
645	90
646	74
647	73
648	87
649	70
650	83
651	65
652	77
653	76
654	78
655	63
656	68
657	70
658	80
659	70
660	87
661	72
662	72
663	74
664	79
665	62
666	83
667	67
668	70
669	58
670	65
671	69
672	85
673	70
674	74
675	72
676	62
677	71
678	75
679	79
680	76
681	77
682	66
683	80
684	65
685	77
686	66
687	71
688	81
689	83
690	70
691	58
692	61
693	67
694	64
695	63
696	52
697	67
698	60
699	55
700	61
701	59
702	63
703	47
704	51
705	65
706	57
707	62
708	53
709	56
710	52
711	49
712	62
713	63
714	49
715	53
716	39
717	56
718	40
719	46
720	45
721	51
722	49
723	47
724	40
725	38
726	38
727	35
728	44
729	42
730	49
731	44
732	41
733	45
734	49
735	33
736	44
737	26
738	47
739	62
740	30
741	41
742	31
743	42
744	41
745	54
746	39
747	43
748	36
749	29
750	42
751	47
752	35
753	41
754	38
755	34
756	47
757	38
758	43
759	34
760	39
761	34
762	37
763	39
764	31
765	30
766	43
767	35
768	33
769	44
770	27
771	48
772	29
773	52
774	41
775	38
776	39
777	35
778	39
779	37
780	49
781	23
782	42
783	45
784	40
785	49
786	53
787	49
788	42
789	53
790	42
791	45
792	27
793	53
794	53
795	57
796	44
797	61
798	59
799	48
800	50
801	78
802	68
803	74
804	74
805	67
806	88
807	98
808	69
809	76
810	97
811	91
812	108
813	99
814	93
815	108
816	109
817	114
818	125
819	136
820	122
821	126
822	137
823	149
824	137
825	164
826	158
827	153
828	170
829	174
830	159
831	161
832	185
833	172
834	202
835	179
836	193
837	195
838	171
839	180
840	185
841	192
842	195
843	179
844	183
845	193
846	156
847	185
848	190
849	157
850	175
851	187
852	179
853	202
854	173
855	177
856	132
857	163
858	142
859	183
860	164
861	127
862	144
863	144
864	125
865	120
866	138
867	119
868	93
869	96
870	89
871	111
872	108
873	92
874	84
875	77
876	96
877	74
878	78
879	70
880	90
881	83
882	63
883	75
884	70
885	60
886	57
887	55
888	51
889	49
890	45
891	58
892	62
893	44
894	47
895	41
896	36
897	54
898	47
899	44
900	56
901	40
902	39
903	43
904	39
905	30
906	41
907	41
908	38
909	35
910	40
911	38
912	35
913	30
914	31
915	37
916	31
917	34
918	33
919	40
920	42
921	35
922	43
923	31
924	41
925	44
926	46
927	46
928	48
929	41
930	30
931	47
932	34
933	29
934	37
935	49
936	33
937	29
938	37
939	34
940	37
941	35
942	29
943	29
944	49
945	27
946	38
947	42
948	45
949	50
950	38
951	38
952	32
953	30
954	39
955	38
956	30
957	28
958	43
959	34
960	44
961	34
962	37
963	35
964	46
965	29
966	43
967	47
968	35
969	26
970	45
971	37
972	29
973	32
974	40
975	42
976	51
977	34
978	55
979	46
980	40
981	33
982	37
983	30
984	41
985	41
986	34
987	39
988	38
989	26
990	42
991	39
992	36
993	41
994	41
995	47
996	40
997	35
998	44
999	38
1000	27
1001	44
1002	39
1003	41
1004	36
1005	26
1006	41
1007	33
1008	32
1009	32
1010	40
1011	36
1012	40
1013	35
1014	49
1015	33
1016	28
1017	43
1018	46
1019	45
1020	35
1021	34
1022	34
1023	24
1024	43
1025	30
1026	43
1027	33
1028	34
1029	33
1030	35
1031	38
1032	31
1033	38
1034	25
1035	47
1036	26
1037	39
1038	25
1039	42
1040	34
1041	35
1042	37
1043	29
1044	28
1045	26
1046	31
1047	26
1048	25
1049	32
1050	24
1051	18
1052	32
1053	26
1054	23
1055	26
1056	26
1057	23
1058	25
1059	25
1060	25
1061	18
1062	27
1063	24
1064	17
1065	30
1066	17
1067	20
1068	21
1069	26
1070	15
1071	14
1072	18
1073	19
1074	16
1075	19
1076	12
1077	14
1078	16
1079	13
1080	17
1081	14
1082	13
1083	12
1084	13
1085	6
1086	20
1087	9
1088	8
1089	12
1090	14
1091	12
1092	10
1093	19
1094	14
1095	15
1096	6
1097	14
1098	10
1099	4
1100	10
1101	10
1102	7
1103	7
1104	5
1105	7
1106	12
1107	9
1108	13
1109	12
1110	11
1111	12
1112	14
1113	6
1114	9
1115	7
1116	13
1117	8
1118	8
1119	5
1120	11
1121	7
1122	6
1123	9
1124	8
1125	5
1126	10
1127	7
1128	14
1129	11
1130	8
1131	5
1132	8
1133	7
1134	14
1135	9
1136	16
1137	15
1138	11
1139	18
1140	14
1141	11
1142	14
1143	14
1144	13
1145	16
1146	21
1147	14
1148	17
1149	25
1150	19
1151	17
1152	14
1153	29
1154	30
1155	27
1156	35
1157	22
1158	26
1159	32
1160	47
1161	33
1162	29
1163	39
1164	35
1165	30
1166	42
1167	36
1168	49
1169	37
1170	37
1171	36
1172	47
1173	60
1174	36
1175	41
1176	56
1177	48
1178	54
1179	58
1180	54
1181	60
1182	63
1183	61
1184	52
1185	73
1186	67
1187	68
1188	53
1189	62
1190	64
1191	55
1192	49
1193	54
1194	51
1195	77
1196	60
1197	63
1198	62
1199	60
1200	66
1201	51
1202	58
1203	54
1204	62
1205	67
1206	53
1207	51
1208	53
1209	56
1210	47
1211	63
1212	56
1213	41
1214	42
1215	42
1216	55
1217	47
1218	35
1219	33
1220	33
1221	34
1222	30
1223	35
1224	33
1225	26
1226	20
1227	31
1228	22
1229	33
1230	17
1231	21
1232	19
1233	27
1234	15
1235	17
1236	18
1237	13
1238	13
1239	14
1240	10
1241	14
1242	11
1243	6
1244	9
1245	10
1246	8
1247	5
1248	7
1249	6
1250	5
1251	2
1252	1
1253	3
1254	3
1255	4
1256	5
1257	2
1258	3
1259	4
1260	5
1261	2
1262	1
1263	3
1264	4
1265	1
1266	1
1267	1
1268	2
1269	0
1270	1
1271	1
1272	1
1273	0
1274	1
1275	0
1276	3
1277	1
1278	2
1279	1
1280	1
1281	1
1282	1
1283	1
1284	0
1285	1
1286	0
1287	0
1288	0
1289	2
1290	0
1291	0
1292	0
1293	1
1294	0
1295	0
1296	1
1297	1
1298	0
1299	0
1300	3
1301	1
1302	0
1303	1
1304	0
1305	0
1306	0
1307	1
1308	0
1309	1
1310	0
1311	1
1312	3
1313	1
1314	0
1315	0
1316	0
1317	0
1318	0
1319	1
1320	1
1321	1
1322	2
1323	0
1324	1
1325	1
1326	0
1327	1
1328	0
1329	0
1330	0
1331	2
1332	0
1333	0
1334	3
1335	0
1336	2
1337	1
1338	0
1339	1
1340	1
1341	2
1342	1
1343	0
1344	0
1345	0
1346	0
1347	1
1348	0
1349	1
1350	2
1351	1
1352	0
1353	0
1354	0
1355	0
1356	0
1357	0
1358	1
1359	0
1360	0
1361	1
1362	0
1363	0
1364	1
1365	0
1366	0
1367	1
1368	0
1369	2
1370	2
1371	0
1372	1
1373	0
1374	1
1375	1
1376	0
1377	0
1378	0
1379	0
1380	0
1381	0
1382	0
1383	1
1384	1
1385	0
1386	1
1387	0
1388	0
1389	0
1390	0
1391	1
1392	0
1393	0
1394	1
1395	0
1396	1
1397	1
1398	0
1399	0
1400	1
1401	0
1402	0
1403	0
1404	0
1405	0
1406	0
1407	0
1408	0
1409	0
1410	0
1411	1
1412	0
1413	0
1414	0
1415	0
1416	0
1417	0
1418	0
1419	0
1420	0
1421	2
1422	0
1423	0
1424	0
1425	0
1426	0
1427	0
1428	0
1429	1
1430	2
1431	0
1432	0
1433	0
1434	0
1435	0
1436	1
1437	0
1438	0
1439	1
1440	1
1441	0
1442	1
1443	0
1444	1
1445	0
1446	0
1447	0
1448	0
1449	0
1450	0
1451	0
1452	0
1453	0
1454	0
1455	0
1456	1
1457	0
1458	0
1459	0
1460	0
1461	0
1462	0
1463	0
1464	1
1465	1
1466	0
1467	0
1468	1
1469	0
1470	0
1471	0
1472	0
1473	0
1474	0
1475	0
1476	0
1477	0
1478	0
1479	0
1480	0
1481	0
1482	0
1483	0
1484	0
1485	0
1486	0
1487	0
1488	0
1489	0
1490	0
1491	0
1492	0
1493	0
1494	0
1495	0
1496	1
1497	0
1498	0
1499	0
1500	0
1501	0
1502	0
1503	0
1504	0
1505	0
1506	0
1507	0
1508	0
1509	0
1510	0
1511	0
1512	0
1513	0
1514	0
1515	0
1516	0
1517	0
1518	0
1519	0
1520	0
1521	0
1522	0
1523	0
1524	0
1525	0
1526	0
1527	0
1528	0
1529	0
1530	0
1531	0
1532	0
1533	0
1534	0
1535	0
1536	1
1537	0
1538	0
1539	0
1540	0
1541	0
1542	0
1543	0
1544	0
1545	1
1546	0
1547	0
1548	0
1549	1
1550	0
1551	0
1552	0
1553	0
1554	0
1555	1
1556	0
1557	0
1558	0
1559	0
1560	1
1561	0
1562	0
1563	0
1564	0
1565	0
1566	0
1567	0
1568	0
1569	0
1570	0
1571	0
1572	0
1573	0
1574	0
1575	0
1576	0
1577	0
1578	1
1579	0
1580	0
1581	1
1582	0
1583	0
1584	1
1585	0
1586	0
1587	0
1588	0
1589	0
1590	0
1591	0
1592	0
1593	0
1594	0
1595	0
1596	0
1597	0
1598	0
1599	0
1600	0
1601	0
1602	0
1603	0
1604	0
1605	0
1606	0
1607	0
1608	0
1609	1
1610	0
1611	0
1612	0
1613	0
1614	1
1615	0
1616	0
1617	0
1618	0
1619	0
1620	0
1621	0
1622	0
1623	0
1624	0
1625	0
1626	0
1627	0
1628	0
1629	0
1630	0
1631	0
1632	0
1633	1
1634	0
1635	0
1636	0
1637	0
1638	0
1639	0
1640	0
1641	0
1642	0
1643	0
1644	0
1645	0
1646	0
1647	0
1648	0
1649	0
1650	0
1651	0
1652	0
1653	0
1654	0
1655	0
1656	0
1657	0
1658	0
1659	0
1660	0
1661	1
1662	0
1663	0
1664	0
1665	0
1666	0
1667	0
1668	0
1669	0
1670	0
1671	0
1672	0
1673	0
1674	0
1675	0
1676	0
1677	0
1678	0
1679	0
1680	0
1681	0
1682	0
1683	0
1684	0
1685	0
1686	0
1687	0
1688	0
1689	0
1690	0
1691	0
1692	1
1693	0
1694	0
1695	0
1696	0
1697	0
1698	0
1699	0
1700	0
1701	0
1702	0
1703	0
1704	0
1705	0
1706	0
1707	0
1708	0
1709	0
1710	0
1711	0
1712	0
1713	0
1714	0
1715	0
1716	0
1717	0
1718	0
1719	0
1720	0
1721	0
1722	0
1723	0
1724	0
1725	0
1726	0
1727	0
1728	0
1729	0
1730	0
1731	0
1732	0
1733	0
1734	0
1735	0
1736	0
1737	0
1738	0
1739	0
1740	0
1741	0
1742	0
1743	0
1744	0
1745	0
1746	0
1747	0
1748	0
1749	0
1750	0
1751	0
1752	0
1753	0
1754	0
1755	0
1756	0
1757	0
1758	0
1759	0
1760	0
1761	0
1762	0
1763	0
1764	0
1765	0
1766	0
1767	0
1768	0
1769	0
1770	0
1771	0
1772	0
1773	0
1774	0
1775	0
1776	0
1777	0
1778	0
1779	0
1780	0
1781	0
1782	0
1783	0
1784	0
1785	0
1786	0
1787	0
1788	0
1789	0
1790	0
1791	0
1792	0
1793	0
1794	0
1795	0
1796	0
1797	0
1798	0
1799	0
1800	0
1801	0
1802	0
1803	0
1804	0
1805	0
1806	0
1807	0
1808	0
1809	0
1810	0
1811	0
1812	0
1813	0
1814	0
1815	0
1816	0
1817	0
1818	0
1819	0
1820	0
1821	0
1822	0
1823	0
1824	0
1825	0
1826	0
1827	0
1828	0
1829	0
1830	0
1831	0
1832	0
1833	0
1834	0
1835	0
1836	0
1837	0
1838	0
1839	0
1840	0
1841	0
1842	0
1843	0
1844	0
1845	0
1846	0
1847	0
1848	0
1849	0
1850	0
1851	0
1852	0
1853	0
1854	0
1855	0
1856	0
1857	0
1858	0
1859	0
1860	0
1861	0
1862	0
1863	0
1864	0
1865	0
1866	0
1867	0
1868	0
1869	0
1870	0
1871	0
1872	0
1873	0
1874	0
1875	0
1876	0
1877	0
1878	0
1879	0
1880	0
1881	0
1882	0
1883	0
1884	0
1885	0
1886	0
1887	0
1888	0
1889	0
1890	0
1891	0
1892	0
1893	0
1894	0
1895	0
1896	0
1897	0
1898	0
1899	0
1900	0
1901	0
1902	0
1903	0
1904	0
1905	0
1906	0
1907	0
1908	0
1909	0
1910	0
1911	0
1912	0
1913	0
1914	0
1915	0
1916	0
1917	1
1918	0
1919	0
1920	0
1921	0
1922	0
1923	0
1924	0
1925	0
1926	0
1927	0
1928	0
1929	0
1930	0
1931	0
1932	0
1933	0
1934	0
1935	0
1936	0
1937	0
1938	0
1939	0
1940	0
1941	0
1942	0
1943	0
1944	0
1945	0
1946	0
1947	0
1948	0
1949	0
1950	0
1951	0
1952	0
1953	0
1954	0
1955	0
1956	0
1957	0
1958	0
1959	0
1960	0
1961	0
1962	0
1963	0
1964	0
1965	0
1966	0
1967	0
1968	0
1969	0
1970	0
1971	0
1972	0
1973	0
1974	0
1975	0
1976	0
1977	0
1978	0
1979	0
1980	0
1981	0
1982	0
1983	0
1984	0
1985	0
1986	0
1987	0
1988	1
1989	0
1990	0
1991	0
1992	0
1993	0
1994	0
1995	0
1996	0
1997	0
1998	0
1999	0
2000	0
2001	0
2002	1
2003	0
2004	0
2005	0
2006	0
2007	0
2008	0
2009	0
2010	0
2011	0
2012	0
2013	0
2014	0
2015	0
2016	0
2017	0
2018	0
2019	0
2020	0
2021	0
2022	0
2023	0
2024	0
2025	0
2026	0
2027	0
2028	0
2029	0
2030	0
2031	0
2032	0
2033	0
2034	0
2035	0
2036	0
2037	0
2038	0
2039	0
2040	0
2041	0
2042	0
2043	0
2044	0
2045	0
2046	0
2047	0
