0	0
1	0
2	0
3	0
4	0
5	0
6	0
7	0
8	0
9	0
10	373
11	760
12	845
13	834
14	808
15	875
16	847
17	872
18	1026
19	1060
20	1329
21	1733
22	2707
23	4307
24	6355
25	7751
26	8250
27	7295
28	5626
29	3977
30	2753
31	1894
32	1424
33	1161
34	995
35	951
36	1000
37	931
38	910
39	935
40	911
41	882
42	922
43	987
44	920
45	880
46	940
47	950
48	984
49	931
50	881
51	882
52	914
53	886
54	902
55	919
56	860
57	858
58	880
59	878
60	836
61	845
62	916
63	883
64	928
65	883
66	913
67	921
68	907
69	880
70	885
71	868
72	941
73	869
74	894
75	860
76	898
77	948
78	879
79	881
80	898
81	899
82	892
83	853
84	958
85	875
86	865
87	848
88	937
89	844
90	870
91	832
92	945
93	868
94	872
95	851
96	900
97	838
98	836
99	849
100	850
101	884
102	880
103	890
104	822
105	829
106	876
107	905
108	841
109	820
110	891
111	861
112	917
113	888
114	889
115	892
116	833
117	843
118	880
119	849
120	938
121	866
122	892
123	904
124	945
125	950
126	974
127	989
128	1048
129	1012
130	1018
131	1019
132	1109
133	1130
134	1074
135	1137
136	1116
137	1137
138	1132
139	1082
140	1168
141	1118
142	1130
143	1088
144	1169
145	1127
146	1082
147	1074
148	1125
149	1105
150	1133
151	1044
152	1036
153	1084
154	1041
155	1090
156	1024
157	1043
158	1068
159	1017
160	1026
161	1033
162	986
163	986
164	958
165	1012
166	1029
167	937
168	985
169	1002
170	955
171	920
172	932
173	951
174	991
175	928
176	955
177	949
178	909
179	912
180	860
181	969
182	928
183	886
184	883
185	906
186	907
187	895
188	934
189	888
190	862
191	877
192	870
193	852
194	916
195	923
196	869
197	826
198	832
199	816
200	849
201	889
202	921
203	858
204	855
205	765
206	825
207	835
208	835
209	840
210	820
211	849
212	788
213	862
214	797
215	815
216	819
217	801
218	795
219	795
220	846
221	818
222	873
223	866
224	811
225	812
226	805
227	825
228	803
229	843
230	745
231	803
232	767
233	829
234	807
235	889
236	792
237	771
238	811
239	831
240	810
241	845
242	816
243	814
244	790
245	783
246	796
247	775
248	781
249	765
250	801
251	832
252	774
253	811
254	803
255	800
256	793
257	748
258	781
259	828
260	778
261	774
262	779
263	760
264	813
265	783
266	783
267	762
268	828
269	795
270	829
271	783
272	814
273	786
274	832
275	811
276	856
277	740
278	726
279	806
280	785
281	787
282	805
283	783
284	758
285	786
286	785
287	811
288	801
289	770
290	776
291	795
292	833
293	779
294	809
295	791
296	814
297	840
298	792
299	752
300	736
301	795
302	771
303	743
304	714
305	753
306	753
307	775
308	693
309	704
310	699
311	653
312	668
313	651
314	689
315	608
316	609
317	548
318	502
319	543
320	511
321	472
322	466
323	427
324	414
325	371
326	416
327	395
328	376
329	350
330	380
331	333
332	303
333	318
334	294
335	269
336	282
337	285
338	247
339	254
340	231
341	236
342	200
343	201
344	212
345	207
346	158
347	176
348	160
349	172
350	160
351	160
352	157
353	145
354	151
355	159
356	148
357	132
358	143
359	150
360	137
361	151
362	121
363	125
364	122
365	109
366	120
367	120
368	117
369	137
370	93
371	102
372	114
373	100
374	116
375	107
376	103
377	102
378	115
379	100
380	121
381	104
382	98
383	96
384	111
385	98
386	115
387	87
388	105
389	128
390	113
391	134
392	125
393	123
394	131
395	137
396	146
397	146
398	158
399	171
400	162
401	201
402	205
403	240
404	254
405	260
406	281
407	367
408	370
409	438
410	524
411	530
412	611
413	700
414	716
415	818
416	985
417	1041
418	1132
419	1219
420	1408
421	1600
422	1685
423	1835
424	2087
425	2270
426	2368
427	2589
428	2843
429	2992
430	3167
431	3371
432	3641
433	3816
434	3947
435	4267
436	4359
437	4690
438	4688
439	4885
440	4881
441	5064
442	5197
443	5214
444	5268
445	5167
446	5397
447	5119
448	5401
449	5255
450	5097
451	4883
452	4777
453	4733
454	4343
455	4271
456	3902
457	3758
458	3491
459	3260
460	3062
461	2835
462	2766
463	2440
464	2314
465	1975
466	1881
467	1692
468	1494
469	1352
470	1228
471	1102
472	962
473	835
474	685
475	666
476	544
477	478
478	401
479	362
480	305
481	269
482	220
483	189
484	162
485	147
486	89
487	87
488	93
489	53
490	47
491	47
492	40
493	36
494	35
495	30
496	41
497	23
498	22
499	27
500	18
501	19
502	24
503	22
504	12
505	19
506	12
507	18
508	13
509	13
510	16
511	13
512	17
513	15
514	11
515	11
516	17
517	17
518	14
519	18
520	10
521	11
522	7
523	10
524	7
525	9
526	14
527	9
528	6
529	17
530	16
531	8
532	14
533	12
534	12
535	10
536	15
537	9
538	6
539	11
540	11
541	15
542	6
543	13
544	12
545	11
546	12
547	13
548	13
549	12
550	13
551	10
552	14
553	10
554	16
555	12
556	13
557	16
558	11
559	8
560	9
561	9
562	6
563	6
564	7
565	6
566	9
567	12
568	10
569	9
570	14
571	12
572	14
573	16
574	7
575	6
576	11
577	14
578	11
579	10
580	11
581	15
582	9
583	11
584	10
585	11
586	13
587	8
588	6
589	8
590	8
591	8
592	7
593	3
594	9
595	8
596	5
597	9
598	9
599	9
600	9
601	3
602	11
603	7
604	6
605	5
606	6
607	5
608	6
609	7
610	5
611	5
612	9
613	8
614	14
615	2
616	7
617	11
618	4
619	3
620	9
621	7
622	6
623	10
624	3
625	4
626	3
627	9
628	11
629	5
630	3
631	14
632	5
633	4
634	7
635	7
636	6
637	4
638	5
639	9
640	5
641	8
642	4
643	5
644	5
645	12
646	10
647	10
648	8
649	2
650	9
651	6
652	4
653	5
654	5
655	4
656	8
657	4
658	8
659	6
660	8
661	4
662	6
663	2
664	6
665	6
666	4
667	1
668	4
669	6
670	6
671	5
672	9
673	6
674	6
675	2
676	4
677	2
678	8
679	6
680	4
681	4
682	4
683	2
684	4
685	6
686	4
687	6
688	4
689	3
690	4
691	9
692	4
693	2
694	5
695	3
696	7
697	5
698	3
699	2
700	6
701	3
702	5
703	2
704	3
705	2
706	5
707	4
708	6
709	5
710	2
711	5
712	4
713	4
714	3
715	5
716	4
717	4
718	5
719	3
720	3
721	4
722	2
723	2
724	2
725	3
726	4
727	1
728	4
729	4
730	4
731	2
732	6
733	5
734	7
735	6
736	5
737	6
738	4
739	4
740	4
741	3
742	4
743	7
744	2
745	2
746	6
747	4
748	5
749	6
750	3
751	2
752	2
753	2
754	4
755	3
756	2
757	2
758	3
759	4
760	3
761	3
762	4
763	2
764	4
765	9
766	4
767	1
768	4
769	1
770	0
771	1
772	3
773	3
774	1
775	8
776	5
777	2
778	4
779	3
780	3
781	4
782	5
783	0
784	2
785	6
786	1
787	3
788	3
789	4
790	1
791	2
792	2
793	3
794	6
795	2
796	1
797	2
798	2
799	2
800	1
801	1
802	3
803	3
804	2
805	1
806	3
807	1
808	2
809	1
810	3
811	3
812	2
813	2
814	2
815	2
816	1
817	2
818	7
819	3
820	3
821	3
822	1
823	3
824	3
825	0
826	1
827	6
828	3
829	5
830	3
831	3
832	1
833	2
834	3
835	3
836	2
837	2
838	5
839	2
840	1
841	3
842	0
843	2
844	1
845	3
846	4
847	2
848	1
849	2
850	2
851	2
852	2
853	4
854	2
855	5
856	3
857	4
858	4
859	4
860	6
861	2
862	1
863	4
864	2
865	5
866	3
867	7
868	2
869	4
870	4
871	6
872	1
873	7
874	4
875	2
876	5
877	4
878	5
879	2
880	4
881	4
882	2
883	6
884	5
885	4
886	5
887	2
888	1
889	3
890	1
891	1
892	0
893	5
894	3
895	1
896	3
897	2
898	1
899	1
900	3
901	4
902	2
903	3
904	5
905	1
906	0
907	3
908	3
909	4
910	1
911	1
912	0
913	2
914	1
915	4
916	2
917	0
918	0
919	4
920	1
921	2
922	1
923	1
924	0
925	1
926	0
927	0
928	2
929	1
930	1
931	0
932	1
933	0
934	1
935	0
936	0
937	0
938	0
939	0
940	0
941	0
942	0
943	1
944	0
945	0
946	0
947	0
948	0
949	0
950	0
951	0
952	0
953	0
954	0
955	0
956	0
957	0
958	0
959	0
960	0
961	1
962	0
963	0
964	0
965	0
966	0
967	0
968	0
969	0
970	0
971	0
972	0
973	0
974	0
975	0
976	0
977	0
978	0
979	0
980	0
981	0
982	0
983	0
984	0
985	1
986	0
987	0
988	0
989	0
990	0
991	0
992	0
993	0
994	0
995	0
996	0
997	0
998	0
999	0
1000	0
1001	0
1002	0
1003	0
1004	0
1005	1
1006	0
1007	0
1008	0
1009	0
1010	0
1011	0
1012	0
1013	0
1014	0
1015	0
1016	0
1017	0
1018	0
1019	0
1020	0
1021	0
1022	0
1023	0
1024	0
1025	0
1026	0
1027	0
1028	0
1029	0
1030	0
1031	0
1032	0
1033	0
1034	0
1035	0
1036	0
1037	0
1038	0
1039	0
1040	0
1041	0
1042	0
1043	0
1044	1
1045	1
1046	0
1047	1
1048	0
1049	0
1050	0
1051	0
1052	0
1053	1
1054	0
1055	0
1056	0
1057	0
1058	0
1059	0
1060	0
1061	0
1062	0
1063	0
1064	0
1065	0
1066	0
1067	1
1068	1
1069	0
1070	0
1071	0
1072	0
1073	0
1074	0
1075	0
1076	0
1077	0
1078	0
1079	0
1080	0
1081	0
1082	0
1083	0
1084	1
1085	0
1086	0
1087	0
1088	0
1089	0
1090	0
1091	0
1092	0
1093	1
1094	0
1095	0
1096	0
1097	0
1098	0
1099	0
1100	0
1101	0
1102	0
1103	0
1104	0
1105	0
1106	0
1107	0
1108	0
1109	0
1110	0
1111	0
1112	0
1113	0
1114	0
1115	0
1116	0
1117	0
1118	0
1119	0
1120	0
1121	0
1122	0
1123	0
1124	0
1125	0
1126	0
1127	0
1128	0
1129	0
1130	0
1131	0
1132	0
1133	0
1134	0
1135	0
1136	0
1137	0
1138	0
1139	0
1140	0
1141	0
1142	0
1143	0
1144	0
1145	0
1146	0
1147	0
1148	0
1149	0
1150	0
1151	0
1152	0
1153	0
1154	0
1155	0
1156	0
1157	0
1158	0
1159	0
1160	0
1161	0
1162	0
1163	0
1164	0
1165	0
1166	0
1167	0
1168	0
1169	0
1170	0
1171	0
1172	0
1173	0
1174	0
1175	1
1176	0
1177	0
1178	0
1179	0
1180	0
1181	0
1182	0
1183	0
1184	0
1185	0
1186	0
1187	0
1188	0
1189	0
1190	0
1191	0
1192	0
1193	0
1194	0
1195	0
1196	0
1197	0
1198	0
1199	0
1200	0
1201	0
1202	0
1203	0
1204	0
1205	0
1206	0
1207	0
1208	0
1209	0
1210	0
1211	0
1212	0
1213	0
1214	0
1215	0
1216	0
1217	0
1218	0
1219	0
1220	0
1221	0
1222	0
1223	0
1224	0
1225	0
1226	0
1227	0
1228	0
1229	0
1230	0
1231	0
1232	0
1233	0
1234	0
1235	0
1236	0
1237	1
1238	0
1239	0
1240	0
1241	0
1242	0
1243	0
1244	0
1245	0
1246	1
1247	0
1248	0
1249	0
1250	0
1251	0
1252	0
1253	0
1254	0
1255	0
1256	0
1257	0
1258	0
1259	0
1260	0
1261	0
1262	0
1263	0
1264	0
1265	0
1266	0
1267	0
1268	0
1269	0
1270	0
1271	0
1272	0
1273	0
1274	0
1275	0
1276	0
1277	0
1278	0
1279	0
1280	0
1281	0
1282	1
1283	0
1284	0
1285	0
1286	0
1287	0
1288	0
1289	0
1290	0
1291	0
1292	0
1293	0
1294	0
1295	0
1296	1
1297	0
1298	0
1299	0
1300	0
1301	0
1302	0
1303	0
1304	0
1305	0
1306	1
1307	0
1308	0
1309	0
1310	0
1311	0
1312	0
1313	0
1314	0
1315	0
1316	0
1317	0
1318	0
1319	1
1320	0
1321	0
1322	0
1323	0
1324	0
1325	0
1326	0
1327	0
1328	0
1329	0
1330	0
1331	0
1332	0
1333	0
1334	0
1335	0
1336	0
1337	0
1338	0
1339	0
1340	0
1341	0
1342	0
1343	0
1344	0
1345	0
1346	0
1347	0
1348	0
1349	0
1350	0
1351	0
1352	0
1353	0
1354	0
1355	0
1356	0
1357	0
1358	0
1359	0
1360	0
1361	0
1362	0
1363	0
1364	0
1365	0
1366	0
1367	0
1368	0
1369	0
1370	0
1371	0
1372	0
1373	0
1374	0
1375	0
1376	0
1377	0
1378	0
1379	0
1380	0
1381	0
1382	0
1383	0
1384	0
1385	0
1386	0
1387	0
1388	0
1389	0
1390	0
1391	0
1392	0
1393	0
1394	0
1395	0
1396	0
1397	0
1398	0
1399	0
1400	0
1401	0
1402	0
1403	0
1404	0
1405	0
1406	0
1407	0
1408	0
1409	0
1410	0
1411	0
1412	0
1413	0
1414	0
1415	0
1416	0
1417	0
1418	0
1419	0
1420	0
1421	0
1422	0
1423	0
1424	0
1425	0
1426	0
1427	0
1428	0
1429	0
1430	0
1431	0
1432	0
1433	0
1434	0
1435	0
1436	0
1437	0
1438	0
1439	0
1440	0
1441	0
1442	0
1443	0
1444	0
1445	0
1446	0
1447	0
1448	0
1449	0
1450	0
1451	0
1452	0
1453	0
1454	0
1455	0
1456	0
1457	0
1458	0
1459	1
1460	0
1461	0
1462	0
1463	0
1464	0
1465	0
1466	0
1467	0
1468	0
1469	0
1470	0
1471	0
1472	0
1473	0
1474	0
1475	0
1476	0
1477	0
1478	0
1479	0
1480	0
1481	0
1482	0
1483	0
1484	0
1485	0
1486	0
1487	0
1488	0
1489	0
1490	0
1491	0
1492	0
1493	0
1494	0
1495	0
1496	0
1497	0
1498	0
1499	0
1500	0
1501	0
1502	0
1503	0
1504	0
1505	0
1506	0
1507	0
1508	0
1509	0
1510	0
1511	0
1512	0
1513	0
1514	0
1515	0
1516	0
1517	0
1518	0
1519	0
1520	0
1521	0
1522	0
1523	0
1524	0
1525	0
1526	0
1527	0
1528	0
1529	0
1530	0
1531	0
1532	0
1533	0
1534	0
1535	0
1536	0
1537	0
1538	0
1539	0
1540	0
1541	0
1542	0
1543	0
1544	0
1545	0
1546	0
1547	0
1548	0
1549	0
1550	0
1551	0
1552	0
1553	0
1554	0
1555	0
1556	0
1557	0
1558	0
1559	0
1560	0
1561	0
1562	0
1563	0
1564	0
1565	0
1566	0
1567	0
1568	0
1569	0
1570	0
1571	0
1572	0
1573	0
1574	0
1575	0
1576	0
1577	0
1578	0
1579	0
1580	0
1581	0
1582	0
1583	0
1584	0
1585	0
1586	0
1587	0
1588	0
1589	0
1590	0
1591	0
1592	0
1593	0
1594	0
1595	0
1596	0
1597	0
1598	0
1599	0
1600	0
1601	0
1602	0
1603	0
1604	0
1605	0
1606	0
1607	0
1608	0
1609	0
1610	0
1611	0
1612	0
1613	0
1614	0
1615	0
1616	0
1617	0
1618	0
1619	1
1620	0
1621	0
1622	0
1623	0
1624	0
1625	0
1626	0
1627	0
1628	0
1629	0
1630	0
1631	0
1632	0
1633	0
1634	0
1635	0
1636	0
1637	0
1638	0
1639	0
1640	0
1641	0
1642	0
1643	0
1644	0
1645	0
1646	0
1647	0
1648	0
1649	0
1650	0
1651	0
1652	0
1653	0
1654	0
1655	0
1656	0
1657	0
1658	0
1659	0
1660	0
1661	0
1662	0
1663	0
1664	0
1665	0
1666	0
1667	0
1668	0
1669	0
1670	0
1671	0
1672	0
1673	0
1674	0
1675	0
1676	0
1677	0
1678	0
1679	0
1680	0
1681	0
1682	0
1683	0
1684	0
1685	0
1686	0
1687	0
1688	0
1689	0
1690	0
1691	0
1692	0
1693	0
1694	0
1695	0
1696	0
1697	1
1698	0
1699	0
1700	0
1701	0
1702	0
1703	0
1704	0
1705	0
1706	0
1707	0
1708	0
1709	0
1710	0
1711	0
1712	0
1713	0
1714	0
1715	0
1716	0
1717	0
1718	0
1719	0
1720	0
1721	0
1722	0
1723	0
1724	1
1725	0
1726	0
1727	0
1728	0
1729	0
1730	0
1731	0
1732	0
1733	0
1734	0
1735	0
1736	0
1737	0
1738	0
1739	0
1740	0
1741	0
1742	0
1743	0
1744	0
1745	0
1746	0
1747	0
1748	0
1749	0
1750	0
1751	0
1752	0
1753	0
1754	0
1755	0
1756	0
1757	0
1758	0
1759	0
1760	0
1761	0
1762	0
1763	0
1764	0
1765	0
1766	0
1767	0
1768	0
1769	0
1770	0
1771	0
1772	0
1773	0
1774	0
1775	0
1776	0
1777	0
1778	0
1779	0
1780	0
1781	0
1782	0
1783	0
1784	0
1785	0
1786	0
1787	0
1788	0
1789	0
1790	0
1791	0
1792	0
1793	0
1794	0
1795	0
1796	1
1797	0
1798	0
1799	0
1800	0
1801	0
1802	0
1803	0
1804	0
1805	0
1806	0
1807	0
1808	0
1809	0
1810	0
1811	0
1812	0
1813	0
1814	0
1815	0
1816	0
1817	0
1818	0
1819	0
1820	0
1821	0
1822	0
1823	0
1824	0
1825	0
1826	0
1827	0
1828	0
1829	0
1830	0
1831	0
1832	0
1833	0
1834	0
1835	0
1836	0
1837	0
1838	0
1839	0
1840	0
1841	0
1842	0
1843	0
1844	0
1845	0
1846	0
1847	0
1848	0
1849	0
1850	0
1851	0
1852	0
1853	0
1854	0
1855	0
1856	0
1857	0
1858	0
1859	0
1860	0
1861	0
1862	0
1863	0
1864	0
1865	0
1866	0
1867	0
1868	0
1869	0
1870	0
1871	0
1872	0
1873	0
1874	0
1875	0
1876	0
1877	0
1878	0
1879	0
1880	0
1881	0
1882	0
1883	0
1884	0
1885	0
1886	0
1887	0
1888	0
1889	0
1890	0
1891	0
1892	0
1893	0
1894	0
1895	0
1896	0
1897	0
1898	0
1899	0
1900	0
1901	0
1902	0
1903	0
1904	0
1905	0
1906	0
1907	0
1908	0
1909	0
1910	0
1911	0
1912	0
1913	0
1914	0
1915	0
1916	0
1917	0
1918	0
1919	0
1920	0
1921	0
1922	0
1923	0
1924	0
1925	0
1926	0
1927	0
1928	0
1929	0
1930	0
1931	0
1932	1
1933	0
1934	0
1935	0
1936	0
1937	0
1938	0
1939	0
1940	0
1941	0
1942	0
1943	0
1944	0
1945	0
1946	0
1947	0
1948	0
1949	0
1950	0
1951	0
1952	0
1953	0
1954	0
1955	0
1956	0
1957	0
1958	0
1959	0
1960	0
1961	0
1962	0
1963	0
1964	0
1965	0
1966	0
1967	0
1968	0
1969	1
1970	0
1971	0
1972	0
1973	0
1974	0
1975	0
1976	0
1977	0
1978	0
1979	0
1980	0
1981	0
1982	0
1983	0
1984	0
1985	0
1986	0
1987	0
1988	0
1989	0
1990	0
1991	0
1992	0
1993	0
1994	0
1995	0
1996	0
1997	0
1998	0
1999	0
2000	0
2001	0
2002	0
2003	0
2004	0
2005	0
2006	0
2007	0
2008	0
2009	0
2010	0
2011	0
2012	0
2013	0
2014	0
2015	0
2016	0
2017	0
2018	0
2019	0
2020	0
2021	0
2022	0
2023	0
2024	0
2025	0
2026	0
2027	0
2028	0
2029	0
2030	1
2031	1
2032	0
2033	0
2034	0
2035	0
2036	0
2037	0
2038	0
2039	0
2040	0
2041	0
2042	0
2043	0
2044	0
2045	0
2046	0
2047	0
