0	0
1	0
2	0
3	0
4	0
5	0
6	0
7	0
8	0
9	0
10	141
11	272
12	300
13	303
14	322
15	313
16	310
17	286
18	317
19	331
20	341
21	316
22	350
23	311
24	322
25	332
26	296
27	316
28	309
29	335
30	318
31	309
32	372
33	319
34	345
35	326
36	284
37	322
38	340
39	338
40	322
41	330
42	311
43	358
44	342
45	319
46	322
47	329
48	293
49	331
50	316
51	316
52	313
53	303
54	281
55	295
56	318
57	309
58	347
59	350
60	320
61	345
62	369
63	323
64	308
65	367
66	316
67	342
68	332
69	316
70	330
71	328
72	315
73	304
74	269
75	333
76	308
77	325
78	317
79	348
80	317
81	330
82	311
83	312
84	308
85	318
86	304
87	322
88	316
89	297
90	343
91	317
92	308
93	316
94	289
95	322
96	315
97	323
98	293
99	328
100	300
101	332
102	331
103	291
104	299
105	334
106	318
107	340
108	286
109	330
110	310
111	290
112	310
113	275
114	309
115	315
116	337
117	326
118	339
119	357
120	321
121	369
122	362
123	385
124	367
125	367
126	374
127	374
128	378
129	394
130	393
131	392
132	400
133	382
134	381
135	398
136	364
137	378
138	351
139	350
140	369
141	325
142	345
143	388
144	336
145	368
146	363
147	406
148	352
149	339
150	357
151	395
152	355
153	342
154	371
155	377
156	328
157	325
158	372
159	302
160	340
161	340
162	349
163	327
164	342
165	316
166	367
167	353
168	310
169	320
170	313
171	332
172	339
173	342
174	339
175	329
176	306
177	318
178	340
179	354
180	289
181	314
182	310
183	290
184	312
185	321
186	332
187	327
188	315
189	311
190	333
191	372
192	321
193	310
194	294
195	276
196	292
197	331
198	303
199	295
200	331
201	297
202	278
203	331
204	316
205	304
206	322
207	290
208	309
209	300
210	292
211	328
212	298
213	330
214	308
215	305
216	314
217	297
218	305
219	253
220	293
221	305
222	262
223	277
224	266
225	260
226	233
227	235
228	252
229	229
230	247
231	213
232	215
233	210
234	187
235	195
236	193
237	222
238	175
239	176
240	160
241	147
242	152
243	149
244	145
245	157
246	123
247	152
248	129
249	119
250	107
251	123
252	135
253	148
254	138
255	122
256	111
257	113
258	107
259	122
260	111
261	125
262	116
263	108
264	118
265	120
266	105
267	113
268	91
269	101
270	93
271	111
272	106
273	104
274	104
275	115
276	95
277	102
278	88
279	132
280	99
281	99
282	106
283	116
284	96
285	98
286	104
287	100
288	93
289	90
290	90
291	96
292	87
293	93
294	103
295	118
296	94
297	113
298	105
299	93
300	121
301	124
302	101
303	133
304	97
305	115
306	113
307	106
308	134
309	128
310	141
311	145
312	167
313	160
314	205
315	209
316	249
317	256
318	271
319	301
320	385
321	373
322	429
323	512
324	534
325	606
326	636
327	726
328	745
329	923
330	955
331	1036
332	1116
333	1255
334	1316
335	1427
336	1620
337	1667
338	1756
339	1758
340	1939
341	1966
342	2093
343	2096
344	2102
345	2123
346	2122
347	2219
348	2264
349	2096
350	2088
351	2066
352	2023
353	1975
354	1945
355	1765
356	1686
357	1638
358	1549
359	1367
360	1356
361	1256
362	1056
363	971
364	905
365	811
366	687
367	623
368	576
369	547
370	409
371	365
372	352
373	293
374	259
375	230
376	190
377	168
378	153
379	167
380	139
381	121
382	113
383	113
384	86
385	87
386	79
387	88
388	76
389	82
390	86
391	91
392	74
393	67
394	74
395	86
396	70
397	84
398	88
399	99
400	71
401	82
402	74
403	85
404	84
405	66
406	68
407	74
408	56
409	92
410	82
411	70
412	72
413	67
414	62
415	59
416	64
417	62
418	65
419	68
420	58
421	64
422	76
423	64
424	61
425	66
426	67
427	71
428	83
429	80
430	69
431	69
432	69
433	65
434	65
435	63
436	54
437	66
438	55
439	69
440	71
441	95
442	71
443	73
444	65
445	89
446	85
447	74
448	78
449	61
450	73
451	70
452	76
453	71
454	80
455	57
456	86
457	66
458	81
459	81
460	79
461	101
462	76
463	79
464	89
465	68
466	80
467	71
468	82
469	100
470	71
471	75
472	73
473	72
474	88
475	68
476	88
477	61
478	85
479	75
480	68
481	76
482	93
483	65
484	76
485	75
486	80
487	83
488	91
489	77
490	77
491	79
492	97
493	69
494	83
495	80
496	103
497	71
498	86
499	93
500	79
501	83
502	90
503	69
504	92
505	85
506	65
507	78
508	87
509	99
510	77
511	92
512	85
513	84
514	67
515	75
516	91
517	72
518	78
519	89
520	81
521	60
522	69
523	81
524	77
525	82
526	96
527	87
528	72
529	68
530	90
531	64
532	74
533	84
534	59
535	79
536	88
537	67
538	82
539	79
540	77
541	65
542	67
543	79
544	87
545	81
546	71
547	86
548	73
549	89
550	71
551	66
552	73
553	72
554	90
555	87
556	77
557	68
558	78
559	63
560	74
561	69
562	78
563	70
564	75
565	72
566	81
567	74
568	74
569	73
570	84
571	74
572	75
573	79
574	69
575	73
576	67
577	86
578	67
579	73
580	64
581	77
582	74
583	78
584	62
585	70
586	63
587	69
588	74
589	77
590	75
591	67
592	82
593	75
594	66
595	76
596	75
597	72
598	75
599	92
600	68
601	77
602	82
603	67
604	80
605	80
606	85
607	89
608	75
609	82
610	69
611	78
612	81
613	79
614	69
615	72
616	71
617	83
618	87
619	72
620	76
621	67
622	86
623	64
624	68
625	78
626	82
627	75
628	68
629	85
630	85
631	77
632	82
633	76
634	66
635	77
636	90
637	81
638	82
639	61
640	80
641	68
642	70
643	73
644	67
645	90
646	71
647	74
648	79
649	63
650	85
651	71
652	76
653	74
654	80
655	71
656	80
657	83
658	76
659	77
660	79
661	64
662	101
663	74
664	65
665	64
666	82
667	65
668	75
669	76
670	69
671	76
672	53
673	78
674	77
675	61
676	78
677	90
678	81
679	73
680	82
681	64
682	72
683	64
684	77
685	83
686	76
687	74
688	76
689	81
690	66
691	67
692	70
693	48
694	57
695	64
696	62
697	64
698	52
699	57
700	50
701	56
702	49
703	56
704	48
705	54
706	64
707	58
708	60
709	57
710	52
711	55
712	57
713	52
714	50
715	60
716	52
717	46
718	38
719	42
720	45
721	41
722	50
723	46
724	40
725	50
726	51
727	49
728	54
729	59
730	39
731	36
732	48
733	52
734	37
735	38
736	38
737	43
738	40
739	48
740	49
741	46
742	38
743	36
744	41
745	36
746	39
747	37
748	38
749	31
750	38
751	44
752	45
753	30
754	26
755	35
756	44
757	44
758	30
759	28
760	37
761	42
762	42
763	33
764	39
765	42
766	30
767	35
768	40
769	27
770	39
771	37
772	40
773	35
774	41
775	44
776	33
777	43
778	36
779	38
780	42
781	41
782	37
783	46
784	48
785	39
786	49
787	56
788	50
789	37
790	44
791	51
792	56
793	43
794	46
795	57
796	69
797	65
798	59
799	76
800	62
801	74
802	63
803	55
804	70
805	77
806	99
807	99
808	101
809	92
810	87
811	98
812	104
813	114
814	111
815	108
816	120
817	109
818	130
819	152
820	137
821	133
822	138
823	157
824	153
825	147
826	166
827	199
828	160
829	157
830	173
831	188
832	185
833	195
834	182
835	207
836	203
837	160
838	183
839	169
840	168
841	222
842	197
843	175
844	153
845	161
846	177
847	161
848	153
849	188
850	172
851	182
852	159
853	177
854	151
855	160
856	162
857	168
858	144
859	109
860	129
861	125
862	131
863	132
864	126
865	122
866	101
867	119
868	111
869	107
870	106
871	81
872	86
873	97
874	94
875	85
876	94
877	74
878	66
879	67
880	60
881	69
882	66
883	71
884	57
885	59
886	45
887	72
888	45
889	47
890	40
891	50
892	50
893	47
894	56
895	44
896	29
897	43
898	44
899	50
900	57
901	33
902	45
903	41
904	36
905	46
906	34
907	40
908	41
909	41
910	35
911	48
912	29
913	36
914	42
915	49
916	37
917	42
918	38
919	41
920	29
921	36
922	42
923	41
924	39
925	46
926	31
927	27
928	44
929	35
930	43
931	46
932	30
933	39
934	35
935	33
936	30
937	42
938	37
939	32
940	46
941	29
942	49
943	47
944	44
945	37
946	38
947	34
948	35
949	48
950	34
951	38
952	42
953	41
954	42
955	36
956	28
957	38
958	35
959	41
960	41
961	31
962	39
963	32
964	39
965	36
966	44
967	37
968	39
969	42
970	34
971	39
972	48
973	29
974	37
975	42
976	44
977	34
978	50
979	29
980	39
981	51
982	38
983	35
984	48
985	45
986	47
987	27
988	30
989	23
990	32
991	36
992	31
993	45
994	37
995	42
996	36
997	31
998	30
999	39
1000	46
1001	37
1002	36
1003	42
1004	31
1005	44
1006	35
1007	32
1008	36
1009	42
1010	37
1011	32
1012	29
1013	28
1014	40
1015	37
1016	30
1017	30
1018	32
1019	31
1020	23
1021	27
1022	45
1023	34
1024	32
1025	29
1026	24
1027	35
1028	32
1029	25
1030	22
1031	52
1032	36
1033	28
1034	34
1035	29
1036	29
1037	28
1038	31
1039	36
1040	30
1041	26
1042	26
1043	26
1044	27
1045	35
1046	20
1047	28
1048	23
1049	28
1050	24
1051	25
1052	23
1053	32
1054	35
1055	22
1056	21
1057	32
1058	26
1059	22
1060	17
1061	22
1062	23
1063	16
1064	19
1065	19
1066	19
1067	20
1068	18
1069	21
1070	25
1071	20
1072	16
1073	17
1074	23
1075	20
1076	20
1077	22
1078	12
1079	25
1080	12
1081	20
1082	16
1083	12
1084	12
1085	9
1086	10
1087	10
1088	14
1089	17
1090	12
1091	15
1092	11
1093	14
1094	11
1095	15
1096	11
1097	10
1098	7
1099	5
1100	10
1101	10
1102	14
1103	15
1104	8
1105	8
1106	13
1107	3
1108	8
1109	7
1110	7
1111	10
1112	10
1113	8
1114	7
1115	13
1116	2
1117	15
1118	2
1119	9
1120	5
1121	13
1122	7
1123	4
1124	5
1125	10
1126	5
1127	13
1128	10
1129	11
1130	6
1131	6
1132	10
1133	9
1134	19
1135	11
1136	16
1137	18
1138	19
1139	14
1140	16
1141	15
1142	15
1143	15
1144	18
1145	18
1146	24
1147	21
1148	16
1149	22
1150	27
1151	29
1152	29
1153	30
1154	25
1155	26
1156	22
1157	20
1158	36
1159	31
1160	44
1161	41
1162	55
1163	34
1164	38
1165	47
1166	33
1167	47
1168	54
1169	62
1170	42
1171	37
1172	48
1173	47
1174	39
1175	67
1176	59
1177	49
1178	54
1179	55
1180	55
1181	62
1182	66
1183	60
1184	55
1185	69
1186	48
1187	81
1188	69
1189	51
1190	63
1191	68
1192	52
1193	59
1194	60
1195	65
1196	62
1197	60
1198	74
1199	58
1200	56
1201	49
1202	61
1203	46
1204	58
1205	63
1206	57
1207	56
1208	40
1209	48
1210	38
1211	45
1212	41
1213	31
1214	38
1215	35
1216	34
1217	38
1218	41
1219	32
1220	25
1221	28
1222	27
1223	24
1224	21
1225	16
1226	21
1227	14
1228	20
1229	19
1230	11
1231	15
1232	9
1233	14
1234	19
1235	17
1236	11
1237	12
1238	19
1239	9
1240	12
1241	9
1242	12
1243	7
1244	3
1245	9
1246	2
1247	6
1248	10
1249	7
1250	5
1251	3
1252	3
1253	2
1254	6
1255	5
1256	0
1257	4
1258	3
1259	2
1260	2
1261	1
1262	1
1263	0
1264	2
1265	0
1266	0
1267	1
1268	1
1269	0
1270	2
1271	1
1272	0
1273	1
1274	1
1275	0
1276	1
1277	0
1278	1
1279	0
1280	0
1281	0
1282	1
1283	1
1284	1
1285	2
1286	0
1287	1
1288	2
1289	0
1290	0
1291	2
1292	0
1293	1
1294	0
1295	0
1296	1
1297	0
1298	0
1299	0
1300	0
1301	1
1302	1
1303	0
1304	0
1305	1
1306	1
1307	1
1308	0
1309	1
1310	0
1311	0
1312	0
1313	1
1314	2
1315	1
1316	1
1317	0
1318	1
1319	0
1320	0
1321	1
1322	0
1323	0
1324	1
1325	1
1326	0
1327	0
1328	1
1329	1
1330	2
1331	0
1332	2
1333	3
1334	0
1335	1
1336	0
1337	0
1338	1
1339	0
1340	0
1341	1
1342	2
1343	0
1344	0
1345	0
1346	1
1347	0
1348	0
1349	0
1350	0
1351	0
1352	0
1353	1
1354	3
1355	0
1356	0
1357	2
1358	0
1359	1
1360	0
1361	1
1362	0
1363	1
1364	1
1365	1
1366	0
1367	0
1368	1
1369	0
1370	1
1371	2
1372	1
1373	0
1374	0
1375	1
1376	0
1377	0
1378	0
1379	1
1380	0
1381	0
1382	0
1383	0
1384	2
1385	1
1386	1
1387	1
1388	0
1389	0
1390	0
1391	0
1392	0
1393	1
1394	0
1395	1
1396	0
1397	0
1398	2
1399	1
1400	0
1401	0
1402	1
1403	0
1404	0
1405	0
1406	0
1407	0
1408	1
1409	0
1410	0
1411	0
1412	0
1413	0
1414	0
1415	0
1416	0
1417	0
1418	0
1419	0
1420	0
1421	0
1422	0
1423	1
1424	0
1425	0
1426	0
1427	0
1428	0
1429	0
1430	0
1431	1
1432	0
1433	0
1434	0
1435	0
1436	0
1437	0
1438	0
1439	1
1440	0
1441	0
1442	0
1443	0
1444	0
1445	0
1446	0
1447	1
1448	0
1449	0
1450	0
1451	0
1452	0
1453	1
1454	0
1455	0
1456	1
1457	0
1458	0
1459	0
1460	0
1461	0
1462	0
1463	0
1464	0
1465	0
1466	1
1467	0
1468	0
1469	0
1470	0
1471	0
1472	0
1473	0
1474	0
1475	0
1476	0
1477	0
1478	0
1479	0
1480	0
1481	0
1482	0
1483	0
1484	0
1485	0
1486	0
1487	0
1488	0
1489	0
1490	0
1491	0
1492	0
1493	0
1494	0
1495	1
1496	0
1497	1
1498	0
1499	1
1500	0
1501	0
1502	1
1503	0
1504	0
1505	0
1506	0
1507	0
1508	0
1509	0
1510	0
1511	0
1512	0
1513	0
1514	0
1515	0
1516	0
1517	0
1518	0
1519	0
1520	0
1521	0
1522	0
1523	0
1524	0
1525	0
1526	0
1527	0
1528	0
1529	0
1530	0
1531	0
1532	0
1533	0
1534	0
1535	0
1536	0
1537	0
1538	0
1539	0
1540	0
1541	0
1542	0
1543	0
1544	0
1545	0
1546	1
1547	0
1548	0
1549	1
1550	0
1551	0
1552	0
1553	0
1554	0
1555	0
1556	0
1557	1
1558	0
1559	0
1560	0
1561	0
1562	0
1563	0
1564	0
1565	1
1566	0
1567	0
1568	0
1569	0
1570	0
1571	0
1572	0
1573	0
1574	0
1575	0
1576	0
1577	0
1578	0
1579	0
1580	0
1581	0
1582	0
1583	0
1584	0
1585	0
1586	0
1587	0
1588	0
1589	0
1590	0
1591	0
1592	0
1593	0
1594	0
1595	0
1596	0
1597	0
1598	0
1599	0
1600	0
1601	0
1602	0
1603	0
1604	0
1605	0
1606	0
1607	0
1608	0
1609	0
1610	0
1611	0
1612	1
1613	0
1614	0
1615	0
1616	0
1617	0
1618	0
1619	1
1620	0
1621	0
1622	0
1623	0
1624	0
1625	0
1626	0
1627	0
1628	0
1629	0
1630	0
1631	0
1632	0
1633	0
1634	0
1635	0
1636	0
1637	0
1638	0
1639	0
1640	0
1641	0
1642	0
1643	0
1644	0
1645	0
1646	0
1647	0
1648	0
1649	0
1650	0
1651	0
1652	0
1653	0
1654	0
1655	0
1656	0
1657	0
1658	0
1659	0
1660	0
1661	0
1662	0
1663	0
1664	0
1665	0
1666	0
1667	0
1668	0
1669	0
1670	0
1671	0
1672	0
1673	0
1674	0
1675	0
1676	0
1677	0
1678	0
1679	0
1680	0
1681	0
1682	0
1683	0
1684	0
1685	0
1686	0
1687	0
1688	0
1689	0
1690	0
1691	0
1692	0
1693	0
1694	0
1695	0
1696	0
1697	0
1698	0
1699	0
1700	0
1701	0
1702	0
1703	0
1704	0
1705	0
1706	0
1707	0
1708	0
1709	0
1710	0
1711	0
1712	0
1713	1
1714	0
1715	0
1716	0
1717	0
1718	0
1719	0
1720	0
1721	0
1722	0
1723	0
1724	0
1725	0
1726	0
1727	0
1728	0
1729	0
1730	0
1731	0
1732	0
1733	0
1734	0
1735	0
1736	0
1737	0
1738	0
1739	0
1740	1
1741	0
1742	0
1743	0
1744	0
1745	0
1746	0
1747	1
1748	0
1749	0
1750	0
1751	0
1752	0
1753	0
1754	0
1755	0
1756	0
1757	0
1758	0
1759	0
1760	0
1761	0
1762	0
1763	0
1764	0
1765	0
1766	0
1767	0
1768	0
1769	0
1770	0
1771	0
1772	0
1773	0
1774	0
1775	0
1776	0
1777	0
1778	0
1779	0
1780	0
1781	0
1782	0
1783	0
1784	0
1785	0
1786	0
1787	0
1788	1
1789	0
1790	0
1791	0
1792	0
1793	0
1794	0
1795	0
1796	0
1797	0
1798	0
1799	0
1800	1
1801	0
1802	0
1803	0
1804	0
1805	0
1806	0
1807	0
1808	0
1809	0
1810	0
1811	0
1812	0
1813	0
1814	0
1815	0
1816	0
1817	0
1818	0
1819	0
1820	0
1821	0
1822	0
1823	0
1824	0
1825	0
1826	0
1827	0
1828	0
1829	0
1830	0
1831	0
1832	0
1833	0
1834	0
1835	0
1836	0
1837	0
1838	0
1839	0
1840	0
1841	0
1842	0
1843	0
1844	0
1845	0
1846	0
1847	0
1848	0
1849	0
1850	0
1851	0
1852	0
1853	0
1854	0
1855	0
1856	0
1857	0
1858	0
1859	0
1860	0
1861	0
1862	0
1863	0
1864	0
1865	0
1866	0
1867	0
1868	0
1869	0
1870	0
1871	0
1872	0
1873	0
1874	0
1875	0
1876	0
1877	0
1878	0
1879	0
1880	0
1881	0
1882	0
1883	0
1884	0
1885	1
1886	0
1887	0
1888	0
1889	0
1890	0
1891	0
1892	0
1893	0
1894	0
1895	0
1896	0
1897	0
1898	0
1899	0
1900	0
1901	0
1902	0
1903	0
1904	0
1905	0
1906	0
1907	0
1908	0
1909	0
1910	0
1911	0
1912	0
1913	0
1914	0
1915	0
1916	0
1917	0
1918	0
1919	0
1920	0
1921	0
1922	0
1923	0
1924	0
1925	0
1926	0
1927	0
1928	0
1929	0
1930	0
1931	0
1932	0
1933	0
1934	0
1935	0
1936	0
1937	0
1938	0
1939	0
1940	0
1941	0
1942	0
1943	0
1944	0
1945	0
1946	0
1947	0
1948	0
1949	0
1950	0
1951	0
1952	0
1953	0
1954	1
1955	0
1956	0
1957	0
1958	0
1959	0
1960	0
1961	0
1962	0
1963	0
1964	0
1965	0
1966	0
1967	0
1968	0
1969	0
1970	0
1971	0
1972	0
1973	0
1974	0
1975	0
1976	0
1977	0
1978	0
1979	0
1980	0
1981	0
1982	0
1983	0
1984	0
1985	0
1986	0
1987	0
1988	0
1989	0
1990	0
1991	0
1992	0
1993	0
1994	0
1995	0
1996	0
1997	0
1998	0
1999	0
2000	0
2001	0
2002	0
2003	0
2004	0
2005	0
2006	0
2007	0
2008	0
2009	0
2010	0
2011	0
2012	0
2013	0
2014	0
2015	0
2016	0
2017	0
2018	0
2019	0
2020	0
2021	0
2022	0
2023	0
2024	0
2025	0
2026	0
2027	0
2028	0
2029	0
2030	0
2031	0
2032	0
2033	0
2034	0
2035	0
2036	0
2037	0
2038	0
2039	0
2040	0
2041	0
2042	0
2043	0
2044	0
2045	0
2046	0
2047	0
