0	0
1	0
2	0
3	0
4	0
5	0
6	0
7	0
8	0
9	0
10	222
11	466
12	455
13	441
14	449
15	463
16	491
17	513
18	480
19	495
20	505
21	496
22	515
23	522
24	531
25	528
26	531
27	477
28	507
29	503
30	504
31	488
32	480
33	493
34	511
35	544
36	451
37	486
38	485
39	488
40	511
41	501
42	522
43	567
44	519
45	498
46	533
47	493
48	487
49	515
50	497
51	536
52	498
53	492
54	504
55	490
56	508
57	497
58	504
59	493
60	528
61	518
62	526
63	467
64	493
65	531
66	537
67	534
68	488
69	582
70	518
71	509
72	509
73	517
74	511
75	534
76	556
77	494
78	553
79	478
80	504
81	493
82	498
83	518
84	477
85	498
86	481
87	504
88	488
89	525
90	545
91	499
92	510
93	554
94	521
95	552
96	502
97	498
98	488
99	535
100	563
101	521
102	530
103	504
104	521
105	461
106	528
107	521
108	541
109	531
110	544
111	522
112	492
113	494
114	534
115	514
116	515
117	537
118	514
119	510
120	555
121	560
122	529
123	528
124	485
125	554
126	540
127	525
128	519
129	482
130	511
131	562
132	512
133	554
134	540
135	549
136	501
137	553
138	572
139	537
140	545
141	554
142	558
143	587
144	634
145	648
146	633
147	640
148	628
149	624
150	695
151	693
152	643
153	676
154	682
155	693
156	666
157	755
158	720
159	741
160	699
161	689
162	706
163	714
164	667
165	685
166	708
167	740
168	635
169	638
170	681
171	640
172	669
173	637
174	631
175	666
176	607
177	608
178	618
179	624
180	642
181	606
182	649
183	641
184	584
185	604
186	605
187	588
188	584
189	573
190	607
191	606
192	625
193	609
194	585
195	602
196	597
197	607
198	605
199	655
200	592
201	615
202	607
203	568
204	607
205	584
206	551
207	601
208	579
209	582
210	606
211	621
212	566
213	589
214	558
215	570
216	578
217	570
218	592
219	576
220	592
221	610
222	559
223	601
224	601
225	583
226	601
227	568
228	530
229	541
230	553
231	556
232	521
233	591
234	530
235	536
236	526
237	518
238	522
239	488
240	522
241	519
242	555
243	541
244	562
245	561
246	551
247	545
248	508
249	525
250	577
251	513
252	557
253	505
254	540
255	515
256	487
257	565
258	532
259	544
260	489
261	531
262	568
263	541
264	540
265	525
266	537
267	549
268	512
269	561
270	535
271	487
272	583
273	488
274	554
275	565
276	504
277	508
278	518
279	519
280	493
281	521
282	498
283	513
284	489
285	485
286	533
287	502
288	515
289	475
290	509
291	517
292	538
293	470
294	527
295	504
296	491
297	506
298	491
299	501
300	439
301	493
302	480
303	502
304	468
305	513
306	510
307	525
308	543
309	499
310	513
311	516
312	487
313	466
314	469
315	487
316	478
317	498
318	464
319	497
320	499
321	507
322	488
323	501
324	519
325	496
326	483
327	538
328	514
329	484
330	505
331	515
332	495
333	470
334	471
335	466
336	496
337	528
338	498
339	512
340	500
341	489
342	521
343	537
344	501
345	512
346	514
347	510
348	523
349	490
350	495
351	489
352	473
353	516
354	504
355	467
356	478
357	490
358	504
359	510
360	483
361	455
362	508
363	513
364	483
365	487
366	468
367	518
368	487
369	467
370	516
371	464
372	505
373	473
374	472
375	517
376	486
377	525
378	480
379	500
380	454
381	455
382	479
383	516
384	506
385	509
386	494
387	506
388	485
389	490
390	483
391	521
392	464
393	462
394	482
395	500
396	484
397	493
398	487
399	524
400	497
401	492
402	479
403	459
404	490
405	489
406	522
407	499
408	458
409	481
410	532
411	512
412	450
413	501
414	461
415	492
416	489
417	479
418	459
419	488
420	526
421	518
422	511
423	504
424	459
425	505
426	514
427	494
428	537
429	543
430	497
431	502
432	492
433	500
434	512
435	509
436	511
437	495
438	506
439	518
440	458
441	492
442	517
443	500
444	485
445	486
446	521
447	496
448	523
449	506
450	496
451	538
452	466
453	523
454	462
455	535
456	507
457	511
458	536
459	511
460	535
461	500
462	510
463	496
464	488
465	496
466	530
467	518
468	521
469	522
470	512
471	525
472	537
473	548
474	530
475	531
476	546
477	498
478	500
479	491
480	535
481	524
482	491
483	553
484	505
485	531
486	511
487	484
488	534
489	474
490	516
491	507
492	559
493	529
494	549
495	518
496	527
497	542
498	493
499	497
500	539
501	549
502	569
503	533
504	531
505	558
506	510
507	519
508	549
509	517
510	547
511	542
512	544
513	531
514	515
515	548
516	536
517	555
518	555
519	533
520	578
521	539
522	555
523	531
524	550
525	559
526	501
527	555
528	520
529	516
530	552
531	573
532	575
533	576
534	531
535	558
536	581
537	561
538	566
539	587
540	548
541	569
542	570
543	605
544	556
545	559
546	589
547	550
548	589
549	589
550	549
551	588
552	563
553	594
554	588
555	563
556	612
557	625
558	595
559	570
560	576
561	575
562	542
563	572
564	589
565	629
566	586
567	600
568	588
569	611
570	597
571	583
572	585
573	596
574	627
575	637
576	610
577	603
578	573
579	580
580	604
581	609
582	633
583	634
584	595
585	597
586	578
587	635
588	580
589	604
590	588
591	620
592	642
593	588
594	633
595	568
596	615
597	592
598	577
599	616
600	578
601	588
602	629
603	662
604	589
605	578
606	598
607	622
608	578
609	578
610	584
611	553
612	579
613	596
614	563
615	570
616	590
617	588
618	591
619	553
620	616
621	600
622	566
623	571
624	578
625	551
626	537
627	550
628	585
629	539
630	535
631	549
632	552
633	557
634	533
635	505
636	523
637	478
638	466
639	488
640	499
641	512
642	482
643	465
644	464
645	468
646	464
647	453
648	478
649	467
650	432
651	406
652	434
653	432
654	458
655	376
656	452
657	417
658	436
659	413
660	393
661	412
662	403
663	417
664	413
665	395
666	427
667	375
668	397
669	390
670	385
671	369
672	398
673	430
674	407
675	390
676	382
677	398
678	394
679	402
680	373
681	397
682	387
683	378
684	361
685	364
686	384
687	381
688	345
689	358
690	393
691	370
692	383
693	371
694	398
695	396
696	385
697	340
698	403
699	341
700	394
701	385
702	391
703	371
704	401
705	386
706	368
707	393
708	355
709	376
710	365
711	344
712	368
713	358
714	339
715	357
716	344
717	329
718	344
719	366
720	374
721	358
722	384
723	408
724	420
725	366
726	381
727	403
728	388
729	418
730	409
731	426
732	426
733	466
734	437
735	477
736	500
737	495
738	530
739	488
740	579
741	576
742	603
743	582
744	634
745	683
746	699
747	752
748	734
749	744
750	873
751	873
752	843
753	869
754	994
755	995
756	953
757	1045
758	1069
759	1094
760	1106
761	1160
762	1187
763	1225
764	1218
765	1280
766	1217
767	1320
768	1368
769	1303
770	1353
771	1368
772	1390
773	1359
774	1425
775	1333
776	1307
777	1417
778	1395
779	1261
780	1319
781	1344
782	1324
783	1269
784	1226
785	1201
786	1238
787	1161
788	1174
789	1194
790	1078
791	1045
792	996
793	961
794	920
795	875
796	864
797	797
798	761
799	726
800	746
801	636
802	647
803	609
804	632
805	554
806	530
807	466
808	475
809	453
810	443
811	407
812	385
813	360
814	372
815	302
816	327
817	273
818	258
819	270
820	291
821	265
822	246
823	235
824	221
825	240
826	281
827	262
828	261
829	256
830	251
831	249
832	265
833	284
834	268
835	268
836	291
837	323
838	360
839	351
840	368
841	356
842	366
843	394
844	425
845	461
846	508
847	498
848	521
849	530
850	510
851	601
852	592
853	639
854	655
855	724
856	707
857	726
858	759
859	790
860	834
861	791
862	828
863	822
864	951
865	936
866	954
867	935
868	972
869	994
870	997
871	1040
872	1037
873	1070
874	1041
875	1059
876	1084
877	1054
878	1013
879	1103
880	1060
881	1115
882	1049
883	1018
884	1048
885	1020
886	1047
887	981
888	937
889	928
890	864
891	887
892	891
893	889
894	808
895	804
896	765
897	741
898	704
899	695
900	654
901	634
902	649
903	569
904	621
905	569
906	573
907	492
908	509
909	436
910	439
911	394
912	380
913	375
914	348
915	327
916	311
917	276
918	254
919	249
920	252
921	262
922	210
923	214
924	204
925	184
926	158
927	172
928	146
929	153
930	133
931	141
932	106
933	121
934	124
935	115
936	134
937	98
938	113
939	109
940	90
941	86
942	87
943	95
944	101
945	84
946	78
947	75
948	82
949	63
950	77
951	79
952	79
953	70
954	60
955	50
956	55
957	76
958	62
959	84
960	64
961	65
962	58
963	70
964	84
965	64
966	59
967	54
968	75
969	76
970	73
971	67
972	64
973	70
974	72
975	74
976	65
977	82
978	63
979	64
980	58
981	66
982	69
983	64
984	64
985	84
986	59
987	53
988	68
989	57
990	72
991	56
992	54
993	62
994	49
995	57
996	57
997	72
998	60
999	57
1000	77
1001	63
1002	60
1003	51
1004	59
1005	59
1006	60
1007	79
1008	72
1009	68
1010	52
1011	57
1012	77
1013	57
1014	53
1015	60
1016	51
1017	63
1018	68
1019	55
1020	70
1021	73
1022	73
1023	65
1024	61
1025	54
1026	62
1027	68
1028	58
1029	70
1030	46
1031	68
1032	54
1033	67
1034	63
1035	65
1036	64
1037	73
1038	79
1039	47
1040	68
1041	50
1042	57
1043	62
1044	70
1045	50
1046	60
1047	76
1048	65
1049	61
1050	53
1051	65
1052	44
1053	66
1054	54
1055	55
1056	47
1057	57
1058	65
1059	55
1060	69
1061	64
1062	46
1063	65
1064	57
1065	49
1066	60
1067	67
1068	63
1069	62
1070	61
1071	61
1072	63
1073	52
1074	56
1075	54
1076	52
1077	63
1078	66
1079	52
1080	62
1081	52
1082	60
1083	57
1084	68
1085	46
1086	56
1087	56
1088	62
1089	48
1090	52
1091	67
1092	59
1093	55
1094	53
1095	66
1096	55
1097	59
1098	56
1099	58
1100	43
1101	64
1102	66
1103	57
1104	54
1105	59
1106	57
1107	53
1108	54
1109	44
1110	43
1111	41
1112	51
1113	53
1114	53
1115	57
1116	68
1117	70
1118	51
1119	58
1120	49
1121	65
1122	46
1123	50
1124	57
1125	44
1126	55
1127	47
1128	59
1129	62
1130	66
1131	49
1132	59
1133	36
1134	53
1135	55
1136	47
1137	65
1138	49
1139	51
1140	48
1141	42
1142	60
1143	59
1144	54
1145	46
1146	57
1147	57
1148	50
1149	50
1150	42
1151	75
1152	55
1153	45
1154	51
1155	62
1156	38
1157	50
1158	46
1159	44
1160	56
1161	50
1162	44
1163	55
1164	50
1165	56
1166	47
1167	56
1168	57
1169	47
1170	54
1171	49
1172	66
1173	42
1174	44
1175	46
1176	48
1177	52
1178	50
1179	55
1180	41
1181	49
1182	45
1183	45
1184	53
1185	59
1186	53
1187	54
1188	54
1189	52
1190	47
1191	58
1192	47
1193	46
1194	43
1195	42
1196	52
1197	52
1198	40
1199	43
1200	44
1201	51
1202	56
1203	57
1204	41
1205	61
1206	57
1207	34
1208	59
1209	50
1210	52
1211	41
1212	48
1213	43
1214	56
1215	48
1216	57
1217	53
1218	49
1219	45
1220	51
1221	48
1222	46
1223	47
1224	48
1225	36
1226	52
1227	43
1228	44
1229	45
1230	46
1231	36
1232	45
1233	60
1234	46
1235	50
1236	44
1237	37
1238	48
1239	44
1240	47
1241	42
1242	43
1243	48
1244	47
1245	40
1246	46
1247	33
1248	46
1249	48
1250	34
1251	43
1252	37
1253	47
1254	42
1255	41
1256	40
1257	40
1258	30
1259	45
1260	46
1261	40
1262	64
1263	40
1264	25
1265	42
1266	40
1267	41
1268	40
1269	44
1270	50
1271	37
1272	38
1273	38
1274	39
1275	33
1276	56
1277	35
1278	49
1279	57
1280	44
1281	33
1282	43
1283	41
1284	46
1285	32
1286	48
1287	43
1288	36
1289	40
1290	41
1291	34
1292	42
1293	38
1294	40
1295	36
1296	46
1297	47
1298	35
1299	40
1300	36
1301	32
1302	45
1303	46
1304	41
1305	44
1306	51
1307	35
1308	36
1309	44
1310	46
1311	27
1312	33
1313	46
1314	54
1315	41
1316	39
1317	32
1318	37
1319	43
1320	44
1321	38
1322	42
1323	35
1324	50
1325	35
1326	52
1327	34
1328	46
1329	44
1330	44
1331	33
1332	39
1333	50
1334	48
1335	39
1336	36
1337	47
1338	45
1339	41
1340	43
1341	51
1342	38
1343	48
1344	24
1345	42
1346	33
1347	37
1348	31
1349	46
1350	37
1351	37
1352	48
1353	32
1354	37
1355	35
1356	39
1357	34
1358	37
1359	40
1360	33
1361	36
1362	40
1363	30
1364	29
1365	41
1366	32
1367	27
1368	34
1369	43
1370	44
1371	27
1372	44
1373	44
1374	45
1375	37
1376	36
1377	48
1378	34
1379	38
1380	39
1381	44
1382	44
1383	36
1384	35
1385	41
1386	30
1387	32
1388	38
1389	29
1390	35
1391	39
1392	40
1393	35
1394	33
1395	49
1396	42
1397	34
1398	51
1399	40
1400	31
1401	34
1402	40
1403	35
1404	43
1405	26
1406	34
1407	29
1408	30
1409	30
1410	37
1411	29
1412	34
1413	37
1414	27
1415	45
1416	28
1417	44
1418	38
1419	49
1420	36
1421	50
1422	43
1423	44
1424	37
1425	40
1426	46
1427	43
1428	39
1429	48
1430	36
1431	44
1432	37
1433	35
1434	28
1435	39
1436	30
1437	38
1438	33
1439	28
1440	30
1441	33
1442	31
1443	27
1444	43
1445	34
1446	26
1447	29
1448	42
1449	35
1450	49
1451	33
1452	36
1453	40
1454	33
1455	50
1456	34
1457	32
1458	34
1459	42
1460	48
1461	38
1462	46
1463	42
1464	34
1465	42
1466	28
1467	49
1468	40
1469	31
1470	33
1471	49
1472	50
1473	40
1474	42
1475	36
1476	40
1477	49
1478	31
1479	49
1480	44
1481	46
1482	28
1483	22
1484	34
1485	43
1486	32
1487	27
1488	33
1489	35
1490	47
1491	35
1492	34
1493	32
1494	28
1495	24
1496	26
1497	27
1498	36
1499	31
1500	31
1501	27
1502	31
1503	37
1504	38
1505	25
1506	27
1507	26
1508	25
1509	33
1510	19
1511	29
1512	28
1513	25
1514	25
1515	25
1516	16
1517	26
1518	31
1519	21
1520	19
1521	26
1522	24
1523	22
1524	21
1525	23
1526	18
1527	14
1528	28
1529	15
1530	26
1531	22
1532	17
1533	20
1534	17
1535	14
1536	14
1537	20
1538	19
1539	11
1540	16
1541	20
1542	11
1543	18
1544	16
1545	10
1546	17
1547	12
1548	16
1549	18
1550	20
1551	9
1552	12
1553	12
1554	12
1555	18
1556	11
1557	10
1558	14
1559	8
1560	6
1561	12
1562	9
1563	13
1564	10
1565	12
1566	10
1567	8
1568	8
1569	10
1570	8
1571	6
1572	5
1573	14
1574	9
1575	10
1576	7
1577	8
1578	8
1579	8
1580	7
1581	11
1582	5
1583	9
1584	12
1585	12
1586	11
1587	10
1588	8
1589	3
1590	11
1591	7
1592	7
1593	13
1594	13
1595	12
1596	14
1597	15
1598	12
1599	17
1600	4
1601	12
1602	18
1603	11
1604	15
1605	9
1606	15
1607	11
1608	14
1609	15
1610	19
1611	20
1612	20
1613	18
1614	15
1615	15
1616	33
1617	27
1618	31
1619	27
1620	20
1621	30
1622	24
1623	31
1624	35
1625	39
1626	27
1627	51
1628	28
1629	38
1630	27
1631	34
1632	36
1633	29
1634	40
1635	44
1636	29
1637	36
1638	45
1639	38
1640	36
1641	46
1642	42
1643	43
1644	47
1645	59
1646	44
1647	62
1648	51
1649	42
1650	43
1651	60
1652	41
1653	56
1654	53
1655	50
1656	35
1657	47
1658	41
1659	40
1660	46
1661	55
1662	57
1663	52
1664	51
1665	59
1666	50
1667	42
1668	45
1669	47
1670	49
1671	36
1672	49
1673	50
1674	37
1675	54
1676	37
1677	49
1678	41
1679	37
1680	44
1681	57
1682	31
1683	33
1684	35
1685	32
1686	27
1687	36
1688	41
1689	22
1690	24
1691	23
1692	27
1693	20
1694	27
1695	23
1696	31
1697	30
1698	22
1699	23
1700	21
1701	15
1702	21
1703	13
1704	16
1705	15
1706	17
1707	14
1708	14
1709	9
1710	11
1711	16
1712	11
1713	18
1714	20
1715	12
1716	11
1717	5
1718	8
1719	11
1720	8
1721	5
1722	6
1723	7
1724	7
1725	5
1726	0
1727	2
1728	3
1729	4
1730	7
1731	2
1732	1
1733	3
1734	1
1735	3
1736	2
1737	3
1738	3
1739	0
1740	2
1741	3
1742	3
1743	2
1744	1
1745	2
1746	0
1747	2
1748	0
1749	3
1750	2
1751	2
1752	0
1753	1
1754	2
1755	1
1756	1
1757	2
1758	1
1759	2
1760	1
1761	0
1762	1
1763	0
1764	1
1765	1
1766	2
1767	0
1768	0
1769	1
1770	1
1771	0
1772	0
1773	0
1774	1
1775	1
1776	0
1777	0
1778	2
1779	0
1780	0
1781	1
1782	0
1783	1
1784	0
1785	0
1786	2
1787	0
1788	1
1789	0
1790	1
1791	1
1792	0
1793	1
1794	2
1795	0
1796	0
1797	0
1798	2
1799	0
1800	0
1801	1
1802	0
1803	0
1804	0
1805	2
1806	0
1807	0
1808	0
1809	0
1810	0
1811	1
1812	0
1813	0
1814	0
1815	1
1816	0
1817	0
1818	1
1819	0
1820	1
1821	1
1822	0
1823	0
1824	0
1825	0
1826	0
1827	0
1828	0
1829	0
1830	1
1831	1
1832	0
1833	0
1834	0
1835	0
1836	1
1837	0
1838	0
1839	1
1840	0
1841	1
1842	0
1843	0
1844	0
1845	1
1846	0
1847	0
1848	1
1849	0
1850	0
1851	0
1852	1
1853	0
1854	1
1855	1
1856	0
1857	0
1858	0
1859	0
1860	0
1861	0
1862	0
1863	0
1864	0
1865	0
1866	0
1867	0
1868	0
1869	0
1870	0
1871	0
1872	1
1873	1
1874	0
1875	1
1876	1
1877	0
1878	0
1879	1
1880	0
1881	0
1882	0
1883	0
1884	0
1885	0
1886	0
1887	0
1888	0
1889	0
1890	0
1891	0
1892	0
1893	0
1894	1
1895	0
1896	0
1897	1
1898	0
1899	0
1900	0
1901	0
1902	0
1903	0
1904	1
1905	0
1906	1
1907	0
1908	0
1909	0
1910	0
1911	0
1912	0
1913	0
1914	1
1915	0
1916	0
1917	1
1918	0
1919	0
1920	1
1921	0
1922	0
1923	0
1924	0
1925	0
1926	0
1927	1
1928	0
1929	0
1930	0
1931	0
1932	1
1933	0
1934	1
1935	0
1936	0
1937	0
1938	0
1939	0
1940	1
1941	0
1942	0
1943	1
1944	0
1945	0
1946	0
1947	0
1948	0
1949	0
1950	0
1951	0
1952	0
1953	0
1954	1
1955	0
1956	0
1957	0
1958	0
1959	0
1960	0
1961	1
1962	0
1963	0
1964	0
1965	0
1966	0
1967	0
1968	2
1969	0
1970	0
1971	0
1972	0
1973	1
1974	0
1975	1
1976	0
1977	0
1978	0
1979	0
1980	0
1981	0
1982	0
1983	0
1984	0
1985	0
1986	0
1987	0
1988	1
1989	1
1990	0
1991	0
1992	0
1993	1
1994	0
1995	0
1996	1
1997	0
1998	0
1999	0
2000	0
2001	0
2002	1
2003	0
2004	0
2005	0
2006	0
2007	2
2008	0
2009	0
2010	0
2011	0
2012	0
2013	1
2014	0
2015	0
2016	0
2017	0
2018	0
2019	0
2020	0
2021	1
2022	1
2023	0
2024	0
2025	0
2026	0
2027	0
2028	0
2029	0
2030	0
2031	1
2032	0
2033	0
2034	0
2035	0
2036	0
2037	0
2038	0
2039	0
2040	0
2041	0
2042	0
2043	0
2044	0
2045	0
2046	0
2047	1
