0	0
1	0
2	0
3	0
4	0
5	0
6	0
7	0
8	0
9	0
10	147
11	296
12	322
13	327
14	334
15	308
16	311
17	280
18	329
19	326
20	327
21	330
22	320
23	322
24	321
25	326
26	324
27	333
28	338
29	304
30	352
31	339
32	336
33	337
34	289
35	317
36	351
37	334
38	323
39	349
40	324
41	365
42	325
43	349
44	316
45	347
46	323
47	296
48	343
49	310
50	357
51	347
52	285
53	299
54	320
55	325
56	306
57	314
58	314
59	369
60	342
61	305
62	356
63	319
64	322
65	312
66	337
67	284
68	321
69	323
70	353
71	323
72	332
73	302
74	326
75	341
76	323
77	293
78	326
79	333
80	325
81	333
82	320
83	331
84	290
85	315
86	350
87	323
88	318
89	332
90	317
91	323
92	333
93	311
94	306
95	323
96	306
97	344
98	310
99	309
100	296
101	322
102	334
103	333
104	319
105	335
106	303
107	303
108	311
109	344
110	337
111	301
112	311
113	350
114	311
115	331
116	329
117	348
118	382
119	347
120	333
121	369
122	388
123	359
124	347
125	367
126	396
127	400
128	377
129	363
130	363
131	387
132	364
133	388
134	397
135	386
136	375
137	368
138	355
139	388
140	388
141	365
142	349
143	391
144	334
145	370
146	339
147	364
148	379
149	377
150	345
151	397
152	364
153	349
154	306
155	327
156	347
157	361
158	327
159	374
160	351
161	329
162	342
163	348
164	352
165	337
166	346
167	363
168	326
169	330
170	357
171	358
172	326
173	324
174	334
175	359
176	355
177	323
178	338
179	326
180	291
181	326
182	337
183	315
184	323
185	333
186	309
187	285
188	322
189	336
190	321
191	339
192	335
193	301
194	299
195	299
196	330
197	306
198	322
199	309
200	334
201	300
202	310
203	310
204	309
205	304
206	292
207	323
208	295
209	349
210	329
211	291
212	314
213	324
214	303
215	290
216	303
217	323
218	312
219	275
220	269
221	289
222	296
223	242
224	267
225	266
226	231
227	246
228	245
229	225
230	208
231	225
232	237
233	198
234	182
235	201
236	192
237	165
238	175
239	153
240	150
241	183
242	170
243	140
244	171
245	146
246	143
247	148
248	136
249	121
250	148
251	133
252	131
253	117
254	146
255	120
256	115
257	115
258	124
259	128
260	113
261	135
262	109
263	110
264	98
265	112
266	110
267	109
268	106
269	112
270	109
271	110
272	109
273	103
274	93
275	111
276	125
277	98
278	94
279	99
280	90
281	104
282	111
283	102
284	96
285	107
286	83
287	103
288	90
289	99
290	110
291	114
292	117
293	116
294	94
295	104
296	78
297	112
298	91
299	123
300	100
301	117
302	92
303	109
304	140
305	105
306	124
307	131
308	134
309	144
310	146
311	172
312	179
313	188
314	218
315	245
316	267
317	283
318	288
319	365
320	423
321	453
322	495
323	544
324	644
325	735
326	723
327	803
328	886
329	962
330	1118
331	1222
332	1224
333	1389
334	1462
335	1562
336	1698
337	1767
338	1781
339	1902
340	1986
341	2061
342	2149
343	2139
344	2253
345	2145
346	2295
347	2224
348	2179
349	2170
350	2012
351	2036
352	1969
353	1784
354	1761
355	1647
356	1530
357	1454
358	1426
359	1267
360	1162
361	1110
362	1005
363	861
364	801
365	690
366	654
367	539
368	470
369	455
370	394
371	332
372	268
373	235
374	227
375	223
376	181
377	154
378	124
379	131
380	106
381	111
382	92
383	87
384	104
385	87
386	58
387	76
388	106
389	69
390	70
391	73
392	69
393	74
394	68
395	72
396	75
397	83
398	78
399	83
400	70
401	68
402	80
403	61
404	62
405	65
406	73
407	76
408	76
409	73
410	65
411	80
412	60
413	60
414	84
415	72
416	79
417	84
418	66
419	64
420	84
421	70
422	64
423	66
424	90
425	56
426	80
427	87
428	70
429	57
430	76
431	90
432	77
433	79
434	68
435	54
436	80
437	94
438	65
439	74
440	69
441	70
442	61
443	58
444	80
445	76
446	63
447	64
448	78
449	66
450	61
451	78
452	73
453	87
454	82
455	73
456	89
457	77
458	71
459	88
460	76
461	75
462	91
463	82
464	79
465	64
466	87
467	71
468	87
469	73
470	67
471	80
472	90
473	86
474	71
475	82
476	73
477	70
478	82
479	97
480	79
481	83
482	80
483	90
484	79
485	70
486	76
487	99
488	84
489	92
490	82
491	93
492	88
493	76
494	75
495	89
496	87
497	80
498	90
499	82
500	87
501	90
502	88
503	92
504	71
505	73
506	93
507	93
508	70
509	77
510	74
511	74
512	82
513	84
514	70
515	84
516	89
517	70
518	78
519	80
520	88
521	70
522	79
523	83
524	70
525	84
526	86
527	70
528	69
529	87
530	83
531	62
532	76
533	89
534	62
535	83
536	83
537	60
538	71
539	78
540	74
541	78
542	59
543	74
544	74
545	68
546	74
547	77
548	94
549	91
550	80
551	79
552	61
553	78
554	59
555	84
556	64
557	76
558	80
559	62
560	62
561	89
562	77
563	81
564	67
565	67
566	75
567	81
568	61
569	75
570	68
571	63
572	73
573	87
574	80
575	72
576	79
577	66
578	67
579	76
580	74
581	80
582	87
583	56
584	83
585	75
586	77
587	67
588	71
589	68
590	75
591	77
592	77
593	76
594	85
595	78
596	70
597	75
598	85
599	71
600	80
601	68
602	69
603	81
604	71
605	86
606	74
607	74
608	68
609	80
610	72
611	67
612	86
613	87
614	92
615	70
616	69
617	82
618	69
619	79
620	73
621	74
622	73
623	70
624	75
625	71
626	71
627	59
628	78
629	67
630	72
631	87
632	77
633	67
634	67
635	74
636	72
637	70
638	93
639	75
640	68
641	67
642	72
643	74
644	78
645	57
646	70
647	73
648	71
649	86
650	84
651	80
652	64
653	80
654	74
655	68
656	73
657	84
658	81
659	78
660	76
661	69
662	81
663	62
664	79
665	75
666	67
667	70
668	80
669	80
670	85
671	57
672	69
673	73
674	83
675	91
676	88
677	73
678	69
679	60
680	63
681	70
682	74
683	73
684	68
685	64
686	65
687	74
688	73
689	53
690	81
691	54
692	56
693	62
694	58
695	58
696	44
697	76
698	60
699	55
700	65
701	35
702	63
703	58
704	61
705	42
706	61
707	58
708	71
709	48
710	56
711	54
712	63
713	45
714	56
715	46
716	53
717	46
718	42
719	45
720	43
721	44
722	36
723	44
724	48
725	51
726	49
727	33
728	49
729	44
730	47
731	42
732	40
733	45
734	36
735	35
736	45
737	28
738	49
739	37
740	30
741	43
742	35
743	37
744	35
745	48
746	34
747	33
748	38
749	43
750	28
751	42
752	37
753	50
754	44
755	42
756	38
757	45
758	36
759	37
760	43
761	28
762	38
763	40
764	27
765	30
766	46
767	33
768	42
769	42
770	43
771	44
772	32
773	54
774	41
775	46
776	46
777	40
778	46
779	40
780	38
781	45
782	49
783	50
784	38
785	47
786	41
787	53
788	40
789	47
790	52
791	55
792	57
793	58
794	60
795	62
796	56
797	58
798	71
799	62
800	56
801	87
802	84
803	82
804	96
805	74
806	107
807	105
808	96
809	94
810	112
811	109
812	110
813	135
814	126
815	100
816	145
817	139
818	136
819	152
820	164
821	158
822	144
823	172
824	162
825	169
826	171
827	170
828	210
829	176
830	177
831	152
832	181
833	175
834	188
835	197
836	185
837	191
838	214
839	184
840	160
841	208
842	167
843	177
844	157
845	160
846	168
847	170
848	173
849	191
850	173
851	148
852	149
853	158
854	145
855	124
856	146
857	143
858	131
859	134
860	128
861	106
862	114
863	98
864	112
865	121
866	99
867	123
868	97
869	91
870	95
871	70
872	86
873	83
874	91
875	80
876	65
877	64
878	59
879	61
880	58
881	72
882	64
883	67
884	51
885	57
886	64
887	52
888	55
889	40
890	49
891	53
892	65
893	53
894	48
895	38
896	32
897	53
898	45
899	33
900	47
901	44
902	43
903	38
904	34
905	42
906	30
907	48
908	39
909	45
910	38
911	47
912	44
913	41
914	38
915	44
916	35
917	29
918	37
919	46
920	41
921	37
922	38
923	37
924	31
925	39
926	41
927	42
928	46
929	37
930	33
931	51
932	34
933	32
934	37
935	29
936	40
937	42
938	46
939	40
940	46
941	31
942	48
943	42
944	36
945	32
946	31
947	30
948	40
949	38
950	31
951	36
952	43
953	28
954	41
955	37
956	38
957	27
958	35
959	44
960	36
961	37
962	34
963	35
964	44
965	43
966	47
967	43
968	39
969	46
970	37
971	33
972	41
973	34
974	41
975	46
976	41
977	37
978	39
979	40
980	36
981	39
982	38
983	33
984	33
985	34
986	36
987	38
988	43
989	44
990	33
991	37
992	39
993	50
994	47
995	34
996	37
997	27
998	52
999	45
1000	28
1001	42
1002	34
1003	37
1004	41
1005	31
1006	29
1007	30
1008	24
1009	34
1010	44
1011	26
1012	37
1013	37
1014	27
1015	27
1016	37
1017	29
1018	37
1019	37
1020	37
1021	38
1022	33
1023	29
1024	40
1025	40
1026	42
1027	29
1028	40
1029	25
1030	28
1031	38
1032	37
1033	31
1034	30
1035	41
1036	32
1037	44
1038	35
1039	33
1040	26
1041	31
1042	28
1043	24
1044	20
1045	34
1046	30
1047	33
1048	26
1049	17
1050	28
1051	22
1052	25
1053	19
1054	19
1055	24
1056	22
1057	22
1058	21
1059	15
1060	17
1061	16
1062	19
1063	19
1064	15
1065	16
1066	23
1067	30
1068	16
1069	19
1070	26
1071	16
1072	13
1073	7
1074	11
1075	24
1076	16
1077	15
1078	13
1079	13
1080	9
1081	14
1082	9
1083	13
1084	8
1085	8
1086	14
1087	15
1088	14
1089	7
1090	12
1091	7
1092	5
1093	7
1094	5
1095	8
1096	10
1097	7
1098	10
1099	13
1100	8
1101	11
1102	14
1103	11
1104	9
1105	5
1106	7
1107	8
1108	5
1109	6
1110	10
1111	6
1112	5
1113	6
1114	5
1115	7
1116	13
1117	17
1118	6
1119	12
1120	13
1121	10
1122	7
1123	10
1124	8
1125	9
1126	9
1127	8
1128	8
1129	11
1130	12
1131	13
1132	13
1133	7
1134	12
1135	18
1136	10
1137	11
1138	21
1139	17
1140	18
1141	16
1142	20
1143	23
1144	19
1145	24
1146	21
1147	27
1148	23
1149	27
1150	34
1151	28
1152	30
1153	25
1154	40
1155	34
1156	27
1157	28
1158	46
1159	42
1160	52
1161	32
1162	47
1163	40
1164	59
1165	30
1166	53
1167	43
1168	58
1169	54
1170	66
1171	50
1172	59
1173	50
1174	48
1175	46
1176	75
1177	62
1178	75
1179	44
1180	57
1181	69
1182	59
1183	66
1184	77
1185	58
1186	57
1187	70
1188	46
1189	61
1190	70
1191	62
1192	58
1193	83
1194	68
1195	64
1196	58
1197	65
1198	55
1199	49
1200	58
1201	49
1202	51
1203	48
1204	46
1205	35
1206	52
1207	42
1208	40
1209	40
1210	43
1211	35
1212	46
1213	34
1214	27
1215	31
1216	35
1217	32
1218	28
1219	29
1220	25
1221	16
1222	20
1223	20
1224	19
1225	16
1226	23
1227	18
1228	12
1229	17
1230	16
1231	13
1232	11
1233	12
1234	15
1235	10
1236	11
1237	7
1238	8
1239	7
1240	5
1241	5
1242	8
1243	8
1244	8
1245	5
1246	9
1247	1
1248	5
1249	1
1250	1
1251	1
1252	2
1253	2
1254	0
1255	0
1256	1
1257	1
1258	1
1259	1
1260	2
1261	6
1262	0
1263	1
1264	1
1265	1
1266	0
1267	2
1268	1
1269	0
1270	0
1271	1
1272	0
1273	1
1274	0
1275	0
1276	0
1277	0
1278	2
1279	0
1280	2
1281	0
1282	0
1283	0
1284	0
1285	0
1286	2
1287	0
1288	1
1289	0
1290	0
1291	1
1292	1
1293	1
1294	0
1295	1
1296	0
1297	0
1298	0
1299	0
1300	2
1301	1
1302	0
1303	0
1304	0
1305	2
1306	0
1307	2
1308	1
1309	1
1310	0
1311	0
1312	0
1313	2
1314	0
1315	3
1316	0
1317	0
1318	1
1319	1
1320	1
1321	1
1322	1
1323	0
1324	0
1325	2
1326	0
1327	1
1328	1
1329	0
1330	0
1331	1
1332	0
1333	1
1334	2
1335	0
1336	1
1337	0
1338	0
1339	0
1340	2
1341	0
1342	1
1343	0
1344	3
1345	0
1346	0
1347	0
1348	0
1349	0
1350	1
1351	0
1352	1
1353	0
1354	1
1355	1
1356	2
1357	0
1358	0
1359	1
1360	2
1361	1
1362	1
1363	0
1364	0
1365	1
1366	0
1367	1
1368	0
1369	1
1370	1
1371	2
1372	1
1373	1
1374	0
1375	1
1376	0
1377	1
1378	0
1379	0
1380	0
1381	1
1382	0
1383	0
1384	0
1385	0
1386	1
1387	0
1388	0
1389	0
1390	0
1391	1
1392	0
1393	0
1394	0
1395	0
1396	0
1397	0
1398	0
1399	0
1400	0
1401	0
1402	1
1403	0
1404	0
1405	0
1406	0
1407	0
1408	0
1409	0
1410	1
1411	0
1412	0
1413	0
1414	0
1415	0
1416	0
1417	0
1418	0
1419	0
1420	0
1421	0
1422	0
1423	0
1424	0
1425	0
1426	0
1427	0
1428	0
1429	0
1430	0
1431	0
1432	0
1433	1
1434	0
1435	1
1436	0
1437	0
1438	0
1439	0
1440	0
1441	0
1442	1
1443	0
1444	0
1445	0
1446	0
1447	0
1448	0
1449	0
1450	0
1451	0
1452	0
1453	0
1454	0
1455	1
1456	0
1457	2
1458	0
1459	0
1460	1
1461	0
1462	1
1463	0
1464	1
1465	0
1466	0
1467	1
1468	0
1469	0
1470	0
1471	0
1472	0
1473	0
1474	2
1475	0
1476	0
1477	0
1478	0
1479	0
1480	0
1481	0
1482	0
1483	0
1484	0
1485	0
1486	0
1487	0
1488	0
1489	0
1490	0
1491	0
1492	0
1493	0
1494	0
1495	0
1496	0
1497	0
1498	0
1499	0
1500	0
1501	0
1502	1
1503	0
1504	0
1505	0
1506	0
1507	0
1508	0
1509	0
1510	0
1511	0
1512	0
1513	1
1514	0
1515	0
1516	0
1517	0
1518	0
1519	0
1520	0
1521	0
1522	0
1523	0
1524	0
1525	0
1526	0
1527	0
1528	0
1529	0
1530	0
1531	0
1532	0
1533	0
1534	0
1535	0
1536	0
1537	0
1538	0
1539	0
1540	0
1541	0
1542	0
1543	0
1544	0
1545	0
1546	0
1547	0
1548	0
1549	0
1550	0
1551	0
1552	0
1553	0
1554	0
1555	0
1556	1
1557	0
1558	0
1559	0
1560	0
1561	0
1562	0
1563	0
1564	0
1565	1
1566	0
1567	0
1568	0
1569	0
1570	0
1571	1
1572	0
1573	0
1574	0
1575	0
1576	0
1577	0
1578	0
1579	0
1580	0
1581	0
1582	0
1583	0
1584	0
1585	0
1586	0
1587	0
1588	0
1589	0
1590	0
1591	0
1592	0
1593	0
1594	0
1595	0
1596	0
1597	0
1598	0
1599	0
1600	0
1601	0
1602	0
1603	0
1604	0
1605	0
1606	0
1607	0
1608	0
1609	0
1610	0
1611	1
1612	0
1613	0
1614	0
1615	0
1616	0
1617	0
1618	0
1619	0
1620	0
1621	0
1622	0
1623	0
1624	0
1625	0
1626	0
1627	0
1628	0
1629	0
1630	0
1631	0
1632	0
1633	0
1634	0
1635	0
1636	0
1637	0
1638	0
1639	0
1640	0
1641	0
1642	0
1643	0
1644	0
1645	0
1646	0
1647	0
1648	0
1649	0
1650	0
1651	1
1652	0
1653	0
1654	0
1655	0
1656	0
1657	0
1658	0
1659	0
1660	0
1661	0
1662	0
1663	0
1664	0
1665	0
1666	0
1667	0
1668	0
1669	0
1670	0
1671	0
1672	0
1673	0
1674	0
1675	0
1676	0
1677	0
1678	0
1679	0
1680	0
1681	0
1682	0
1683	1
1684	0
1685	0
1686	0
1687	0
1688	0
1689	0
1690	0
1691	0
1692	0
1693	0
1694	0
1695	0
1696	0
1697	0
1698	0
1699	0
1700	0
1701	0
1702	0
1703	0
1704	0
1705	0
1706	0
1707	0
1708	0
1709	0
1710	0
1711	0
1712	0
1713	0
1714	0
1715	0
1716	0
1717	0
1718	0
1719	0
1720	0
1721	0
1722	0
1723	0
1724	0
1725	0
1726	0
1727	0
1728	0
1729	0
1730	0
1731	1
1732	0
1733	0
1734	0
1735	0
1736	0
1737	0
1738	0
1739	0
1740	0
1741	0
1742	0
1743	0
1744	0
1745	0
1746	0
1747	0
1748	0
1749	0
1750	0
1751	0
1752	0
1753	0
1754	0
1755	1
1756	0
1757	0
1758	0
1759	0
1760	0
1761	0
1762	0
1763	0
1764	0
1765	0
1766	0
1767	0
1768	0
1769	0
1770	0
1771	0
1772	0
1773	0
1774	0
1775	0
1776	0
1777	0
1778	0
1779	0
1780	0
1781	0
1782	0
1783	0
1784	0
1785	0
1786	0
1787	0
1788	0
1789	0
1790	0
1791	0
1792	0
1793	0
1794	0
1795	0
1796	0
1797	0
1798	0
1799	0
1800	1
1801	0
1802	1
1803	0
1804	0
1805	0
1806	0
1807	0
1808	0
1809	0
1810	0
1811	0
1812	0
1813	1
1814	0
1815	0
1816	0
1817	0
1818	0
1819	0
1820	0
1821	0
1822	0
1823	0
1824	0
1825	0
1826	0
1827	0
1828	0
1829	0
1830	0
1831	0
1832	0
1833	0
1834	0
1835	0
1836	0
1837	0
1838	0
1839	0
1840	0
1841	0
1842	0
1843	0
1844	0
1845	0
1846	0
1847	0
1848	0
1849	0
1850	0
1851	0
1852	0
1853	1
1854	0
1855	0
1856	0
1857	0
1858	0
1859	0
1860	0
1861	0
1862	0
1863	0
1864	0
1865	0
1866	0
1867	0
1868	0
1869	0
1870	0
1871	0
1872	0
1873	0
1874	0
1875	0
1876	0
1877	0
1878	0
1879	0
1880	0
1881	0
1882	1
1883	0
1884	0
1885	0
1886	0
1887	0
1888	0
1889	1
1890	0
1891	0
1892	0
1893	0
1894	0
1895	0
1896	0
1897	0
1898	0
1899	0
1900	0
1901	0
1902	0
1903	0
1904	0
1905	0
1906	0
1907	0
1908	0
1909	0
1910	0
1911	0
1912	0
1913	0
1914	1
1915	0
1916	0
1917	0
1918	0
1919	0
1920	0
1921	0
1922	0
1923	0
1924	0
1925	0
1926	0
1927	0
1928	0
1929	0
1930	0
1931	0
1932	0
1933	0
1934	0
1935	0
1936	0
1937	0
1938	0
1939	0
1940	0
1941	0
1942	0
1943	0
1944	0
1945	0
1946	0
1947	0
1948	0
1949	0
1950	0
1951	0
1952	0
1953	0
1954	0
1955	0
1956	0
1957	0
1958	0
1959	0
1960	0
1961	0
1962	0
1963	0
1964	0
1965	0
1966	0
1967	0
1968	0
1969	0
1970	0
1971	0
1972	0
1973	0
1974	0
1975	1
1976	0
1977	0
1978	0
1979	0
1980	0
1981	0
1982	0
1983	0
1984	0
1985	0
1986	0
1987	0
1988	0
1989	0
1990	0
1991	1
1992	0
1993	0
1994	0
1995	0
1996	0
1997	0
1998	0
1999	0
2000	0
2001	0
2002	0
2003	0
2004	0
2005	0
2006	0
2007	0
2008	0
2009	0
2010	0
2011	0
2012	0
2013	0
2014	0
2015	0
2016	0
2017	0
2018	0
2019	0
2020	0
2021	0
2022	0
2023	0
2024	0
2025	0
2026	0
2027	0
2028	0
2029	0
2030	0
2031	0
2032	0
2033	0
2034	0
2035	0
2036	0
2037	0
2038	0
2039	0
2040	0
2041	0
2042	0
2043	0
2044	0
2045	0
2046	0
2047	0
