0	0
1	0
2	0
3	0
4	0
5	0
6	0
7	0
8	0
9	0
10	238
11	541
12	546
13	527
14	575
15	594
16	629
17	631
18	694
19	685
20	916
21	1270
22	1954
23	3059
24	4327
25	5318
26	5553
27	4967
28	3703
29	2698
30	1777
31	1281
32	980
33	772
34	702
35	625
36	616
37	617
38	641
39	596
40	640
41	648
42	630
43	635
44	625
45	626
46	599
47	651
48	653
49	643
50	622
51	572
52	646
53	606
54	616
55	622
56	647
57	706
58	655
59	630
60	580
61	623
62	608
63	581
64	606
65	622
66	612
67	579
68	628
69	637
70	621
71	576
72	647
73	637
74	632
75	561
76	609
77	592
78	609
79	600
80	607
81	617
82	600
83	614
84	592
85	606
86	630
87	608
88	581
89	588
90	621
91	609
92	582
93	611
94	572
95	590
96	578
97	572
98	573
99	578
100	575
101	579
102	597
103	544
104	587
105	588
106	590
107	579
108	609
109	597
110	603
111	576
112	675
113	606
114	606
115	588
116	621
117	586
118	624
119	636
120	614
121	646
122	654
123	606
124	689
125	673
126	661
127	698
128	669
129	707
130	684
131	746
132	773
133	761
134	761
135	714
136	745
137	716
138	735
139	792
140	780
141	787
142	735
143	745
144	726
145	750
146	767
147	750
148	798
149	748
150	735
151	755
152	731
153	713
154	747
155	705
156	723
157	684
158	670
159	687
160	682
161	688
162	708
163	694
164	678
165	677
166	711
167	686
168	691
169	715
170	635
171	661
172	635
173	650
174	669
175	602
176	676
177	646
178	657
179	593
180	653
181	618
182	586
183	638
184	653
185	629
186	616
187	596
188	553
189	594
190	619
191	611
192	581
193	633
194	557
195	596
196	579
197	565
198	575
199	566
200	579
201	598
202	577
203	580
204	546
205	575
206	568
207	552
208	589
209	544
210	548
211	555
212	576
213	574
214	568
215	565
216	542
217	565
218	585
219	559
220	562
221	557
222	537
223	570
224	579
225	544
226	534
227	555
228	559
229	555
230	597
231	548
232	547
233	533
234	575
235	560
236	571
237	572
238	554
239	537
240	553
241	534
242	551
243	590
244	528
245	525
246	555
247	490
248	552
249	545
250	564
251	538
252	552
253	575
254	551
255	563
256	555
257	592
258	566
259	549
260	503
261	517
262	500
263	563
264	563
265	552
266	533
267	538
268	543
269	527
270	521
271	551
272	529
273	517
274	589
275	512
276	502
277	578
278	540
279	568
280	552
281	533
282	531
283	540
284	500
285	595
286	525
287	524
288	515
289	553
290	528
291	515
292	513
293	550
294	561
295	491
296	521
297	553
298	524
299	544
300	537
301	534
302	518
303	477
304	497
305	525
306	507
307	463
308	480
309	448
310	471
311	437
312	436
313	404
314	396
315	381
316	406
317	319
318	376
319	359
320	338
321	326
322	319
323	313
324	321
325	284
326	273
327	237
328	271
329	224
330	193
331	195
332	222
333	195
334	193
335	185
336	168
337	172
338	166
339	131
340	173
341	149
342	139
343	131
344	152
345	110
346	127
347	119
348	140
349	145
350	113
351	106
352	124
353	109
354	106
355	114
356	90
357	92
358	95
359	101
360	112
361	75
362	91
363	81
364	88
365	74
366	86
367	69
368	70
369	62
370	83
371	72
372	75
373	67
374	78
375	77
376	94
377	64
378	63
379	65
380	75
381	68
382	72
383	62
384	71
385	75
386	85
387	61
388	83
389	76
390	83
391	96
392	78
393	87
394	93
395	106
396	100
397	127
398	107
399	139
400	125
401	157
402	144
403	165
404	172
405	220
406	235
407	269
408	332
409	335
410	387
411	440
412	464
413	494
414	610
415	666
416	719
417	822
418	872
419	1026
420	1065
421	1204
422	1266
423	1348
424	1517
425	1688
426	1774
427	1966
428	2062
429	2219
430	2318
431	2535
432	2615
433	2741
434	2887
435	3085
436	3067
437	3363
438	3310
439	3480
440	3557
441	3582
442	3595
443	3608
444	3576
445	3595
446	3670
447	3537
448	3478
449	3325
450	3291
451	3132
452	3104
453	2865
454	2867
455	2732
456	2539
457	2341
458	2238
459	2111
460	1908
461	1726
462	1609
463	1524
464	1363
465	1187
466	1049
467	961
468	936
469	763
470	709
471	616
472	507
473	479
474	407
475	395
476	311
477	285
478	211
479	190
480	193
481	147
482	103
483	97
484	62
485	77
486	63
487	40
488	46
489	26
490	41
491	29
492	28
493	19
494	24
495	16
496	18
497	15
498	9
499	8
500	13
501	14
502	7
503	12
504	8
505	18
506	19
507	15
508	10
509	13
510	5
511	10
512	11
513	17
514	15
515	10
516	8
517	12
518	11
519	14
520	10
521	8
522	10
523	11
524	6
525	16
526	7
527	8
528	10
529	12
530	13
531	4
532	7
533	5
534	10
535	13
536	9
537	10
538	8
539	9
540	5
541	6
542	5
543	9
544	5
545	7
546	8
547	8
548	6
549	5
550	5
551	10
552	8
553	7
554	6
555	9
556	9
557	8
558	10
559	4
560	6
561	10
562	6
563	9
564	2
565	7
566	8
567	4
568	4
569	8
570	2
571	7
572	9
573	9
574	6
575	4
576	5
577	6
578	9
579	3
580	7
581	5
582	10
583	5
584	7
585	10
586	5
587	5
588	4
589	5
590	6
591	4
592	6
593	9
594	7
595	12
596	9
597	2
598	8
599	7
600	6
601	8
602	8
603	4
604	3
605	6
606	7
607	4
608	6
609	5
610	5
611	5
612	7
613	5
614	8
615	6
616	3
617	4
618	7
619	5
620	4
621	2
622	6
623	6
624	5
625	8
626	5
627	4
628	6
629	6
630	3
631	3
632	2
633	3
634	6
635	5
636	3
637	6
638	7
639	2
640	6
641	5
642	5
643	2
644	5
645	4
646	5
647	3
648	4
649	3
650	4
651	5
652	2
653	4
654	2
655	6
656	2
657	5
658	2
659	4
660	7
661	3
662	4
663	2
664	3
665	4
666	9
667	6
668	7
669	8
670	7
671	7
672	9
673	1
674	5
675	4
676	3
677	2
678	5
679	3
680	5
681	4
682	2
683	2
684	3
685	2
686	7
687	4
688	5
689	1
690	7
691	4
692	3
693	10
694	6
695	2
696	4
697	2
698	3
699	3
700	1
701	2
702	3
703	4
704	1
705	3
706	1
707	1
708	3
709	1
710	4
711	2
712	2
713	2
714	1
715	3
716	2
717	4
718	3
719	2
720	5
721	2
722	4
723	0
724	2
725	1
726	2
727	5
728	3
729	2
730	4
731	3
732	3
733	1
734	5
735	4
736	2
737	2
738	2
739	5
740	3
741	4
742	3
743	2
744	1
745	0
746	0
747	4
748	1
749	3
750	6
751	2
752	2
753	3
754	0
755	0
756	4
757	3
758	1
759	1
760	4
761	2
762	1
763	1
764	4
765	3
766	3
767	2
768	0
769	1
770	2
771	3
772	2
773	0
774	2
775	2
776	2
777	2
778	0
779	1
780	3
781	5
782	0
783	1
784	1
785	1
786	5
787	4
788	2
789	2
790	2
791	0
792	2
793	2
794	3
795	1
796	0
797	3
798	0
799	0
800	0
801	4
802	1
803	1
804	1
805	4
806	3
807	1
808	1
809	3
810	1
811	0
812	0
813	4
814	1
815	2
816	2
817	2
818	2
819	3
820	3
821	2
822	2
823	7
824	3
825	1
826	0
827	1
828	1
829	0
830	0
831	3
832	3
833	3
834	3
835	0
836	1
837	0
838	3
839	4
840	2
841	2
842	2
843	1
844	2
845	1
846	2
847	4
848	2
849	1
850	2
851	2
852	1
853	0
854	1
855	3
856	3
857	2
858	2
859	3
860	2
861	5
862	0
863	2
864	2
865	3
866	1
867	1
868	2
869	1
870	2
871	2
872	6
873	1
874	2
875	4
876	3
877	1
878	5
879	4
880	1
881	1
882	5
883	2
884	0
885	0
886	1
887	4
888	1
889	1
890	2
891	2
892	1
893	2
894	2
895	1
896	1
897	1
898	3
899	1
900	2
901	1
902	0
903	3
904	2
905	0
906	0
907	2
908	1
909	1
910	0
911	0
912	1
913	1
914	0
915	1
916	0
917	1
918	1
919	0
920	1
921	0
922	0
923	0
924	0
925	0
926	0
927	1
928	1
929	1
930	0
931	0
932	0
933	0
934	0
935	0
936	0
937	0
938	0
939	1
940	0
941	0
942	0
943	0
944	0
945	0
946	0
947	0
948	0
949	0
950	0
951	0
952	0
953	0
954	0
955	0
956	0
957	0
958	0
959	0
960	0
961	1
962	0
963	0
964	0
965	0
966	0
967	0
968	0
969	0
970	0
971	0
972	0
973	0
974	0
975	1
976	0
977	0
978	0
979	0
980	0
981	0
982	0
983	0
984	0
985	0
986	0
987	0
988	0
989	0
990	0
991	0
992	0
993	0
994	0
995	0
996	0
997	0
998	1
999	0
1000	0
1001	0
1002	0
1003	0
1004	0
1005	0
1006	0
1007	0
1008	1
1009	0
1010	0
1011	0
1012	0
1013	0
1014	0
1015	0
1016	0
1017	0
1018	0
1019	0
1020	0
1021	0
1022	0
1023	0
1024	0
1025	0
1026	0
1027	0
1028	0
1029	0
1030	0
1031	0
1032	0
1033	0
1034	0
1035	0
1036	0
1037	0
1038	0
1039	0
1040	0
1041	0
1042	0
1043	1
1044	2
1045	0
1046	0
1047	0
1048	0
1049	0
1050	0
1051	0
1052	0
1053	0
1054	0
1055	0
1056	0
1057	0
1058	0
1059	0
1060	1
1061	0
1062	0
1063	0
1064	0
1065	0
1066	0
1067	0
1068	0
1069	0
1070	1
1071	0
1072	0
1073	0
1074	0
1075	0
1076	0
1077	0
1078	0
1079	0
1080	1
1081	0
1082	0
1083	0
1084	0
1085	1
1086	0
1087	0
1088	0
1089	0
1090	0
1091	0
1092	0
1093	0
1094	0
1095	0
1096	0
1097	0
1098	0
1099	0
1100	0
1101	0
1102	0
1103	0
1104	0
1105	0
1106	0
1107	0
1108	0
1109	0
1110	0
1111	0
1112	0
1113	0
1114	0
1115	0
1116	0
1117	0
1118	0
1119	0
1120	0
1121	0
1122	0
1123	0
1124	0
1125	0
1126	0
1127	0
1128	0
1129	0
1130	0
1131	0
1132	0
1133	0
1134	0
1135	0
1136	0
1137	0
1138	0
1139	0
1140	0
1141	0
1142	0
1143	0
1144	0
1145	0
1146	0
1147	0
1148	0
1149	0
1150	0
1151	0
1152	0
1153	0
1154	0
1155	0
1156	0
1157	0
1158	0
1159	0
1160	0
1161	0
1162	0
1163	0
1164	0
1165	0
1166	0
1167	0
1168	0
1169	0
1170	0
1171	0
1172	0
1173	0
1174	0
1175	0
1176	0
1177	0
1178	0
1179	0
1180	0
1181	0
1182	0
1183	0
1184	0
1185	0
1186	0
1187	0
1188	0
1189	0
1190	0
1191	0
1192	0
1193	0
1194	0
1195	0
1196	0
1197	0
1198	0
1199	0
1200	0
1201	0
1202	0
1203	0
1204	0
1205	0
1206	0
1207	0
1208	0
1209	0
1210	0
1211	0
1212	0
1213	0
1214	0
1215	0
1216	0
1217	0
1218	0
1219	0
1220	0
1221	0
1222	0
1223	0
1224	0
1225	0
1226	0
1227	0
1228	0
1229	0
1230	0
1231	0
1232	0
1233	0
1234	0
1235	0
1236	0
1237	0
1238	0
1239	0
1240	0
1241	0
1242	0
1243	0
1244	0
1245	0
1246	0
1247	0
1248	0
1249	0
1250	0
1251	0
1252	0
1253	0
1254	0
1255	0
1256	0
1257	0
1258	0
1259	0
1260	0
1261	0
1262	0
1263	0
1264	0
1265	0
1266	0
1267	0
1268	0
1269	0
1270	0
1271	0
1272	0
1273	0
1274	0
1275	0
1276	0
1277	0
1278	0
1279	0
1280	0
1281	0
1282	0
1283	0
1284	0
1285	0
1286	0
1287	0
1288	0
1289	1
1290	0
1291	0
1292	0
1293	0
1294	0
1295	0
1296	0
1297	0
1298	0
1299	0
1300	0
1301	0
1302	0
1303	0
1304	0
1305	0
1306	0
1307	0
1308	0
1309	0
1310	0
1311	0
1312	0
1313	0
1314	0
1315	0
1316	0
1317	0
1318	0
1319	0
1320	0
1321	0
1322	0
1323	0
1324	0
1325	0
1326	0
1327	0
1328	0
1329	0
1330	0
1331	0
1332	0
1333	0
1334	0
1335	0
1336	0
1337	0
1338	0
1339	0
1340	0
1341	0
1342	0
1343	0
1344	0
1345	0
1346	0
1347	0
1348	1
1349	0
1350	0
1351	0
1352	0
1353	0
1354	0
1355	0
1356	0
1357	0
1358	0
1359	0
1360	0
1361	0
1362	0
1363	0
1364	0
1365	0
1366	0
1367	0
1368	0
1369	0
1370	0
1371	0
1372	0
1373	0
1374	0
1375	0
1376	0
1377	0
1378	0
1379	0
1380	0
1381	0
1382	0
1383	0
1384	0
1385	0
1386	0
1387	0
1388	0
1389	0
1390	0
1391	0
1392	0
1393	0
1394	0
1395	0
1396	0
1397	0
1398	0
1399	0
1400	0
1401	0
1402	0
1403	0
1404	0
1405	0
1406	0
1407	0
1408	0
1409	0
1410	0
1411	0
1412	0
1413	0
1414	0
1415	0
1416	0
1417	0
1418	0
1419	0
1420	0
1421	0
1422	0
1423	1
1424	0
1425	0
1426	0
1427	0
1428	0
1429	1
1430	0
1431	0
1432	0
1433	0
1434	0
1435	0
1436	0
1437	0
1438	0
1439	0
1440	0
1441	0
1442	0
1443	0
1444	0
1445	0
1446	0
1447	0
1448	0
1449	0
1450	0
1451	0
1452	0
1453	0
1454	0
1455	0
1456	0
1457	0
1458	0
1459	0
1460	0
1461	0
1462	0
1463	0
1464	0
1465	0
1466	0
1467	0
1468	0
1469	0
1470	0
1471	0
1472	0
1473	0
1474	0
1475	0
1476	0
1477	0
1478	0
1479	0
1480	0
1481	0
1482	0
1483	0
1484	0
1485	0
1486	0
1487	0
1488	0
1489	0
1490	0
1491	0
1492	0
1493	0
1494	0
1495	0
1496	0
1497	0
1498	0
1499	0
1500	0
1501	0
1502	0
1503	0
1504	0
1505	0
1506	0
1507	0
1508	0
1509	0
1510	0
1511	0
1512	0
1513	0
1514	0
1515	0
1516	0
1517	0
1518	0
1519	0
1520	0
1521	0
1522	0
1523	0
1524	0
1525	0
1526	0
1527	0
1528	0
1529	0
1530	0
1531	0
1532	0
1533	0
1534	0
1535	0
1536	0
1537	0
1538	0
1539	0
1540	0
1541	0
1542	0
1543	0
1544	0
1545	0
1546	0
1547	0
1548	0
1549	0
1550	0
1551	0
1552	0
1553	0
1554	0
1555	0
1556	0
1557	0
1558	0
1559	0
1560	0
1561	0
1562	0
1563	0
1564	0
1565	0
1566	0
1567	0
1568	0
1569	0
1570	0
1571	0
1572	0
1573	0
1574	0
1575	0
1576	0
1577	0
1578	0
1579	0
1580	0
1581	0
1582	0
1583	0
1584	0
1585	0
1586	0
1587	0
1588	0
1589	0
1590	0
1591	0
1592	0
1593	0
1594	0
1595	0
1596	0
1597	0
1598	0
1599	0
1600	0
1601	0
1602	0
1603	0
1604	0
1605	0
1606	0
1607	0
1608	0
1609	0
1610	0
1611	0
1612	0
1613	0
1614	0
1615	0
1616	0
1617	0
1618	0
1619	0
1620	0
1621	0
1622	0
1623	0
1624	0
1625	0
1626	0
1627	0
1628	0
1629	0
1630	0
1631	0
1632	0
1633	0
1634	0
1635	0
1636	0
1637	0
1638	0
1639	0
1640	0
1641	0
1642	0
1643	0
1644	0
1645	0
1646	0
1647	0
1648	0
1649	0
1650	0
1651	0
1652	0
1653	0
1654	0
1655	0
1656	0
1657	0
1658	0
1659	0
1660	0
1661	0
1662	0
1663	0
1664	0
1665	0
1666	0
1667	0
1668	0
1669	0
1670	0
1671	0
1672	0
1673	0
1674	0
1675	0
1676	1
1677	0
1678	0
1679	0
1680	0
1681	0
1682	0
1683	0
1684	0
1685	0
1686	0
1687	0
1688	0
1689	0
1690	0
1691	0
1692	0
1693	0
1694	0
1695	0
1696	0
1697	0
1698	0
1699	0
1700	0
1701	0
1702	0
1703	0
1704	0
1705	0
1706	0
1707	0
1708	0
1709	0
1710	0
1711	0
1712	0
1713	0
1714	0
1715	0
1716	0
1717	0
1718	0
1719	0
1720	0
1721	0
1722	0
1723	0
1724	0
1725	0
1726	0
1727	0
1728	0
1729	0
1730	0
1731	0
1732	0
1733	0
1734	0
1735	0
1736	0
1737	0
1738	0
1739	0
1740	0
1741	0
1742	0
1743	0
1744	0
1745	0
1746	0
1747	0
1748	0
1749	0
1750	0
1751	0
1752	0
1753	0
1754	0
1755	0
1756	0
1757	0
1758	0
1759	0
1760	0
1761	0
1762	0
1763	0
1764	0
1765	0
1766	0
1767	0
1768	0
1769	0
1770	0
1771	0
1772	0
1773	0
1774	0
1775	0
1776	0
1777	0
1778	0
1779	0
1780	0
1781	0
1782	0
1783	0
1784	0
1785	0
1786	0
1787	0
1788	0
1789	0
1790	0
1791	0
1792	0
1793	0
1794	0
1795	0
1796	0
1797	0
1798	0
1799	0
1800	0
1801	0
1802	0
1803	0
1804	0
1805	0
1806	0
1807	0
1808	0
1809	0
1810	0
1811	0
1812	0
1813	0
1814	0
1815	0
1816	0
1817	0
1818	0
1819	0
1820	0
1821	0
1822	0
1823	0
1824	0
1825	0
1826	0
1827	0
1828	0
1829	0
1830	0
1831	0
1832	0
1833	0
1834	0
1835	0
1836	0
1837	0
1838	0
1839	0
1840	0
1841	0
1842	0
1843	0
1844	0
1845	0
1846	0
1847	0
1848	0
1849	0
1850	0
1851	0
1852	0
1853	0
1854	0
1855	0
1856	0
1857	0
1858	0
1859	0
1860	0
1861	0
1862	0
1863	0
1864	0
1865	0
1866	0
1867	0
1868	0
1869	0
1870	0
1871	0
1872	0
1873	0
1874	0
1875	0
1876	0
1877	0
1878	0
1879	0
1880	0
1881	0
1882	0
1883	0
1884	0
1885	0
1886	0
1887	0
1888	0
1889	0
1890	0
1891	0
1892	0
1893	0
1894	0
1895	0
1896	0
1897	0
1898	0
1899	0
1900	0
1901	0
1902	0
1903	0
1904	0
1905	0
1906	0
1907	0
1908	0
1909	0
1910	0
1911	0
1912	0
1913	0
1914	0
1915	0
1916	0
1917	0
1918	0
1919	0
1920	0
1921	0
1922	0
1923	0
1924	0
1925	0
1926	0
1927	0
1928	0
1929	0
1930	0
1931	0
1932	0
1933	1
1934	0
1935	0
1936	0
1937	0
1938	0
1939	0
1940	0
1941	0
1942	0
1943	0
1944	0
1945	0
1946	0
1947	0
1948	0
1949	0
1950	0
1951	0
1952	0
1953	0
1954	0
1955	0
1956	0
1957	0
1958	0
1959	0
1960	0
1961	0
1962	0
1963	0
1964	0
1965	0
1966	0
1967	0
1968	0
1969	0
1970	0
1971	0
1972	0
1973	0
1974	0
1975	0
1976	0
1977	0
1978	0
1979	0
1980	0
1981	0
1982	0
1983	0
1984	0
1985	0
1986	0
1987	0
1988	0
1989	0
1990	0
1991	0
1992	0
1993	0
1994	0
1995	0
1996	0
1997	0
1998	0
1999	0
2000	0
2001	0
2002	0
2003	0
2004	0
2005	0
2006	0
2007	0
2008	0
2009	0
2010	0
2011	0
2012	0
2013	0
2014	0
2015	0
2016	0
2017	0
2018	0
2019	0
2020	0
2021	0
2022	0
2023	0
2024	0
2025	0
2026	0
2027	0
2028	0
2029	0
2030	0
2031	0
2032	0
2033	0
2034	0
2035	0
2036	0
2037	0
2038	0
2039	0
2040	0
2041	0
2042	0
2043	0
2044	0
2045	0
2046	0
2047	0
