0	0
1	0
2	0
3	0
4	0
5	0
6	0
7	0
8	0
9	0
10	210
11	482
12	461
13	451
14	481
15	464
16	466
17	502
18	497
19	467
20	549
21	491
22	510
23	509
24	489
25	494
26	525
27	475
28	468
29	533
30	510
31	540
32	525
33	524
34	502
35	481
36	510
37	523
38	505
39	538
40	513
41	493
42	477
43	508
44	539
45	506
46	484
47	506
48	487
49	471
50	533
51	522
52	518
53	534
54	515
55	480
56	499
57	501
58	531
59	484
60	493
61	503
62	465
63	510
64	530
65	487
66	519
67	512
68	506
69	514
70	504
71	518
72	530
73	469
74	523
75	490
76	519
77	458
78	487
79	549
80	472
81	525
82	543
83	523
84	521
85	524
86	509
87	518
88	522
89	501
90	516
91	508
92	519
93	471
94	527
95	480
96	543
97	540
98	510
99	519
100	566
101	516
102	514
103	536
104	490
105	542
106	547
107	471
108	528
109	488
110	536
111	502
112	462
113	470
114	561
115	501
116	556
117	518
118	519
119	487
120	474
121	535
122	506
123	540
124	542
125	543
126	529
127	551
128	503
129	529
130	555
131	556
132	556
133	552
134	542
135	583
136	550
137	544
138	563
139	548
140	549
141	594
142	590
143	578
144	591
145	617
146	608
147	590
148	626
149	596
150	670
151	692
152	686
153	659
154	660
155	662
156	674
157	675
158	683
159	685
160	711
161	698
162	667
163	641
164	707
165	675
166	633
167	634
168	619
169	660
170	674
171	650
172	672
173	680
174	655
175	637
176	648
177	602
178	646
179	610
180	634
181	667
182	623
183	609
184	594
185	660
186	625
187	589
188	616
189	561
190	597
191	612
192	610
193	580
194	602
195	594
196	597
197	602
198	576
199	628
200	603
201	622
202	601
203	591
204	581
205	585
206	568
207	597
208	600
209	575
210	592
211	574
212	602
213	620
214	578
215	573
216	580
217	600
218	647
219	563
220	553
221	612
222	565
223	573
224	537
225	552
226	552
227	575
228	560
229	552
230	534
231	558
232	522
233	536
234	563
235	563
236	519
237	544
238	553
239	562
240	527
241	565
242	524
243	544
244	561
245	522
246	523
247	510
248	555
249	522
250	479
251	496
252	524
253	524
254	469
255	572
256	567
257	515
258	521
259	495
260	522
261	484
262	499
263	542
264	513
265	515
266	496
267	529
268	522
269	508
270	511
271	488
272	506
273	532
274	482
275	446
276	517
277	481
278	530
279	464
280	546
281	511
282	515
283	470
284	540
285	501
286	478
287	494
288	498
289	504
290	519
291	529
292	495
293	491
294	489
295	511
296	499
297	488
298	515
299	515
300	505
301	507
302	493
303	510
304	510
305	487
306	546
307	527
308	505
309	502
310	470
311	528
312	475
313	492
314	533
315	501
316	540
317	470
318	494
319	514
320	470
321	495
322	490
323	422
324	454
325	525
326	487
327	491
328	516
329	481
330	497
331	517
332	509
333	487
334	521
335	534
336	516
337	495
338	503
339	469
340	491
341	501
342	535
343	537
344	529
345	494
346	498
347	540
348	491
349	478
350	473
351	536
352	451
353	476
354	467
355	529
356	477
357	491
358	508
359	485
360	505
361	473
362	482
363	474
364	503
365	476
366	472
367	512
368	481
369	509
370	459
371	516
372	547
373	473
374	503
375	519
376	507
377	480
378	518
379	494
380	502
381	470
382	484
383	472
384	497
385	498
386	509
387	494
388	505
389	479
390	540
391	495
392	484
393	513
394	507
395	471
396	495
397	516
398	543
399	530
400	506
401	527
402	532
403	452
404	472
405	514
406	498
407	467
408	471
409	477
410	480
411	507
412	471
413	503
414	505
415	491
416	471
417	518
418	523
419	488
420	549
421	464
422	523
423	512
424	491
425	514
426	501
427	506
428	500
429	465
430	488
431	497
432	516
433	520
434	485
435	527
436	492
437	491
438	475
439	497
440	493
441	489
442	503
443	501
444	520
445	503
446	515
447	496
448	474
449	486
450	468
451	514
452	508
453	505
454	533
455	530
456	515
457	539
458	487
459	507
460	519
461	503
462	499
463	540
464	508
465	519
466	542
467	499
468	527
469	529
470	466
471	532
472	559
473	519
474	492
475	477
476	508
477	502
478	505
479	496
480	516
481	522
482	529
483	510
484	555
485	515
486	524
487	503
488	515
489	513
490	558
491	529
492	542
493	555
494	541
495	537
496	532
497	519
498	513
499	552
500	541
501	528
502	548
503	552
504	517
505	556
506	557
507	544
508	515
509	531
510	526
511	545
512	565
513	550
514	589
515	572
516	575
517	549
518	553
519	557
520	578
521	561
522	577
523	559
524	547
525	550
526	554
527	534
528	574
529	558
530	551
531	591
532	571
533	596
534	556
535	590
536	547
537	550
538	562
539	548
540	556
541	598
542	554
543	595
544	559
545	576
546	601
547	590
548	589
549	531
550	596
551	588
552	604
553	601
554	602
555	633
556	601
557	620
558	576
559	608
560	602
561	630
562	595
563	588
564	581
565	568
566	563
567	586
568	629
569	629
570	590
571	618
572	584
573	608
574	585
575	668
576	607
577	610
578	606
579	563
580	615
581	612
582	620
583	621
584	629
585	616
586	619
587	577
588	650
589	588
590	602
591	605
592	602
593	613
594	591
595	608
596	572
597	608
598	644
599	621
600	639
601	604
602	620
603	587
604	631
605	552
606	656
607	612
608	631
609	574
610	610
611	578
612	582
613	624
614	592
615	614
616	606
617	558
618	578
619	596
620	528
621	608
622	538
623	616
624	586
625	519
626	554
627	602
628	516
629	488
630	509
631	493
632	545
633	519
634	528
635	507
636	478
637	516
638	456
639	495
640	503
641	457
642	453
643	494
644	460
645	433
646	457
647	471
648	436
649	469
650	430
651	421
652	399
653	390
654	436
655	441
656	446
657	406
658	417
659	441
660	425
661	414
662	363
663	379
664	405
665	411
666	375
667	405
668	395
669	408
670	373
671	406
672	446
673	398
674	433
675	379
676	379
677	425
678	431
679	388
680	398
681	417
682	396
683	364
684	393
685	385
686	349
687	377
688	340
689	365
690	380
691	367
692	337
693	393
694	350
695	361
696	349
697	393
698	383
699	363
700	356
701	370
702	363
703	343
704	403
705	352
706	343
707	383
708	358
709	358
710	394
711	381
712	372
713	401
714	354
715	390
716	377
717	374
718	339
719	384
720	335
721	363
722	388
723	360
724	401
725	440
726	401
727	388
728	460
729	450
730	454
731	468
732	487
733	457
734	500
735	516
736	512
737	553
738	559
739	572
740	644
741	623
742	639
743	639
744	690
745	690
746	723
747	765
748	811
749	840
750	874
751	870
752	926
753	997
754	952
755	1048
756	1073
757	1109
758	1152
759	1167
760	1245
761	1255
762	1194
763	1294
764	1292
765	1348
766	1343
767	1336
768	1303
769	1359
770	1368
771	1400
772	1353
773	1430
774	1332
775	1351
776	1368
777	1386
778	1367
779	1285
780	1310
781	1281
782	1292
783	1195
784	1164
785	1235
786	1169
787	1164
788	1039
789	1073
790	1009
791	987
792	923
793	879
794	881
795	782
796	762
797	776
798	689
799	647
800	665
801	594
802	576
803	552
804	558
805	515
806	479
807	421
808	388
809	393
810	364
811	341
812	355
813	332
814	318
815	297
816	321
817	257
818	280
819	261
820	271
821	237
822	248
823	235
824	237
825	231
826	247
827	227
828	251
829	253
830	287
831	283
832	271
833	301
834	316
835	319
836	364
837	353
838	360
839	376
840	396
841	414
842	461
843	483
844	485
845	486
846	545
847	554
848	572
849	593
850	623
851	691
852	679
853	699
854	731
855	801
856	777
857	815
858	828
859	847
860	895
861	890
862	862
863	959
864	950
865	936
866	1002
867	983
868	981
869	1037
870	1069
871	988
872	1079
873	1046
874	1083
875	1055
876	1104
877	1041
878	1075
879	1046
880	1065
881	1053
882	997
883	982
884	1010
885	980
886	997
887	931
888	932
889	890
890	891
891	843
892	795
893	796
894	720
895	733
896	734
897	692
898	677
899	576
900	598
901	567
902	547
903	481
904	510
905	490
906	488
907	430
908	416
909	395
910	386
911	348
912	370
913	306
914	261
915	278
916	287
917	236
918	233
919	208
920	197
921	183
922	188
923	172
924	150
925	156
926	146
927	129
928	127
929	134
930	111
931	121
932	132
933	124
934	107
935	100
936	99
937	109
938	89
939	87
940	81
941	89
942	77
943	83
944	81
945	52
946	78
947	74
948	69
949	74
950	52
951	63
952	68
953	71
954	78
955	61
956	76
957	79
958	74
959	63
960	80
961	57
962	62
963	61
964	65
965	77
966	59
967	71
968	56
969	60
970	52
971	66
972	58
973	56
974	70
975	62
976	64
977	75
978	57
979	69
980	67
981	57
982	61
983	72
984	57
985	69
986	51
987	67
988	71
989	66
990	56
991	59
992	70
993	53
994	70
995	50
996	52
997	48
998	72
999	65
1000	66
1001	73
1002	54
1003	74
1004	56
1005	66
1006	70
1007	57
1008	58
1009	65
1010	70
1011	58
1012	54
1013	61
1014	57
1015	69
1016	65
1017	63
1018	46
1019	61
1020	58
1021	63
1022	59
1023	49
1024	54
1025	58
1026	66
1027	64
1028	71
1029	71
1030	58
1031	56
1032	54
1033	58
1034	71
1035	58
1036	56
1037	64
1038	65
1039	54
1040	47
1041	60
1042	49
1043	73
1044	64
1045	68
1046	61
1047	49
1048	61
1049	56
1050	54
1051	59
1052	53
1053	52
1054	59
1055	56
1056	64
1057	59
1058	69
1059	62
1060	77
1061	49
1062	59
1063	63
1064	61
1065	57
1066	57
1067	69
1068	61
1069	59
1070	51
1071	60
1072	68
1073	65
1074	70
1075	56
1076	47
1077	62
1078	68
1079	52
1080	53
1081	66
1082	56
1083	64
1084	64
1085	65
1086	54
1087	47
1088	51
1089	56
1090	62
1091	54
1092	52
1093	56
1094	60
1095	72
1096	39
1097	48
1098	66
1099	69
1100	46
1101	56
1102	56
1103	51
1104	53
1105	44
1106	58
1107	40
1108	51
1109	51
1110	52
1111	50
1112	60
1113	43
1114	53
1115	54
1116	43
1117	45
1118	56
1119	58
1120	53
1121	49
1122	55
1123	52
1124	46
1125	54
1126	54
1127	52
1128	49
1129	47
1130	49
1131	47
1132	46
1133	72
1134	42
1135	48
1136	47
1137	56
1138	40
1139	55
1140	46
1141	42
1142	59
1143	60
1144	52
1145	53
1146	51
1147	59
1148	56
1149	43
1150	46
1151	46
1152	30
1153	58
1154	53
1155	45
1156	55
1157	51
1158	49
1159	45
1160	48
1161	61
1162	53
1163	44
1164	45
1165	55
1166	54
1167	46
1168	49
1169	55
1170	57
1171	39
1172	40
1173	48
1174	44
1175	48
1176	45
1177	48
1178	40
1179	53
1180	54
1181	41
1182	56
1183	37
1184	46
1185	45
1186	45
1187	39
1188	54
1189	48
1190	42
1191	47
1192	59
1193	43
1194	45
1195	58
1196	40
1197	30
1198	57
1199	46
1200	47
1201	45
1202	42
1203	31
1204	51
1205	51
1206	47
1207	50
1208	62
1209	52
1210	36
1211	34
1212	40
1213	32
1214	50
1215	42
1216	46
1217	42
1218	51
1219	47
1220	42
1221	41
1222	32
1223	47
1224	43
1225	39
1226	52
1227	54
1228	46
1229	41
1230	46
1231	46
1232	46
1233	45
1234	50
1235	42
1236	54
1237	34
1238	45
1239	52
1240	51
1241	52
1242	44
1243	54
1244	42
1245	41
1246	46
1247	44
1248	38
1249	54
1250	42
1251	42
1252	41
1253	58
1254	51
1255	35
1256	44
1257	41
1258	43
1259	40
1260	32
1261	44
1262	47
1263	58
1264	39
1265	39
1266	60
1267	44
1268	43
1269	27
1270	41
1271	40
1272	40
1273	33
1274	42
1275	37
1276	33
1277	37
1278	47
1279	40
1280	34
1281	45
1282	51
1283	42
1284	33
1285	29
1286	38
1287	37
1288	38
1289	44
1290	32
1291	43
1292	44
1293	34
1294	27
1295	38
1296	39
1297	45
1298	44
1299	43
1300	34
1301	45
1302	52
1303	52
1304	38
1305	33
1306	30
1307	42
1308	27
1309	31
1310	45
1311	41
1312	31
1313	41
1314	47
1315	34
1316	34
1317	43
1318	34
1319	51
1320	43
1321	33
1322	29
1323	38
1324	38
1325	38
1326	29
1327	44
1328	32
1329	39
1330	25
1331	47
1332	41
1333	29
1334	36
1335	51
1336	30
1337	44
1338	47
1339	31
1340	47
1341	29
1342	40
1343	42
1344	38
1345	41
1346	44
1347	31
1348	40
1349	41
1350	35
1351	28
1352	35
1353	39
1354	43
1355	39
1356	38
1357	35
1358	30
1359	31
1360	43
1361	38
1362	42
1363	40
1364	46
1365	46
1366	37
1367	36
1368	32
1369	40
1370	30
1371	46
1372	46
1373	33
1374	36
1375	43
1376	33
1377	45
1378	36
1379	33
1380	34
1381	34
1382	44
1383	43
1384	29
1385	28
1386	46
1387	37
1388	33
1389	23
1390	44
1391	34
1392	37
1393	40
1394	40
1395	40
1396	42
1397	48
1398	31
1399	26
1400	17
1401	43
1402	38
1403	38
1404	35
1405	34
1406	31
1407	34
1408	43
1409	31
1410	42
1411	32
1412	38
1413	35
1414	40
1415	30
1416	32
1417	28
1418	31
1419	33
1420	28
1421	37
1422	34
1423	38
1424	34
1425	29
1426	35
1427	42
1428	40
1429	32
1430	31
1431	36
1432	42
1433	30
1434	37
1435	40
1436	34
1437	38
1438	38
1439	41
1440	45
1441	41
1442	35
1443	42
1444	39
1445	40
1446	40
1447	42
1448	35
1449	40
1450	22
1451	30
1452	38
1453	28
1454	37
1455	47
1456	37
1457	41
1458	46
1459	35
1460	32
1461	42
1462	37
1463	35
1464	31
1465	38
1466	33
1467	35
1468	40
1469	43
1470	31
1471	37
1472	35
1473	31
1474	47
1475	32
1476	32
1477	33
1478	48
1479	36
1480	34
1481	29
1482	28
1483	40
1484	33
1485	41
1486	31
1487	43
1488	31
1489	39
1490	41
1491	26
1492	31
1493	29
1494	29
1495	30
1496	26
1497	23
1498	32
1499	27
1500	24
1501	23
1502	36
1503	27
1504	22
1505	27
1506	34
1507	28
1508	26
1509	29
1510	27
1511	23
1512	26
1513	34
1514	38
1515	17
1516	23
1517	18
1518	19
1519	20
1520	10
1521	27
1522	14
1523	24
1524	22
1525	14
1526	21
1527	13
1528	23
1529	19
1530	12
1531	12
1532	12
1533	17
1534	6
1535	10
1536	19
1537	9
1538	15
1539	12
1540	9
1541	15
1542	9
1543	9
1544	16
1545	15
1546	13
1547	19
1548	8
1549	14
1550	15
1551	13
1552	12
1553	10
1554	10
1555	13
1556	9
1557	12
1558	13
1559	6
1560	11
1561	11
1562	5
1563	13
1564	6
1565	6
1566	7
1567	9
1568	5
1569	10
1570	6
1571	9
1572	6
1573	9
1574	9
1575	3
1576	10
1577	11
1578	11
1579	12
1580	9
1581	5
1582	11
1583	9
1584	10
1585	17
1586	15
1587	9
1588	9
1589	10
1590	14
1591	7
1592	9
1593	14
1594	18
1595	12
1596	7
1597	20
1598	14
1599	15
1600	18
1601	17
1602	14
1603	13
1604	21
1605	21
1606	13
1607	11
1608	22
1609	19
1610	23
1611	22
1612	27
1613	28
1614	35
1615	18
1616	19
1617	27
1618	22
1619	33
1620	31
1621	27
1622	37
1623	21
1624	30
1625	34
1626	31
1627	28
1628	40
1629	40
1630	36
1631	28
1632	36
1633	44
1634	34
1635	52
1636	43
1637	47
1638	49
1639	38
1640	44
1641	51
1642	49
1643	41
1644	42
1645	46
1646	35
1647	51
1648	49
1649	56
1650	43
1651	47
1652	51
1653	47
1654	46
1655	51
1656	52
1657	47
1658	53
1659	67
1660	63
1661	41
1662	61
1663	54
1664	51
1665	41
1666	50
1667	38
1668	38
1669	54
1670	49
1671	34
1672	47
1673	30
1674	44
1675	45
1676	46
1677	32
1678	41
1679	51
1680	30
1681	32
1682	32
1683	43
1684	21
1685	28
1686	36
1687	27
1688	36
1689	30
1690	27
1691	24
1692	38
1693	22
1694	14
1695	17
1696	14
1697	13
1698	12
1699	28
1700	10
1701	12
1702	22
1703	14
1704	15
1705	11
1706	19
1707	9
1708	10
1709	7
1710	8
1711	10
1712	5
1713	8
1714	11
1715	6
1716	8
1717	9
1718	5
1719	7
1720	7
1721	3
1722	3
1723	3
1724	5
1725	4
1726	4
1727	4
1728	3
1729	2
1730	3
1731	2
1732	2
1733	2
1734	4
1735	2
1736	1
1737	0
1738	1
1739	0
1740	3
1741	2
1742	1
1743	1
1744	0
1745	2
1746	1
1747	0
1748	0
1749	0
1750	2
1751	1
1752	1
1753	0
1754	0
1755	1
1756	1
1757	1
1758	0
1759	0
1760	0
1761	0
1762	0
1763	0
1764	0
1765	0
1766	1
1767	0
1768	0
1769	0
1770	0
1771	1
1772	0
1773	1
1774	0
1775	1
1776	0
1777	0
1778	0
1779	2
1780	0
1781	0
1782	0
1783	0
1784	0
1785	0
1786	0
1787	3
1788	0
1789	1
1790	0
1791	2
1792	0
1793	0
1794	1
1795	0
1796	0
1797	2
1798	0
1799	0
1800	0
1801	2
1802	0
1803	0
1804	0
1805	0
1806	0
1807	1
1808	0
1809	0
1810	0
1811	2
1812	0
1813	0
1814	0
1815	0
1816	0
1817	0
1818	0
1819	0
1820	1
1821	0
1822	0
1823	1
1824	0
1825	0
1826	0
1827	2
1828	0
1829	1
1830	0
1831	0
1832	0
1833	1
1834	2
1835	0
1836	0
1837	0
1838	0
1839	0
1840	0
1841	0
1842	0
1843	0
1844	0
1845	0
1846	1
1847	2
1848	0
1849	1
1850	0
1851	0
1852	2
1853	1
1854	0
1855	0
1856	0
1857	0
1858	1
1859	0
1860	2
1861	0
1862	0
1863	0
1864	0
1865	0
1866	0
1867	0
1868	0
1869	0
1870	0
1871	0
1872	0
1873	0
1874	0
1875	0
1876	0
1877	0
1878	0
1879	0
1880	0
1881	0
1882	0
1883	0
1884	0
1885	0
1886	0
1887	0
1888	0
1889	0
1890	0
1891	0
1892	1
1893	0
1894	1
1895	0
1896	0
1897	2
1898	0
1899	0
1900	1
1901	0
1902	1
1903	0
1904	0
1905	0
1906	0
1907	0
1908	0
1909	0
1910	0
1911	1
1912	0
1913	0
1914	0
1915	0
1916	0
1917	0
1918	0
1919	0
1920	1
1921	1
1922	0
1923	0
1924	0
1925	0
1926	0
1927	0
1928	1
1929	0
1930	1
1931	0
1932	0
1933	0
1934	1
1935	0
1936	0
1937	1
1938	1
1939	0
1940	0
1941	1
1942	0
1943	0
1944	0
1945	0
1946	0
1947	0
1948	0
1949	0
1950	0
1951	0
1952	0
1953	0
1954	0
1955	0
1956	0
1957	0
1958	0
1959	0
1960	1
1961	1
1962	0
1963	0
1964	0
1965	0
1966	0
1967	0
1968	0
1969	0
1970	0
1971	0
1972	0
1973	0
1974	0
1975	0
1976	0
1977	0
1978	0
1979	0
1980	0
1981	0
1982	1
1983	0
1984	0
1985	1
1986	0
1987	0
1988	0
1989	0
1990	0
1991	0
1992	1
1993	0
1994	0
1995	0
1996	1
1997	0
1998	0
1999	0
2000	0
2001	0
2002	1
2003	0
2004	1
2005	0
2006	0
2007	1
2008	0
2009	0
2010	0
2011	0
2012	0
2013	0
2014	0
2015	0
2016	0
2017	0
2018	0
2019	0
2020	0
2021	0
2022	0
2023	0
2024	0
2025	0
2026	1
2027	0
2028	0
2029	0
2030	0
2031	0
2032	0
2033	1
2034	0
2035	0
2036	0
2037	0
2038	0
2039	0
2040	0
2041	0
2042	0
2043	1
2044	0
2045	1
2046	0
2047	0
