0	0
1	0
2	0
3	0
4	0
5	0
6	0
7	0
8	0
9	0
10	1667
11	4388
12	4758
13	3500
14	2190
15	1598
16	1258
17	1269
18	1179
19	1225
20	1153
21	1242
22	1237
23	1165
24	1287
25	1271
26	1166
27	1215
28	1222
29	1165
30	1242
31	1328
32	1398
33	1438
34	1495
35	1563
36	1611
37	1639
38	1733
39	1722
40	1682
41	1782
42	1934
43	2085
44	2167
45	2211
46	2241
47	2305
48	2438
49	2492
50	2558
51	2756
52	2804
53	3072
54	3221
55	3554
56	3879
57	4187
58	4335
59	4338
60	4188
61	3922
62	3814
63	3421
64	3310
65	3153
66	3217
67	3062
68	2838
69	2790
70	2673
71	2498
72	2438
73	2302
74	2191
75	2107
76	2118
77	2000
78	1986
79	1935
80	1933
81	1930
82	1887
83	1903
84	1934
85	1978
86	1854
87	1825
88	1906
89	1926
90	1868
91	1915
92	1993
93	1813
94	1932
95	1929
96	1985
97	1931
98	1862
99	1900
100	1913
101	1877
102	1836
103	1758
104	1810
105	1808
106	1916
107	1807
108	1746
109	1706
110	1724
111	1673
112	1730
113	1725
114	1682
115	1678
116	1553
117	1659
118	1663
119	1683
120	1607
121	1631
122	1636
123	1728
124	1629
125	1653
126	1675
127	1609
128	1610
129	1650
130	1639
131	1612
132	1581
133	1655
134	1622
135	1607
136	1658
137	1599
138	1589
139	1721
140	1662
141	1566
142	1658
143	1608
144	1602
145	1608
146	1591
147	1612
148	1578
149	1594
150	1611
151	1664
152	1726
153	1764
154	1799
155	1901
156	1896
157	2052
158	2080
159	2079
160	2243
161	2165
162	2316
163	2395
164	2381
165	2403
166	2243
167	2236
168	2131
169	2091
170	1964
171	1901
172	1917
173	1747
174	1609
175	1593
176	1350
177	1447
178	1271
179	1298
180	1187
181	1141
182	1084
183	1123
184	1017
185	1150
186	1056
187	1026
188	1040
189	1041
190	1071
191	1082
192	1057
193	1112
194	1140
195	1045
196	1131
197	1115
198	1075
199	1046
200	1170
201	1103
202	1083
203	1048
204	1017
205	1048
206	1000
207	1034
208	967
209	975
210	999
211	952
212	886
213	978
214	906
215	877
216	901
217	845
218	917
219	907
220	923
221	861
222	918
223	922
224	882
225	952
226	969
227	1020
228	989
229	991
230	1001
231	1017
232	1049
233	1059
234	1022
235	1022
236	1083
237	1086
238	1051
239	1058
240	986
241	1020
242	1055
243	969
244	921
245	892
246	890
247	879
248	789
249	752
250	755
251	719
252	707
253	665
254	634
255	625
256	575
257	554
258	586
259	537
260	511
261	528
262	552
263	515
264	481
265	511
266	450
267	456
268	477
269	466
270	434
271	428
272	452
273	433
274	448
275	448
276	443
277	473
278	459
279	412
280	439
281	458
282	458
283	420
284	449
285	418
286	411
287	406
288	414
289	417
290	421
291	452
292	437
293	440
294	419
295	440
296	439
297	483
298	412
299	398
300	416
301	451
302	385
303	387
304	386
305	410
306	440
307	422
308	385
309	439
310	424
311	449
312	414
313	397
314	421
315	437
316	455
317	423
318	397
319	412
320	408
321	429
322	455
323	441
324	431
325	432
326	438
327	392
328	418
329	408
330	391
331	461
332	463
333	444
334	391
335	432
336	409
337	416
338	425
339	467
340	428
341	444
342	402
343	419
344	428
345	426
346	424
347	427
348	421
349	455
350	377
351	399
352	383
353	398
354	409
355	377
356	404
357	359
358	368
359	407
360	360
361	368
362	375
363	366
364	366
365	352
366	340
367	365
368	342
369	363
370	380
371	407
372	377
373	413
374	355
375	389
376	394
377	400
378	374
379	443
380	421
381	425
382	486
383	464
384	434
385	469
386	475
387	513
388	500
389	487
390	540
391	504
392	527
393	536
394	537
395	508
396	560
397	561
398	539
399	527
400	549
401	577
402	501
403	551
404	551
405	528
406	487
407	495
408	497
409	518
410	485
411	498
412	422
413	402
414	504
415	415
416	414
417	421
418	372
419	390
420	380
421	352
422	391
423	349
424	335
425	335
426	299
427	309
428	296
429	308
430	312
431	271
432	256
433	263
434	274
435	282
436	253
437	291
438	240
439	224
440	226
441	246
442	271
443	223
444	233
445	239
446	203
447	242
448	192
449	242
450	253
451	227
452	245
453	218
454	212
455	247
456	263
457	232
458	206
459	253
460	262
461	254
462	209
463	242
464	214
465	224
466	222
467	224
468	245
469	203
470	234
471	248
472	226
473	209
474	240
475	256
476	241
477	237
478	262
479	252
480	252
481	221
482	238
483	242
484	258
485	237
486	224
487	246
488	249
489	234
490	231
491	245
492	267
493	227
494	208
495	228
496	236
497	250
498	235
499	240
500	262
501	223
502	213
503	228
504	231
505	251
506	225
507	227
508	216
509	204
510	229
511	224
512	232
513	242
514	232
515	247
516	231
517	212
518	212
519	213
520	221
521	207
522	227
523	212
524	244
525	242
526	216
527	224
528	196
529	205
530	232
531	238
532	229
533	234
534	181
535	198
536	203
537	200
538	189
539	190
540	196
541	224
542	213
543	197
544	224
545	217
546	193
547	244
548	226
549	193
550	178
551	188
552	215
553	199
554	202
555	186
556	226
557	190
558	201
559	199
560	213
561	195
562	196
563	208
564	224
565	195
566	209
567	224
568	190
569	191
570	204
571	245
572	215
573	205
574	202
575	183
576	225
577	190
578	200
579	218
580	215
581	201
582	214
583	236
584	207
585	217
586	246
587	216
588	250
589	226
590	226
591	244
592	237
593	216
594	221
595	251
596	227
597	257
598	235
599	246
600	222
601	258
602	251
603	262
604	234
605	256
606	257
607	231
608	253
609	252
610	231
611	236
612	246
613	255
614	277
615	266
616	262
617	264
618	246
619	234
620	236
621	258
622	254
623	233
624	209
625	204
626	236
627	222
628	220
629	241
630	238
631	211
632	267
633	230
634	211
635	223
636	221
637	227
638	202
639	225
640	208
641	238
642	217
643	207
644	236
645	200
646	226
647	206
648	221
649	208
650	204
651	186
652	185
653	195
654	176
655	185
656	206
657	204
658	178
659	187
660	206
661	194
662	191
663	194
664	177
665	171
666	173
667	174
668	152
669	185
670	167
671	161
672	176
673	153
674	150
675	143
676	162
677	171
678	139
679	161
680	178
681	158
682	139
683	162
684	155
685	126
686	158
687	173
688	170
689	152
690	145
691	138
692	153
693	164
694	148
695	170
696	149
697	172
698	161
699	141
700	147
701	159
702	164
703	155
704	145
705	157
706	145
707	169
708	187
709	164
710	142
711	158
712	178
713	190
714	159
715	162
716	164
717	178
718	191
719	165
720	172
721	148
722	154
723	182
724	186
725	190
726	178
727	185
728	180
729	199
730	163
731	180
732	190
733	192
734	164
735	195
736	176
737	171
738	174
739	167
740	192
741	165
742	182
743	168
744	179
745	189
746	186
747	173
748	190
749	167
750	175
751	147
752	176
753	170
754	174
755	176
756	134
757	150
758	166
759	136
760	151
761	161
762	170
763	149
764	146
765	156
766	147
767	169
768	178
769	127
770	154
771	156
772	137
773	171
774	166
775	141
776	129
777	147
778	121
779	151
780	147
781	135
782	130
783	163
784	170
785	133
786	133
787	131
788	131
789	133
790	141
791	125
792	117
793	135
794	106
795	121
796	121
797	111
798	144
799	86
800	129
801	112
802	133
803	130
804	103
805	122
806	136
807	110
808	104
809	131
810	106
811	119
812	100
813	94
814	105
815	101
816	89
817	112
818	76
819	108
820	101
821	103
822	100
823	104
824	86
825	97
826	82
827	100
828	89
829	99
830	103
831	73
832	92
833	78
834	94
835	81
836	94
837	86
838	92
839	81
840	79
841	79
842	69
843	65
844	90
845	73
846	95
847	66
848	68
849	65
850	69
851	68
852	70
853	79
854	65
855	79
856	60
857	77
858	69
859	75
860	84
861	70
862	59
863	69
864	74
865	71
866	75
867	69
868	67
869	72
870	81
871	59
872	76
873	70
874	67
875	50
876	70
877	85
878	63
879	71
880	71
881	68
882	66
883	68
884	88
885	77
886	85
887	85
888	89
889	75
890	85
891	81
892	89
893	80
894	85
895	84
896	72
897	89
898	83
899	75
900	94
901	105
902	103
903	105
904	92
905	92
906	120
907	128
908	124
909	134
910	121
911	133
912	125
913	122
914	131
915	158
916	156
917	166
918	143
919	139
920	162
921	165
922	168
923	210
924	162
925	196
926	188
927	215
928	221
929	213
930	229
931	270
932	254
933	215
934	253
935	241
936	258
937	287
938	257
939	293
940	305
941	272
942	262
943	312
944	282
945	315
946	282
947	303
948	334
949	304
950	313
951	304
952	306
953	313
954	308
955	331
956	296
957	297
958	301
959	292
960	274
961	292
962	290
963	294
964	290
965	256
966	274
967	206
968	289
969	222
970	240
971	272
972	242
973	211
974	238
975	208
976	181
977	214
978	211
979	195
980	178
981	159
982	159
983	148
984	153
985	148
986	137
987	139
988	125
989	128
990	119
991	103
992	113
993	109
994	107
995	93
996	81
997	95
998	87
999	86
1000	65
1001	68
1002	55
1003	73
1004	58
1005	54
1006	71
1007	66
1008	57
1009	64
1010	59
1011	54
1012	50
1013	54
1014	63
1015	61
1016	47
1017	57
1018	42
1019	50
1020	53
1021	46
1022	46
1023	46
1024	50
1025	50
1026	53
1027	59
1028	51
1029	48
1030	33
1031	44
1032	30
1033	52
1034	54
1035	44
1036	41
1037	43
1038	38
1039	33
1040	27
1041	55
1042	41
1043	35
1044	32
1045	44
1046	44
1047	35
1048	39
1049	50
1050	47
1051	28
1052	45
1053	46
1054	36
1055	40
1056	38
1057	38
1058	37
1059	44
1060	40
1061	35
1062	40
1063	30
1064	34
1065	32
1066	30
1067	41
1068	30
1069	39
1070	21
1071	33
1072	30
1073	46
1074	38
1075	30
1076	33
1077	40
1078	33
1079	36
1080	28
1081	44
1082	31
1083	26
1084	27
1085	33
1086	35
1087	30
1088	46
1089	38
1090	31
1091	38
1092	29
1093	29
1094	22
1095	30
1096	19
1097	39
1098	30
1099	23
1100	33
1101	35
1102	44
1103	31
1104	28
1105	31
1106	43
1107	40
1108	30
1109	33
1110	38
1111	30
1112	34
1113	32
1114	33
1115	43
1116	36
1117	35
1118	44
1119	33
1120	40
1121	38
1122	27
1123	40
1124	34
1125	41
1126	41
1127	49
1128	38
1129	27
1130	46
1131	31
1132	33
1133	39
1134	39
1135	52
1136	31
1137	30
1138	43
1139	41
1140	35
1141	37
1142	43
1143	39
1144	41
1145	43
1146	47
1147	34
1148	46
1149	39
1150	35
1151	35
1152	30
1153	29
1154	44
1155	26
1156	34
1157	31
1158	37
1159	38
1160	35
1161	30
1162	40
1163	27
1164	40
1165	44
1166	41
1167	32
1168	25
1169	39
1170	36
1171	30
1172	31
1173	23
1174	32
1175	29
1176	24
1177	27
1178	36
1179	25
1180	29
1181	31
1182	30
1183	17
1184	29
1185	30
1186	24
1187	30
1188	25
1189	29
1190	22
1191	27
1192	26
1193	33
1194	20
1195	20
1196	33
1197	35
1198	30
1199	22
1200	19
1201	34
1202	24
1203	18
1204	28
1205	24
1206	28
1207	24
1208	31
1209	21
1210	20
1211	25
1212	20
1213	26
1214	28
1215	30
1216	18
1217	33
1218	15
1219	24
1220	16
1221	34
1222	17
1223	15
1224	20
1225	24
1226	22
1227	16
1228	14
1229	23
1230	30
1231	22
1232	18
1233	24
1234	19
1235	16
1236	16
1237	27
1238	21
1239	25
1240	26
1241	21
1242	23
1243	18
1244	17
1245	24
1246	19
1247	16
1248	16
1249	15
1250	19
1251	18
1252	17
1253	19
1254	19
1255	28
1256	22
1257	11
1258	21
1259	20
1260	19
1261	16
1262	19
1263	20
1264	23
1265	21
1266	22
1267	24
1268	15
1269	21
1270	18
1271	18
1272	13
1273	10
1274	24
1275	17
1276	22
1277	10
1278	18
1279	25
1280	17
1281	21
1282	21
1283	12
1284	14
1285	15
1286	15
1287	16
1288	20
1289	20
1290	17
1291	22
1292	17
1293	27
1294	24
1295	15
1296	23
1297	32
1298	17
1299	13
1300	19
1301	23
1302	30
1303	19
1304	18
1305	30
1306	16
1307	22
1308	16
1309	24
1310	22
1311	21
1312	13
1313	9
1314	18
1315	25
1316	14
1317	19
1318	25
1319	19
1320	24
1321	22
1322	12
1323	22
1324	19
1325	17
1326	17
1327	18
1328	20
1329	21
1330	18
1331	25
1332	16
1333	22
1334	15
1335	21
1336	24
1337	19
1338	25
1339	22
1340	17
1341	26
1342	23
1343	19
1344	20
1345	18
1346	21
1347	27
1348	27
1349	16
1350	26
1351	26
1352	19
1353	25
1354	19
1355	31
1356	23
1357	15
1358	25
1359	23
1360	29
1361	26
1362	24
1363	29
1364	25
1365	17
1366	20
1367	25
1368	21
1369	28
1370	25
1371	25
1372	29
1373	28
1374	19
1375	24
1376	16
1377	30
1378	29
1379	29
1380	28
1381	31
1382	20
1383	30
1384	25
1385	20
1386	20
1387	23
1388	33
1389	37
1390	25
1391	23
1392	23
1393	24
1394	22
1395	23
1396	27
1397	16
1398	28
1399	27
1400	29
1401	27
1402	16
1403	14
1404	15
1405	21
1406	30
1407	33
1408	35
1409	23
1410	20
1411	21
1412	24
1413	21
1414	26
1415	14
1416	28
1417	22
1418	23
1419	21
1420	21
1421	15
1422	30
1423	25
1424	20
1425	30
1426	22
1427	21
1428	13
1429	18
1430	17
1431	24
1432	19
1433	18
1434	23
1435	22
1436	16
1437	16
1438	17
1439	12
1440	20
1441	21
1442	18
1443	17
1444	21
1445	17
1446	25
1447	11
1448	30
1449	18
1450	23
1451	18
1452	21
1453	22
1454	19
1455	15
1456	24
1457	23
1458	21
1459	11
1460	23
1461	22
1462	21
1463	25
1464	21
1465	14
1466	17
1467	13
1468	21
1469	14
1470	31
1471	22
1472	22
1473	20
1474	21
1475	14
1476	15
1477	15
1478	14
1479	28
1480	22
1481	15
1482	18
1483	16
1484	21
1485	19
1486	15
1487	14
1488	8
1489	22
1490	19
1491	19
1492	15
1493	15
1494	17
1495	15
1496	19
1497	16
1498	23
1499	17
1500	18
1501	20
1502	16
1503	17
1504	17
1505	13
1506	13
1507	16
1508	18
1509	12
1510	16
1511	22
1512	15
1513	17
1514	15
1515	22
1516	17
1517	12
1518	19
1519	17
1520	11
1521	9
1522	16
1523	17
1524	17
1525	7
1526	5
1527	14
1528	10
1529	19
1530	12
1531	7
1532	12
1533	19
1534	9
1535	8
1536	13
1537	20
1538	13
1539	12
1540	18
1541	8
1542	7
1543	15
1544	12
1545	14
1546	18
1547	15
1548	19
1549	13
1550	5
1551	6
1552	15
1553	17
1554	11
1555	21
1556	19
1557	5
1558	10
1559	14
1560	13
1561	14
1562	11
1563	7
1564	12
1565	8
1566	12
1567	13
1568	14
1569	17
1570	10
1571	11
1572	6
1573	15
1574	10
1575	14
1576	17
1577	9
1578	11
1579	10
1580	7
1581	11
1582	14
1583	6
1584	8
1585	12
1586	13
1587	8
1588	9
1589	11
1590	11
1591	6
1592	8
1593	6
1594	9
1595	12
1596	15
1597	11
1598	13
1599	10
1600	13
1601	7
1602	15
1603	10
1604	1
1605	18
1606	9
1607	14
1608	13
1609	6
1610	11
1611	10
1612	17
1613	14
1614	9
1615	13
1616	16
1617	9
1618	11
1619	9
1620	11
1621	12
1622	12
1623	17
1624	10
1625	6
1626	10
1627	10
1628	16
1629	14
1630	16
1631	18
1632	12
1633	14
1634	9
1635	14
1636	19
1637	6
1638	21
1639	9
1640	17
1641	11
1642	19
1643	15
1644	15
1645	13
1646	18
1647	16
1648	14
1649	17
1650	13
1651	16
1652	9
1653	17
1654	7
1655	15
1656	23
1657	22
1658	13
1659	23
1660	22
1661	16
1662	7
1663	28
1664	24
1665	18
1666	26
1667	16
1668	19
1669	19
1670	23
1671	24
1672	14
1673	22
1674	17
1675	24
1676	23
1677	19
1678	17
1679	15
1680	18
1681	19
1682	22
1683	20
1684	25
1685	24
1686	24
1687	26
1688	18
1689	19
1690	22
1691	19
1692	20
1693	16
1694	21
1695	23
1696	29
1697	27
1698	19
1699	22
1700	24
1701	23
1702	23
1703	22
1704	23
1705	16
1706	19
1707	17
1708	24
1709	20
1710	23
1711	21
1712	25
1713	22
1714	24
1715	18
1716	24
1717	20
1718	18
1719	16
1720	20
1721	12
1722	13
1723	19
1724	17
1725	14
1726	19
1727	16
1728	15
1729	12
1730	13
1731	10
1732	14
1733	20
1734	8
1735	13
1736	19
1737	6
1738	16
1739	8
1740	11
1741	10
1742	13
1743	18
1744	9
1745	15
1746	15
1747	11
1748	6
1749	8
1750	9
1751	11
1752	11
1753	8
1754	9
1755	9
1756	7
1757	2
1758	5
1759	4
1760	14
1761	7
1762	1
1763	7
1764	2
1765	11
1766	5
1767	9
1768	4
1769	10
1770	10
1771	5
1772	2
1773	10
1774	6
1775	2
1776	6
1777	8
1778	15
1779	4
1780	4
1781	10
1782	6
1783	7
1784	5
1785	8
1786	8
1787	9
1788	4
1789	4
1790	3
1791	8
1792	4
1793	2
1794	3
1795	2
1796	4
1797	9
1798	5
1799	3
1800	7
1801	4
1802	6
1803	4
1804	8
1805	7
1806	5
1807	4
1808	4
1809	5
1810	9
1811	7
1812	2
1813	8
1814	4
1815	6
1816	3
1817	5
1818	5
1819	9
1820	3
1821	7
1822	6
1823	7
1824	5
1825	10
1826	9
1827	3
1828	0
1829	8
1830	6
1831	3
1832	2
1833	6
1834	4
1835	7
1836	6
1837	4
1838	5
1839	4
1840	5
1841	4
1842	6
1843	10
1844	2
1845	4
1846	6
1847	2
1848	6
1849	8
1850	3
1851	2
1852	6
1853	3
1854	5
1855	5
1856	5
1857	3
1858	3
1859	5
1860	2
1861	2
1862	2
1863	8
1864	3
1865	4
1866	2
1867	7
1868	3
1869	9
1870	3
1871	3
1872	5
1873	4
1874	5
1875	4
1876	6
1877	7
1878	3
1879	4
1880	7
1881	4
1882	10
1883	6
1884	4
1885	3
1886	6
1887	1
1888	5
1889	6
1890	4
1891	7
1892	4
1893	6
1894	5
1895	8
1896	7
1897	4
1898	9
1899	8
1900	3
1901	6
1902	4
1903	3
1904	5
1905	6
1906	5
1907	3
1908	3
1909	2
1910	4
1911	9
1912	6
1913	4
1914	5
1915	5
1916	4
1917	6
1918	3
1919	5
1920	4
1921	2
1922	3
1923	3
1924	5
1925	2
1926	3
1927	6
1928	0
1929	8
1930	10
1931	5
1932	6
1933	3
1934	3
1935	2
1936	7
1937	2
1938	1
1939	4
1940	4
1941	6
1942	1
1943	4
1944	2
1945	5
1946	4
1947	4
1948	4
1949	4
1950	2
1951	0
1952	4
1953	4
1954	6
1955	5
1956	5
1957	4
1958	5
1959	2
1960	5
1961	2
1962	5
1963	6
1964	8
1965	4
1966	9
1967	2
1968	5
1969	0
1970	2
1971	6
1972	8
1973	5
1974	4
1975	7
1976	2
1977	5
1978	2
1979	4
1980	8
1981	3
1982	3
1983	3
1984	3
1985	6
1986	3
1987	4
1988	7
1989	6
1990	4
1991	2
1992	4
1993	5
1994	4
1995	3
1996	7
1997	4
1998	5
1999	6
2000	3
2001	3
2002	2
2003	4
2004	4
2005	2
2006	4
2007	6
2008	3
2009	6
2010	5
2011	2
2012	3
2013	2
2014	2
2015	6
2016	3
2017	3
2018	3
2019	5
2020	3
2021	5
2022	2
2023	1
2024	1
2025	5
2026	4
2027	6
2028	4
2029	1
2030	1
2031	3
2032	1
2033	6
2034	5
2035	3
2036	6
2037	3
2038	5
2039	1
2040	6
2041	3
2042	5
2043	3
2044	1
2045	5
2046	7
2047	3
