0	0
1	0
2	0
3	0
4	0
5	0
6	0
7	0
8	0
9	0
10	150
11	367
12	372
13	419
14	426
15	407
16	394
17	445
18	446
19	478
20	441
21	444
22	424
23	435
24	449
25	488
26	465
27	448
28	480
29	420
30	499
31	471
32	495
33	496
34	509
35	497
36	414
37	505
38	483
39	454
40	451
41	472
42	457
43	471
44	451
45	517
46	409
47	481
48	466
49	496
50	456
51	497
52	450
53	535
54	490
55	516
56	500
57	469
58	470
59	481
60	492
61	492
62	460
63	490
64	467
65	459
66	500
67	487
68	470
69	498
70	472
71	469
72	474
73	504
74	505
75	505
76	449
77	445
78	445
79	462
80	518
81	503
82	475
83	504
84	449
85	493
86	474
87	487
88	493
89	491
90	453
91	490
92	471
93	488
94	512
95	552
96	475
97	483
98	515
99	508
100	491
101	508
102	486
103	464
104	486
105	506
106	477
107	475
108	479
109	502
110	476
111	483
112	510
113	452
114	511
115	535
116	489
117	489
118	519
119	475
120	487
121	501
122	468
123	487
124	499
125	444
126	509
127	497
128	497
129	486
130	514
131	486
132	509
133	504
134	525
135	495
136	474
137	518
138	476
139	492
140	490
141	478
142	495
143	513
144	487
145	502
146	556
147	552
148	531
149	537
150	533
151	532
152	540
153	552
154	531
155	573
156	608
157	579
158	582
159	629
160	641
161	642
162	629
163	655
164	679
165	714
166	665
167	682
168	679
169	719
170	685
171	647
172	704
173	641
174	678
175	662
176	676
177	632
178	703
179	669
180	649
181	659
182	666
183	649
184	657
185	589
186	633
187	675
188	619
189	623
190	587
191	622
192	604
193	633
194	655
195	607
196	602
197	606
198	581
199	573
200	608
201	603
202	620
203	577
204	590
205	572
206	553
207	585
208	587
209	570
210	620
211	554
212	584
213	554
214	592
215	556
216	550
217	578
218	599
219	593
220	573
221	576
222	570
223	575
224	588
225	546
226	546
227	583
228	551
229	586
230	544
231	560
232	570
233	553
234	582
235	558
236	551
237	560
238	564
239	532
240	559
241	515
242	528
243	540
244	510
245	542
246	565
247	496
248	537
249	530
250	550
251	554
252	540
253	562
254	515
255	529
256	501
257	537
258	497
259	520
260	529
261	536
262	518
263	528
264	501
265	519
266	520
267	507
268	529
269	548
270	507
271	512
272	499
273	493
274	561
275	559
276	520
277	499
278	503
279	529
280	493
281	519
282	507
283	484
284	501
285	487
286	518
287	504
288	508
289	545
290	506
291	537
292	536
293	528
294	514
295	536
296	476
297	485
298	520
299	537
300	507
301	505
302	529
303	485
304	459
305	501
306	473
307	499
308	477
309	491
310	532
311	494
312	504
313	510
314	524
315	501
316	489
317	540
318	522
319	478
320	517
321	498
322	521
323	517
324	470
325	525
326	514
327	498
328	481
329	512
330	455
331	464
332	494
333	495
334	534
335	472
336	485
337	486
338	487
339	509
340	482
341	493
342	485
343	512
344	471
345	553
346	463
347	494
348	485
349	476
350	490
351	476
352	500
353	478
354	466
355	497
356	482
357	483
358	490
359	472
360	471
361	496
362	495
363	492
364	492
365	490
366	480
367	468
368	534
369	520
370	513
371	518
372	470
373	487
374	512
375	512
376	522
377	484
378	510
379	512
380	483
381	530
382	493
383	488
384	466
385	477
386	508
387	496
388	478
389	462
390	507
391	511
392	540
393	510
394	511
395	469
396	448
397	460
398	481
399	498
400	444
401	491
402	475
403	492
404	502
405	464
406	491
407	472
408	478
409	473
410	485
411	509
412	467
413	482
414	535
415	513
416	552
417	508
418	482
419	461
420	454
421	529
422	507
423	446
424	542
425	548
426	489
427	485
428	512
429	533
430	504
431	499
432	481
433	491
434	500
435	486
436	493
437	477
438	488
439	525
440	503
441	501
442	495
443	479
444	483
445	502
446	497
447	485
448	487
449	468
450	479
451	528
452	548
453	535
454	496
455	477
456	459
457	511
458	478
459	493
460	479
461	535
462	490
463	487
464	520
465	541
466	484
467	544
468	531
469	522
470	509
471	507
472	540
473	477
474	503
475	496
476	498
477	532
478	510
479	506
480	496
481	522
482	499
483	510
484	497
485	545
486	506
487	498
488	503
489	507
490	506
491	491
492	530
493	504
494	527
495	475
496	506
497	495
498	525
499	521
500	504
501	502
502	491
503	528
504	467
505	525
506	469
507	522
508	477
509	480
510	513
511	522
512	512
513	537
514	507
515	555
516	515
517	528
518	511
519	520
520	548
521	480
522	542
523	565
524	525
525	526
526	547
527	547
528	559
529	507
530	546
531	496
532	522
533	511
534	546
535	524
536	491
537	507
538	510
539	515
540	553
541	512
542	538
543	549
544	495
545	537
546	499
547	505
548	531
549	538
550	579
551	542
552	570
553	517
554	571
555	500
556	506
557	531
558	549
559	545
560	565
561	512
562	541
563	558
564	546
565	563
566	543
567	596
568	545
569	505
570	554
571	574
572	581
573	532
574	595
575	551
576	521
577	591
578	559
579	561
580	582
581	518
582	580
583	560
584	554
585	549
586	580
587	561
588	607
589	575
590	565
591	562
592	580
593	555
594	565
595	575
596	561
597	579
598	587
599	589
600	577
601	608
602	603
603	608
604	600
605	610
606	603
607	545
608	586
609	592
610	624
611	591
612	576
613	626
614	593
615	597
616	633
617	603
618	670
619	591
620	658
621	625
622	613
623	616
624	563
625	613
626	630
627	640
628	589
629	658
630	586
631	572
632	650
633	603
634	632
635	632
636	608
637	593
638	594
639	594
640	628
641	573
642	647
643	633
644	610
645	601
646	639
647	531
648	657
649	576
650	630
651	598
652	631
653	616
654	560
655	665
656	632
657	630
658	612
659	621
660	661
661	589
662	571
663	656
664	644
665	609
666	622
667	656
668	648
669	616
670	619
671	629
672	602
673	597
674	609
675	545
676	568
677	574
678	614
679	574
680	611
681	584
682	546
683	545
684	554
685	546
686	517
687	556
688	538
689	529
690	493
691	492
692	511
693	500
694	468
695	481
696	460
697	433
698	483
699	500
700	477
701	431
702	450
703	476
704	456
705	433
706	508
707	419
708	455
709	436
710	470
711	461
712	404
713	433
714	457
715	367
716	434
717	442
718	405
719	433
720	398
721	433
722	412
723	424
724	403
725	444
726	404
727	411
728	418
729	443
730	410
731	412
732	392
733	419
734	394
735	381
736	394
737	394
738	369
739	407
740	387
741	394
742	405
743	358
744	397
745	375
746	349
747	407
748	383
749	391
750	386
751	411
752	376
753	408
754	394
755	378
756	357
757	418
758	393
759	417
760	407
761	387
762	364
763	380
764	345
765	367
766	349
767	386
768	370
769	356
770	377
771	407
772	352
773	371
774	376
775	368
776	352
777	358
778	319
779	358
780	352
781	344
782	335
783	345
784	342
785	350
786	321
787	346
788	349
789	283
790	351
791	350
792	328
793	314
794	379
795	326
796	360
797	347
798	351
799	353
800	368
801	406
802	406
803	358
804	444
805	446
806	434
807	454
808	517
809	533
810	496
811	590
812	671
813	692
814	722
815	766
816	794
817	881
818	867
819	976
820	1020
821	1082
822	1139
823	1236
824	1340
825	1396
826	1563
827	1548
828	1620
829	1701
830	1709
831	1786
832	1866
833	1948
834	2086
835	2136
836	2203
837	2224
838	2236
839	2291
840	2323
841	2478
842	2445
843	2498
844	2499
845	2424
846	2513
847	2453
848	2464
849	2422
850	2498
851	2402
852	2297
853	2306
854	2158
855	2170
856	2171
857	1999
858	1907
859	1884
860	1819
861	1752
862	1714
863	1607
864	1534
865	1428
866	1360
867	1332
868	1211
869	1144
870	1038
871	1000
872	948
873	833
874	780
875	776
876	657
877	599
878	620
879	554
880	487
881	475
882	400
883	380
884	353
885	324
886	307
887	279
888	254
889	214
890	201
891	218
892	204
893	199
894	184
895	168
896	156
897	142
898	155
899	151
900	168
901	173
902	133
903	145
904	168
905	171
906	154
907	165
908	168
909	187
910	189
911	225
912	216
913	240
914	236
915	305
916	291
917	280
918	365
919	387
920	419
921	410
922	430
923	501
924	528
925	525
926	638
927	671
928	689
929	769
930	764
931	808
932	886
933	933
934	970
935	1077
936	1124
937	1120
938	1180
939	1242
940	1381
941	1392
942	1425
943	1510
944	1595
945	1630
946	1631
947	1704
948	1749
949	1797
950	1808
951	1936
952	1901
953	1931
954	1914
955	2059
956	1985
957	1993
958	2032
959	2012
960	1978
961	1998
962	1981
963	1977
964	1887
965	1873
966	1857
967	1779
968	1836
969	1681
970	1732
971	1617
972	1620
973	1557
974	1511
975	1458
976	1343
977	1264
978	1183
979	1209
980	1111
981	1032
982	989
983	939
984	886
985	890
986	768
987	747
988	650
989	600
990	633
991	593
992	491
993	495
994	422
995	429
996	404
997	360
998	364
999	312
1000	268
1001	272
1002	242
1003	209
1004	204
1005	196
1006	175
1007	194
1008	158
1009	157
1010	167
1011	135
1012	141
1013	146
1014	112
1015	137
1016	143
1017	103
1018	104
1019	118
1020	130
1021	111
1022	127
1023	132
1024	105
1025	103
1026	90
1027	106
1028	130
1029	118
1030	96
1031	94
1032	114
1033	99
1034	94
1035	108
1036	106
1037	106
1038	106
1039	90
1040	97
1041	101
1042	92
1043	108
1044	99
1045	119
1046	83
1047	114
1048	97
1049	116
1050	101
1051	103
1052	99
1053	118
1054	100
1055	100
1056	90
1057	100
1058	95
1059	87
1060	107
1061	93
1062	105
1063	105
1064	93
1065	96
1066	110
1067	102
1068	109
1069	103
1070	77
1071	112
1072	91
1073	78
1074	89
1075	83
1076	97
1077	102
1078	86
1079	95
1080	96
1081	114
1082	106
1083	110
1084	109
1085	115
1086	103
1087	94
1088	94
1089	95
1090	101
1091	93
1092	102
1093	108
1094	94
1095	101
1096	109
1097	99
1098	103
1099	83
1100	101
1101	104
1102	105
1103	120
1104	101
1105	97
1106	95
1107	100
1108	113
1109	73
1110	89
1111	87
1112	87
1113	106
1114	103
1115	92
1116	87
1117	94
1118	96
1119	98
1120	115
1121	100
1122	92
1123	79
1124	92
1125	91
1126	92
1127	96
1128	81
1129	113
1130	91
1131	101
1132	115
1133	89
1134	122
1135	101
1136	108
1137	96
1138	80
1139	114
1140	123
1141	88
1142	79
1143	103
1144	90
1145	81
1146	82
1147	85
1148	102
1149	99
1150	118
1151	86
1152	82
1153	88
1154	103
1155	104
1156	77
1157	100
1158	96
1159	99
1160	87
1161	84
1162	95
1163	97
1164	94
1165	101
1166	83
1167	109
1168	97
1169	76
1170	99
1171	108
1172	82
1173	89
1174	100
1175	72
1176	96
1177	77
1178	79
1179	78
1180	106
1181	73
1182	92
1183	109
1184	88
1185	80
1186	90
1187	74
1188	79
1189	87
1190	87
1191	77
1192	81
1193	100
1194	87
1195	97
1196	93
1197	84
1198	94
1199	67
1200	90
1201	94
1202	76
1203	78
1204	88
1205	75
1206	83
1207	79
1208	100
1209	95
1210	88
1211	84
1212	87
1213	60
1214	70
1215	94
1216	94
1217	87
1218	78
1219	81
1220	80
1221	72
1222	70
1223	86
1224	84
1225	87
1226	87
1227	82
1228	65
1229	79
1230	73
1231	71
1232	81
1233	87
1234	82
1235	86
1236	77
1237	84
1238	94
1239	81
1240	77
1241	70
1242	90
1243	88
1244	82
1245	83
1246	76
1247	80
1248	86
1249	80
1250	71
1251	93
1252	74
1253	79
1254	78
1255	79
1256	65
1257	83
1258	85
1259	89
1260	79
1261	69
1262	85
1263	87
1264	72
1265	72
1266	79
1267	63
1268	81
1269	60
1270	84
1271	75
1272	47
1273	83
1274	74
1275	82
1276	83
1277	58
1278	87
1279	78
1280	63
1281	96
1282	70
1283	68
1284	89
1285	90
1286	81
1287	85
1288	79
1289	74
1290	81
1291	83
1292	67
1293	76
1294	89
1295	86
1296	60
1297	77
1298	91
1299	70
1300	75
1301	78
1302	69
1303	72
1304	64
1305	66
1306	82
1307	83
1308	87
1309	65
1310	66
1311	88
1312	77
1313	96
1314	68
1315	73
1316	64
1317	83
1318	70
1319	69
1320	67
1321	77
1322	76
1323	90
1324	71
1325	76
1326	69
1327	79
1328	58
1329	57
1330	64
1331	81
1332	68
1333	79
1334	83
1335	65
1336	67
1337	59
1338	78
1339	70
1340	66
1341	64
1342	72
1343	66
1344	66
1345	80
1346	66
1347	75
1348	71
1349	59
1350	71
1351	76
1352	84
1353	62
1354	67
1355	82
1356	82
1357	70
1358	62
1359	62
1360	82
1361	80
1362	70
1363	75
1364	78
1365	84
1366	73
1367	66
1368	68
1369	89
1370	64
1371	62
1372	73
1373	54
1374	69
1375	71
1376	65
1377	63
1378	73
1379	65
1380	77
1381	80
1382	90
1383	64
1384	57
1385	80
1386	72
1387	70
1388	63
1389	77
1390	73
1391	60
1392	68
1393	86
1394	64
1395	67
1396	84
1397	65
1398	63
1399	76
1400	59
1401	62
1402	63
1403	76
1404	53
1405	69
1406	61
1407	80
1408	68
1409	72
1410	78
1411	82
1412	62
1413	63
1414	52
1415	68
1416	58
1417	64
1418	61
1419	75
1420	67
1421	62
1422	80
1423	57
1424	62
1425	62
1426	86
1427	64
1428	70
1429	66
1430	59
1431	72
1432	63
1433	68
1434	64
1435	85
1436	69
1437	67
1438	71
1439	80
1440	69
1441	69
1442	81
1443	77
1444	64
1445	74
1446	68
1447	66
1448	61
1449	79
1450	59
1451	78
1452	73
1453	58
1454	68
1455	72
1456	70
1457	79
1458	73
1459	89
1460	68
1461	61
1462	68
1463	68
1464	71
1465	60
1466	75
1467	60
1468	67
1469	81
1470	78
1471	63
1472	61
1473	56
1474	88
1475	58
1476	77
1477	74
1478	61
1479	65
1480	52
1481	67
1482	50
1483	60
1484	59
1485	62
1486	49
1487	57
1488	63
1489	61
1490	56
1491	67
1492	61
1493	68
1494	69
1495	78
1496	66
1497	70
1498	67
1499	53
1500	57
1501	62
1502	67
1503	68
1504	69
1505	71
1506	70
1507	61
1508	75
1509	64
1510	58
1511	50
1512	80
1513	76
1514	64
1515	76
1516	76
1517	61
1518	74
1519	69
1520	56
1521	86
1522	64
1523	69
1524	68
1525	75
1526	62
1527	45
1528	65
1529	53
1530	81
1531	65
1532	40
1533	63
1534	71
1535	67
1536	69
1537	81
1538	78
1539	68
1540	65
1541	63
1542	61
1543	82
1544	67
1545	76
1546	82
1547	56
1548	54
1549	63
1550	56
1551	65
1552	74
1553	60
1554	62
1555	68
1556	69
1557	54
1558	64
1559	62
1560	68
1561	59
1562	63
1563	73
1564	61
1565	69
1566	69
1567	57
1568	64
1569	66
1570	67
1571	56
1572	85
1573	67
1574	57
1575	71
1576	80
1577	66
1578	76
1579	63
1580	71
1581	73
1582	51
1583	64
1584	71
1585	72
1586	90
1587	74
1588	63
1589	74
1590	63
1591	66
1592	83
1593	65
1594	73
1595	86
1596	84
1597	60
1598	86
1599	61
1600	71
1601	63
1602	61
1603	64
1604	84
1605	69
1606	66
1607	64
1608	64
1609	73
1610	78
1611	59
1612	53
1613	46
1614	71
1615	69
1616	73
1617	49
1618	77
1619	62
1620	55
1621	72
1622	66
1623	63
1624	73
1625	57
1626	59
1627	70
1628	69
1629	54
1630	65
1631	67
1632	61
1633	48
1634	55
1635	46
1636	62
1637	49
1638	62
1639	44
1640	44
1641	74
1642	40
1643	46
1644	62
1645	46
1646	63
1647	64
1648	46
1649	54
1650	50
1651	36
1652	55
1653	40
1654	46
1655	47
1656	47
1657	44
1658	35
1659	46
1660	45
1661	43
1662	29
1663	40
1664	45
1665	38
1666	36
1667	29
1668	43
1669	34
1670	29
1671	29
1672	31
1673	39
1674	26
1675	30
1676	31
1677	18
1678	29
1679	35
1680	33
1681	23
1682	25
1683	24
1684	18
1685	18
1686	19
1687	32
1688	25
1689	28
1690	28
1691	22
1692	15
1693	16
1694	15
1695	27
1696	25
1697	15
1698	13
1699	20
1700	18
1701	22
1702	15
1703	13
1704	21
1705	12
1706	14
1707	12
1708	15
1709	11
1710	9
1711	16
1712	14
1713	9
1714	10
1715	14
1716	10
1717	12
1718	12
1719	11
1720	13
1721	12
1722	7
1723	9
1724	11
1725	8
1726	8
1727	14
1728	16
1729	15
1730	11
1731	6
1732	10
1733	5
1734	9
1735	6
1736	12
1737	11
1738	8
1739	10
1740	9
1741	15
1742	15
1743	13
1744	11
1745	10
1746	15
1747	12
1748	13
1749	20
1750	12
1751	16
1752	14
1753	25
1754	25
1755	27
1756	17
1757	27
1758	33
1759	21
1760	23
1761	27
1762	36
1763	50
1764	29
1765	37
1766	34
1767	34
1768	43
1769	53
1770	34
1771	57
1772	39
1773	64
1774	63
1775	55
1776	67
1777	68
1778	76
1779	73
1780	73
1781	89
1782	71
1783	94
1784	92
1785	93
1786	81
1787	103
1788	105
1789	86
1790	116
1791	102
1792	137
1793	131
1794	131
1795	125
1796	155
1797	143
1798	126
1799	144
1800	163
1801	135
1802	147
1803	171
1804	167
1805	162
1806	158
1807	178
1808	175
1809	156
1810	167
1811	159
1812	162
1813	184
1814	186
1815	172
1816	164
1817	184
1818	170
1819	195
1820	141
1821	145
1822	177
1823	137
1824	169
1825	164
1826	171
1827	158
1828	145
1829	141
1830	128
1831	152
1832	137
1833	144
1834	155
1835	140
1836	118
1837	122
1838	116
1839	124
1840	94
1841	113
1842	98
1843	87
1844	90
1845	92
1846	99
1847	102
1848	78
1849	66
1850	92
1851	59
1852	59
1853	58
1854	54
1855	62
1856	60
1857	63
1858	52
1859	55
1860	35
1861	36
1862	42
1863	36
1864	45
1865	31
1866	31
1867	27
1868	26
1869	23
1870	23
1871	16
1872	19
1873	23
1874	15
1875	19
1876	8
1877	15
1878	21
1879	13
1880	6
1881	14
1882	12
1883	7
1884	8
1885	9
1886	3
1887	4
1888	6
1889	6
1890	5
1891	5
1892	4
1893	0
1894	2
1895	2
1896	0
1897	4
1898	2
1899	3
1900	3
1901	3
1902	3
1903	3
1904	0
1905	1
1906	2
1907	0
1908	3
1909	1
1910	2
1911	1
1912	0
1913	0
1914	2
1915	3
1916	1
1917	0
1918	1
1919	1
1920	1
1921	0
1922	3
1923	1
1924	2
1925	3
1926	5
1927	0
1928	3
1929	2
1930	0
1931	1
1932	4
1933	2
1934	1
1935	0
1936	3
1937	1
1938	2
1939	0
1940	0
1941	1
1942	3
1943	1
1944	2
1945	2
1946	2
1947	1
1948	0
1949	0
1950	0
1951	0
1952	1
1953	1
1954	0
1955	1
1956	1
1957	1
1958	0
1959	3
1960	0
1961	0
1962	0
1963	0
1964	4
1965	2
1966	1
1967	0
1968	0
1969	0
1970	2
1971	0
1972	0
1973	0
1974	0
1975	2
1976	0
1977	1
1978	0
1979	1
1980	0
1981	0
1982	3
1983	2
1984	0
1985	0
1986	1
1987	0
1988	0
1989	0
1990	3
1991	0
1992	1
1993	0
1994	0
1995	0
1996	0
1997	0
1998	0
1999	1
2000	0
2001	0
2002	1
2003	3
2004	2
2005	0
2006	1
2007	1
2008	1
2009	2
2010	0
2011	0
2012	0
2013	1
2014	0
2015	1
2016	0
2017	2
2018	1
2019	0
2020	0
2021	0
2022	0
2023	0
2024	0
2025	1
2026	0
2027	0
2028	1
2029	0
2030	0
2031	0
2032	0
2033	1
2034	0
2035	2
2036	1
2037	0
2038	0
2039	1
2040	1
2041	0
2042	0
2043	1
2044	0
2045	0
2046	1
2047	0
