0	0
1	0
2	0
3	0
4	0
5	0
6	0
7	0
8	0
9	0
10	242
11	616
12	633
13	624
14	701
15	669
16	740
17	715
18	748
19	756
20	806
21	845
22	980
23	1258
24	1924
25	3031
26	4233
27	4500
28	3753
29	2742
30	2041
31	1460
32	1191
33	1007
34	795
35	773
36	714
37	722
38	672
39	715
40	703
41	786
42	789
43	698
44	680
45	702
46	700
47	743
48	702
49	738
50	766
51	713
52	720
53	777
54	718
55	713
56	740
57	732
58	756
59	753
60	753
61	733
62	718
63	714
64	708
65	720
66	672
67	727
68	706
69	665
70	669
71	735
72	719
73	720
74	679
75	721
76	712
77	720
78	657
79	658
80	750
81	703
82	685
83	683
84	689
85	749
86	674
87	709
88	714
89	675
90	690
91	671
92	642
93	693
94	693
95	723
96	666
97	711
98	675
99	702
100	758
101	696
102	693
103	706
104	705
105	708
106	687
107	714
108	721
109	700
110	663
111	666
112	744
113	738
114	654
115	690
116	714
117	699
118	702
119	751
120	706
121	721
122	712
123	715
124	689
125	731
126	733
127	722
128	742
129	733
130	696
131	740
132	764
133	768
134	753
135	794
136	835
137	837
138	867
139	958
140	908
141	909
142	897
143	914
144	951
145	941
146	910
147	959
148	982
149	1007
150	994
151	917
152	963
153	979
154	939
155	947
156	936
157	926
158	956
159	858
160	901
161	951
162	885
163	953
164	879
165	833
166	909
167	871
168	971
169	883
170	843
171	820
172	816
173	799
174	851
175	807
176	841
177	885
178	828
179	763
180	810
181	753
182	852
183	847
184	803
185	801
186	845
187	774
188	775
189	747
190	790
191	783
192	744
193	782
194	790
195	779
196	747
197	801
198	763
199	755
200	804
201	755
202	724
203	803
204	812
205	774
206	736
207	746
208	738
209	777
210	750
211	749
212	719
213	755
214	664
215	713
216	675
217	710
218	783
219	748
220	735
221	761
222	708
223	740
224	667
225	694
226	717
227	737
228	734
229	677
230	765
231	681
232	746
233	712
234	708
235	714
236	738
237	698
238	687
239	674
240	687
241	675
242	726
243	726
244	745
245	680
246	693
247	744
248	716
249	679
250	706
251	714
252	688
253	648
254	720
255	685
256	710
257	666
258	713
259	660
260	722
261	681
262	688
263	695
264	675
265	705
266	664
267	595
268	724
269	669
270	696
271	687
272	686
273	687
274	677
275	683
276	671
277	642
278	651
279	658
280	686
281	660
282	702
283	701
284	652
285	677
286	691
287	612
288	654
289	687
290	672
291	656
292	692
293	687
294	713
295	673
296	717
297	703
298	667
299	657
300	665
301	682
302	697
303	670
304	704
305	654
306	659
307	705
308	668
309	664
310	688
311	717
312	721
313	706
314	675
315	720
316	700
317	739
318	693
319	701
320	717
321	732
322	691
323	702
324	696
325	708
326	716
327	749
328	682
329	676
330	664
331	631
332	649
333	716
334	646
335	606
336	628
337	637
338	615
339	594
340	543
341	531
342	554
343	532
344	479
345	420
346	435
347	437
348	371
349	362
350	373
351	348
352	390
353	299
354	361
355	328
356	306
357	276
358	282
359	294
360	256
361	255
362	226
363	250
364	227
365	236
366	253
367	207
368	208
369	195
370	203
371	203
372	176
373	183
374	190
375	191
376	170
377	168
378	144
379	166
380	171
381	169
382	156
383	145
384	142
385	163
386	141
387	157
388	129
389	125
390	143
391	138
392	128
393	136
394	132
395	108
396	121
397	115
398	103
399	125
400	118
401	104
402	110
403	116
404	119
405	108
406	98
407	124
408	108
409	110
410	100
411	112
412	104
413	111
414	107
415	104
416	92
417	112
418	85
419	112
420	84
421	95
422	95
423	96
424	102
425	93
426	83
427	95
428	109
429	103
430	110
431	93
432	105
433	108
434	114
435	106
436	123
437	121
438	124
439	134
440	134
441	136
442	147
443	164
444	210
445	213
446	224
447	251
448	304
449	349
450	384
451	444
452	572
453	641
454	746
455	849
456	948
457	1073
458	1208
459	1401
460	1565
461	1785
462	1933
463	2270
464	2492
465	2842
466	3074
467	3332
468	3650
469	4051
470	4264
471	4607
472	5005
473	5229
474	5661
475	6152
476	6233
477	6569
478	6784
479	6983
480	7309
481	7460
482	7608
483	7667
484	7671
485	7774
486	7811
487	7696
488	7491
489	7353
490	7240
491	6966
492	6648
493	6204
494	5888
495	5609
496	5212
497	4981
498	4614
499	4160
500	3802
501	3547
502	3015
503	2745
504	2527
505	2198
506	1961
507	1682
508	1486
509	1287
510	1105
511	881
512	792
513	668
514	554
515	511
516	397
517	323
518	242
519	228
520	162
521	150
522	117
523	83
524	76
525	68
526	57
527	44
528	37
529	58
530	32
531	31
532	30
533	27
534	36
535	21
536	19
537	27
538	23
539	21
540	20
541	27
542	18
543	24
544	18
545	23
546	31
547	15
548	25
549	14
550	21
551	19
552	19
553	23
554	21
555	23
556	13
557	20
558	22
559	14
560	20
561	24
562	20
563	13
564	24
565	22
566	23
567	21
568	11
569	9
570	14
571	26
572	17
573	20
574	19
575	25
576	30
577	18
578	15
579	16
580	15
581	15
582	21
583	15
584	16
585	19
586	15
587	12
588	16
589	5
590	12
591	18
592	15
593	18
594	13
595	16
596	16
597	21
598	14
599	12
600	11
601	17
602	15
603	14
604	20
605	14
606	12
607	11
608	14
609	16
610	18
611	14
612	8
613	11
614	12
615	11
616	17
617	16
618	15
619	16
620	15
621	11
622	24
623	12
624	16
625	18
626	13
627	19
628	12
629	16
630	13
631	16
632	11
633	11
634	8
635	11
636	16
637	10
638	17
639	13
640	13
641	4
642	13
643	13
644	5
645	9
646	16
647	11
648	9
649	13
650	18
651	9
652	12
653	7
654	18
655	10
656	13
657	12
658	7
659	8
660	12
661	9
662	11
663	15
664	14
665	10
666	10
667	12
668	7
669	9
670	7
671	14
672	6
673	8
674	10
675	9
676	8
677	8
678	6
679	7
680	6
681	14
682	6
683	9
684	15
685	9
686	9
687	8
688	9
689	14
690	7
691	10
692	10
693	11
694	6
695	9
696	8
697	9
698	15
699	6
700	6
701	5
702	13
703	9
704	6
705	10
706	7
707	8
708	10
709	7
710	12
711	5
712	16
713	11
714	10
715	5
716	9
717	9
718	8
719	9
720	10
721	12
722	9
723	7
724	10
725	6
726	5
727	8
728	5
729	8
730	3
731	14
732	7
733	7
734	10
735	7
736	4
737	11
738	9
739	5
740	8
741	7
742	6
743	4
744	2
745	8
746	8
747	8
748	3
749	8
750	6
751	3
752	8
753	1
754	9
755	11
756	6
757	5
758	5
759	4
760	10
761	0
762	3
763	10
764	4
765	10
766	7
767	8
768	3
769	6
770	7
771	9
772	3
773	10
774	4
775	4
776	3
777	4
778	3
779	1
780	7
781	3
782	4
783	6
784	4
785	8
786	7
787	3
788	7
789	11
790	11
791	7
792	4
793	7
794	5
795	5
796	9
797	2
798	5
799	9
800	3
801	5
802	4
803	5
804	4
805	9
806	3
807	2
808	6
809	5
810	6
811	7
812	5
813	6
814	4
815	10
816	2
817	7
818	7
819	4
820	9
821	8
822	3
823	4
824	8
825	7
826	5
827	5
828	2
829	3
830	6
831	3
832	5
833	6
834	3
835	7
836	3
837	3
838	11
839	5
840	10
841	6
842	3
843	6
844	9
845	4
846	5
847	2
848	5
849	5
850	7
851	9
852	3
853	4
854	3
855	3
856	4
857	5
858	7
859	4
860	9
861	3
862	5
863	4
864	5
865	4
866	3
867	5
868	6
869	4
870	3
871	6
872	6
873	8
874	6
875	6
876	3
877	7
878	7
879	1
880	6
881	9
882	3
883	14
884	5
885	0
886	2
887	4
888	2
889	5
890	5
891	3
892	7
893	2
894	3
895	6
896	2
897	6
898	4
899	6
900	5
901	5
902	5
903	3
904	6
905	6
906	2
907	6
908	8
909	4
910	8
911	4
912	7
913	2
914	2
915	6
916	4
917	3
918	8
919	8
920	5
921	7
922	6
923	4
924	10
925	1
926	5
927	7
928	4
929	8
930	11
931	2
932	10
933	5
934	4
935	1
936	2
937	6
938	6
939	8
940	7
941	8
942	4
943	5
944	2
945	5
946	8
947	8
948	5
949	2
950	6
951	9
952	6
953	11
954	11
955	7
956	8
957	1
958	5
959	10
960	8
961	4
962	8
963	5
964	5
965	8
966	8
967	3
968	11
969	6
970	3
971	4
972	4
973	9
974	9
975	7
976	7
977	4
978	7
979	6
980	0
981	2
982	5
983	3
984	4
985	2
986	1
987	3
988	4
989	1
990	1
991	2
992	2
993	3
994	1
995	2
996	2
997	1
998	1
999	3
1000	0
1001	0
1002	1
1003	4
1004	1
1005	2
1006	1
1007	0
1008	0
1009	0
1010	0
1011	1
1012	0
1013	0
1014	0
1015	0
1016	0
1017	0
1018	0
1019	0
1020	0
1021	0
1022	0
1023	0
1024	0
1025	0
1026	0
1027	1
1028	0
1029	0
1030	2
1031	0
1032	1
1033	0
1034	0
1035	1
1036	0
1037	0
1038	0
1039	1
1040	1
1041	0
1042	1
1043	0
1044	1
1045	0
1046	0
1047	0
1048	1
1049	0
1050	1
1051	0
1052	1
1053	0
1054	0
1055	0
1056	0
1057	0
1058	1
1059	1
1060	0
1061	0
1062	1
1063	0
1064	0
1065	1
1066	0
1067	0
1068	1
1069	0
1070	0
1071	0
1072	0
1073	0
1074	0
1075	2
1076	0
1077	0
1078	0
1079	1
1080	0
1081	0
1082	1
1083	0
1084	0
1085	0
1086	0
1087	1
1088	0
1089	0
1090	1
1091	0
1092	0
1093	0
1094	0
1095	0
1096	0
1097	0
1098	0
1099	0
1100	0
1101	0
1102	0
1103	0
1104	0
1105	0
1106	0
1107	0
1108	1
1109	0
1110	0
1111	1
1112	0
1113	0
1114	0
1115	0
1116	0
1117	0
1118	0
1119	1
1120	0
1121	0
1122	0
1123	0
1124	0
1125	0
1126	0
1127	0
1128	0
1129	0
1130	0
1131	0
1132	1
1133	0
1134	0
1135	0
1136	0
1137	0
1138	0
1139	0
1140	0
1141	0
1142	0
1143	0
1144	0
1145	0
1146	0
1147	1
1148	1
1149	0
1150	0
1151	0
1152	0
1153	0
1154	0
1155	0
1156	0
1157	0
1158	0
1159	0
1160	0
1161	0
1162	0
1163	1
1164	0
1165	0
1166	1
1167	0
1168	0
1169	0
1170	0
1171	0
1172	0
1173	0
1174	0
1175	0
1176	1
1177	0
1178	0
1179	0
1180	0
1181	1
1182	0
1183	0
1184	0
1185	0
1186	0
1187	1
1188	0
1189	0
1190	0
1191	0
1192	0
1193	0
1194	0
1195	0
1196	0
1197	0
1198	0
1199	0
1200	0
1201	0
1202	0
1203	0
1204	0
1205	0
1206	0
1207	0
1208	0
1209	0
1210	0
1211	0
1212	0
1213	0
1214	0
1215	0
1216	0
1217	0
1218	1
1219	0
1220	0
1221	0
1222	0
1223	0
1224	0
1225	0
1226	0
1227	0
1228	0
1229	0
1230	0
1231	0
1232	0
1233	0
1234	0
1235	0
1236	0
1237	0
1238	2
1239	0
1240	0
1241	0
1242	0
1243	1
1244	0
1245	0
1246	0
1247	0
1248	0
1249	0
1250	0
1251	0
1252	0
1253	0
1254	0
1255	0
1256	0
1257	0
1258	0
1259	1
1260	0
1261	0
1262	0
1263	0
1264	0
1265	0
1266	0
1267	1
1268	0
1269	0
1270	1
1271	0
1272	0
1273	0
1274	1
1275	0
1276	0
1277	0
1278	0
1279	0
1280	0
1281	0
1282	0
1283	0
1284	1
1285	0
1286	0
1287	0
1288	0
1289	0
1290	1
1291	0
1292	0
1293	0
1294	0
1295	0
1296	0
1297	0
1298	0
1299	0
1300	0
1301	0
1302	0
1303	0
1304	0
1305	0
1306	0
1307	0
1308	1
1309	0
1310	0
1311	0
1312	0
1313	0
1314	0
1315	0
1316	0
1317	0
1318	0
1319	0
1320	0
1321	0
1322	1
1323	0
1324	0
1325	0
1326	0
1327	0
1328	0
1329	0
1330	1
1331	0
1332	0
1333	0
1334	0
1335	0
1336	0
1337	0
1338	0
1339	0
1340	0
1341	0
1342	0
1343	0
1344	0
1345	0
1346	0
1347	0
1348	0
1349	0
1350	0
1351	0
1352	0
1353	0
1354	0
1355	1
1356	0
1357	0
1358	0
1359	0
1360	0
1361	0
1362	0
1363	0
1364	0
1365	0
1366	0
1367	0
1368	0
1369	0
1370	0
1371	0
1372	0
1373	0
1374	0
1375	0
1376	0
1377	0
1378	0
1379	0
1380	0
1381	0
1382	0
1383	0
1384	0
1385	0
1386	0
1387	0
1388	0
1389	0
1390	0
1391	0
1392	0
1393	0
1394	0
1395	0
1396	0
1397	0
1398	0
1399	0
1400	0
1401	0
1402	0
1403	0
1404	0
1405	0
1406	0
1407	0
1408	0
1409	0
1410	0
1411	0
1412	0
1413	0
1414	0
1415	0
1416	0
1417	0
1418	0
1419	0
1420	0
1421	0
1422	0
1423	0
1424	0
1425	0
1426	0
1427	0
1428	0
1429	0
1430	0
1431	0
1432	0
1433	0
1434	0
1435	0
1436	0
1437	0
1438	0
1439	0
1440	0
1441	0
1442	0
1443	0
1444	0
1445	0
1446	0
1447	0
1448	0
1449	0
1450	0
1451	0
1452	0
1453	0
1454	0
1455	0
1456	0
1457	0
1458	0
1459	0
1460	0
1461	0
1462	0
1463	0
1464	0
1465	0
1466	0
1467	0
1468	0
1469	0
1470	0
1471	0
1472	0
1473	0
1474	0
1475	0
1476	0
1477	0
1478	0
1479	0
1480	0
1481	0
1482	1
1483	0
1484	0
1485	0
1486	0
1487	0
1488	0
1489	0
1490	0
1491	0
1492	0
1493	0
1494	0
1495	0
1496	0
1497	0
1498	0
1499	0
1500	0
1501	0
1502	0
1503	0
1504	0
1505	0
1506	0
1507	0
1508	0
1509	0
1510	0
1511	0
1512	0
1513	0
1514	0
1515	0
1516	0
1517	0
1518	0
1519	0
1520	0
1521	0
1522	0
1523	0
1524	0
1525	0
1526	0
1527	0
1528	0
1529	0
1530	0
1531	0
1532	0
1533	0
1534	0
1535	0
1536	0
1537	0
1538	0
1539	0
1540	0
1541	0
1542	0
1543	0
1544	1
1545	0
1546	0
1547	0
1548	0
1549	0
1550	0
1551	0
1552	0
1553	0
1554	0
1555	0
1556	0
1557	0
1558	0
1559	0
1560	0
1561	0
1562	0
1563	0
1564	0
1565	0
1566	0
1567	0
1568	0
1569	0
1570	0
1571	0
1572	0
1573	0
1574	0
1575	0
1576	0
1577	0
1578	0
1579	0
1580	0
1581	0
1582	0
1583	0
1584	0
1585	0
1586	0
1587	0
1588	0
1589	0
1590	0
1591	0
1592	0
1593	0
1594	0
1595	0
1596	0
1597	0
1598	0
1599	0
1600	0
1601	0
1602	0
1603	0
1604	0
1605	0
1606	0
1607	0
1608	0
1609	0
1610	0
1611	0
1612	0
1613	0
1614	0
1615	0
1616	0
1617	0
1618	0
1619	0
1620	0
1621	0
1622	0
1623	0
1624	0
1625	0
1626	0
1627	0
1628	0
1629	0
1630	0
1631	0
1632	0
1633	0
1634	0
1635	0
1636	0
1637	0
1638	0
1639	0
1640	0
1641	0
1642	0
1643	0
1644	0
1645	0
1646	0
1647	0
1648	0
1649	0
1650	0
1651	0
1652	0
1653	0
1654	0
1655	0
1656	0
1657	0
1658	0
1659	0
1660	0
1661	0
1662	0
1663	0
1664	0
1665	0
1666	0
1667	0
1668	0
1669	0
1670	0
1671	0
1672	0
1673	0
1674	0
1675	0
1676	0
1677	0
1678	0
1679	0
1680	0
1681	0
1682	0
1683	0
1684	0
1685	0
1686	0
1687	0
1688	0
1689	0
1690	0
1691	0
1692	0
1693	0
1694	0
1695	0
1696	0
1697	0
1698	0
1699	0
1700	0
1701	0
1702	0
1703	0
1704	0
1705	0
1706	0
1707	0
1708	0
1709	0
1710	0
1711	0
1712	0
1713	0
1714	0
1715	0
1716	0
1717	0
1718	0
1719	0
1720	0
1721	0
1722	0
1723	0
1724	0
1725	0
1726	0
1727	0
1728	0
1729	0
1730	0
1731	0
1732	0
1733	0
1734	0
1735	0
1736	0
1737	0
1738	0
1739	0
1740	0
1741	0
1742	0
1743	0
1744	0
1745	0
1746	0
1747	0
1748	0
1749	0
1750	0
1751	0
1752	0
1753	0
1754	0
1755	0
1756	0
1757	0
1758	0
1759	0
1760	0
1761	1
1762	0
1763	0
1764	0
1765	0
1766	0
1767	0
1768	0
1769	0
1770	0
1771	0
1772	0
1773	0
1774	0
1775	0
1776	0
1777	0
1778	0
1779	0
1780	0
1781	0
1782	0
1783	0
1784	0
1785	0
1786	0
1787	0
1788	1
1789	0
1790	0
1791	0
1792	0
1793	1
1794	0
1795	0
1796	0
1797	0
1798	0
1799	0
1800	0
1801	0
1802	0
1803	0
1804	1
1805	0
1806	1
1807	0
1808	0
1809	0
1810	0
1811	0
1812	0
1813	0
1814	0
1815	0
1816	0
1817	0
1818	0
1819	0
1820	0
1821	0
1822	0
1823	0
1824	0
1825	0
1826	0
1827	1
1828	0
1829	0
1830	0
1831	0
1832	0
1833	0
1834	0
1835	0
1836	0
1837	0
1838	0
1839	0
1840	0
1841	0
1842	0
1843	0
1844	0
1845	0
1846	0
1847	0
1848	0
1849	0
1850	0
1851	0
1852	0
1853	0
1854	0
1855	0
1856	0
1857	0
1858	1
1859	0
1860	0
1861	0
1862	0
1863	0
1864	0
1865	0
1866	0
1867	0
1868	0
1869	0
1870	0
1871	1
1872	0
1873	0
1874	0
1875	0
1876	0
1877	0
1878	0
1879	0
1880	0
1881	0
1882	0
1883	0
1884	0
1885	0
1886	0
1887	0
1888	1
1889	0
1890	0
1891	0
1892	0
1893	0
1894	1
1895	0
1896	0
1897	0
1898	0
1899	0
1900	0
1901	0
1902	0
1903	0
1904	0
1905	0
1906	0
1907	0
1908	0
1909	0
1910	0
1911	0
1912	0
1913	0
1914	0
1915	0
1916	0
1917	0
1918	0
1919	0
1920	0
1921	0
1922	0
1923	0
1924	0
1925	0
1926	0
1927	0
1928	0
1929	0
1930	0
1931	0
1932	0
1933	0
1934	0
1935	0
1936	0
1937	0
1938	0
1939	0
1940	0
1941	0
1942	0
1943	0
1944	0
1945	0
1946	0
1947	1
1948	0
1949	0
1950	0
1951	0
1952	0
1953	0
1954	0
1955	0
1956	0
1957	0
1958	0
1959	0
1960	0
1961	0
1962	0
1963	0
1964	0
1965	0
1966	0
1967	0
1968	0
1969	0
1970	0
1971	0
1972	0
1973	0
1974	0
1975	0
1976	0
1977	0
1978	0
1979	0
1980	0
1981	0
1982	0
1983	0
1984	0
1985	0
1986	0
1987	1
1988	0
1989	0
1990	0
1991	0
1992	0
1993	0
1994	0
1995	0
1996	0
1997	0
1998	0
1999	0
2000	0
2001	0
2002	0
2003	0
2004	0
2005	0
2006	0
2007	0
2008	0
2009	0
2010	0
2011	0
2012	0
2013	1
2014	0
2015	0
2016	0
2017	0
2018	0
2019	0
2020	0
2021	0
2022	0
2023	0
2024	0
2025	0
2026	0
2027	0
2028	0
2029	0
2030	0
2031	0
2032	0
2033	0
2034	0
2035	0
2036	0
2037	0
2038	0
2039	0
2040	0
2041	0
2042	0
2043	0
2044	0
2045	0
2046	0
2047	0
