0	0
1	0
2	0
3	0
4	0
5	0
6	0
7	0
8	0
9	0
10	41
11	73
12	66
13	73
14	104
15	152
16	400
17	856
18	1505
19	1505
20	1123
21	688
22	386
23	141
24	31
25	16
26	8
27	14
28	7
29	4
30	5
31	6
32	8
33	4
34	9
35	8
36	4
37	6
38	3
39	11
40	13
41	13
42	16
43	29
44	24
45	41
46	37
47	46
48	42
49	32
50	23
51	26
52	23
53	25
54	30
55	36
56	19
57	26
58	37
59	27
60	34
61	29
62	42
63	54
64	52
65	83
66	111
67	147
68	210
69	294
70	344
71	370
72	332
73	274
74	144
75	90
76	67
77	15
78	19
79	13
80	4
81	9
82	6
83	8
84	4
85	11
86	9
87	5
88	6
89	9
90	4
91	9
92	7
93	5
94	8
95	4
96	5
97	11
98	4
99	2
100	7
101	4
102	12
103	4
104	3
105	5
106	6
107	10
108	9
109	6
110	6
111	4
112	12
113	3
114	8
115	4
116	5
117	6
118	5
119	6
120	6
121	9
122	7
123	4
124	5
125	6
126	5
127	4
128	3
129	7
130	4
131	3
132	8
133	6
134	9
135	8
136	3
137	6
138	4
139	13
140	8
141	7
142	3
143	6
144	5
145	5
146	3
147	11
148	6
149	6
150	5
151	4
152	3
153	3
154	5
155	9
156	3
157	3
158	4
159	10
160	4
161	3
162	1
163	3
164	4
165	7
166	3
167	6
168	7
169	2
170	3
171	11
172	2
173	2
174	0
175	5
176	3
177	4
178	4
179	9
180	6
181	9
182	6
183	3
184	3
185	4
186	4
187	2
188	6
189	3
190	6
191	5
192	6
193	3
194	1
195	3
196	3
197	4
198	5
199	11
200	4
201	4
202	3
203	4
204	3
205	3
206	1
207	2
208	4
209	3
210	1
211	3
212	4
213	1
214	1
215	2
216	3
217	4
218	3
219	2
220	3
221	2
222	1
223	7
224	6
225	1
226	2
227	2
228	2
229	3
230	3
231	3
232	0
233	6
234	2
235	1
236	3
237	2
238	3
239	0
240	2
241	4
242	4
243	0
244	2
245	3
246	2
247	4
248	1
249	2
250	2
251	0
252	3
253	5
254	3
255	2
256	4
257	2
258	6
259	5
260	2
261	2
262	2
263	2
264	0
265	3
266	2
267	1
268	3
269	2
270	2
271	4
272	3
273	3
274	2
275	5
276	0
277	0
278	2
279	0
280	0
281	5
282	3
283	0
284	3
285	2
286	2
287	4
288	0
289	2
290	1
291	2
292	0
293	4
294	2
295	1
296	1
297	3
298	1
299	0
300	5
301	4
302	2
303	1
304	2
305	1
306	1
307	2
308	3
309	2
310	1
311	1
312	2
313	0
314	5
315	3
316	6
317	1
318	2
319	0
320	2
321	1
322	5
323	2
324	0
325	0
326	4
327	1
328	2
329	5
330	1
331	3
332	0
333	0
334	2
335	1
336	0
337	4
338	1
339	4
340	2
341	1
342	2
343	3
344	2
345	2
346	1
347	0
348	1
349	2
350	2
351	3
352	2
353	1
354	3
355	3
356	1
357	2
358	0
359	2
360	3
361	2
362	3
363	1
364	2
365	5
366	2
367	2
368	3
369	0
370	3
371	4
372	1
373	2
374	1
375	1
376	3
377	2
378	1
379	1
380	0
381	4
382	0
383	4
384	1
385	3
386	1
387	0
388	4
389	3
390	1
391	1
392	1
393	3
394	0
395	0
396	1
397	0
398	1
399	2
400	1
401	2
402	0
403	1
404	0
405	0
406	2
407	1
408	0
409	0
410	1
411	1
412	2
413	0
414	2
415	1
416	5
417	2
418	2
419	4
420	5
421	1
422	0
423	3
424	2
425	3
426	0
427	2
428	2
429	0
430	1
431	0
432	1
433	3
434	4
435	3
436	2
437	2
438	4
439	1
440	0
441	2
442	0
443	0
444	1
445	1
446	3
447	1
448	1
449	0
450	1
451	1
452	3
453	1
454	2
455	0
456	1
457	2
458	0
459	0
460	0
461	0
462	1
463	0
464	0
465	2
466	0
467	2
468	1
469	3
470	2
471	4
472	0
473	3
474	1
475	0
476	1
477	2
478	0
479	3
480	3
481	1
482	1
483	0
484	0
485	1
486	0
487	1
488	3
489	1
490	2
491	3
492	0
493	3
494	1
495	1
496	0
497	4
498	0
499	1
500	1
501	1
502	0
503	2
504	0
505	1
506	0
507	0
508	0
509	2
510	2
511	0
512	1
513	2
514	1
515	1
516	0
517	0
518	0
519	1
520	0
521	0
522	0
523	1
524	1
525	1
526	2
527	1
528	1
529	1
530	0
531	0
532	0
533	0
534	0
535	1
536	0
537	0
538	0
539	1
540	0
541	0
542	0
543	1
544	1
545	0
546	2
547	1
548	1
549	0
550	1
551	1
552	2
553	0
554	0
555	2
556	0
557	1
558	1
559	1
560	1
561	2
562	1
563	2
564	1
565	1
566	1
567	0
568	1
569	1
570	0
571	0
572	0
573	0
574	0
575	0
576	0
577	4
578	0
579	0
580	1
581	1
582	0
583	1
584	0
585	0
586	0
587	0
588	0
589	2
590	0
591	0
592	1
593	2
594	0
595	0
596	2
597	0
598	1
599	0
600	1
601	1
602	0
603	1
604	0
605	0
606	1
607	0
608	0
609	0
610	0
611	0
612	1
613	0
614	1
615	1
616	1
617	0
618	1
619	1
620	0
621	0
622	1
623	2
624	0
625	0
626	4
627	1
628	0
629	0
630	0
631	0
632	1
633	0
634	2
635	1
636	0
637	1
638	0
639	2
640	0
641	0
642	0
643	0
644	0
645	2
646	0
647	2
648	0
649	0
650	0
651	0
652	1
653	0
654	1
655	0
656	1
657	1
658	2
659	1
660	0
661	0
662	0
663	0
664	1
665	1
666	0
667	1
668	2
669	1
670	0
671	0
672	0
673	0
674	0
675	0
676	0
677	1
678	0
679	1
680	1
681	0
682	0
683	0
684	0
685	1
686	0
687	0
688	1
689	0
690	2
691	0
692	0
693	2
694	2
695	5
696	1
697	1
698	1
699	0
700	1
701	0
702	0
703	1
704	0
705	1
706	2
707	1
708	0
709	0
710	0
711	0
712	0
713	1
714	0
715	1
716	0
717	1
718	1
719	0
720	0
721	0
722	0
723	0
724	1
725	0
726	0
727	0
728	0
729	1
730	1
731	0
732	0
733	0
734	0
735	0
736	1
737	0
738	0
739	0
740	0
741	0
742	0
743	1
744	0
745	2
746	1
747	0
748	0
749	0
750	0
751	0
752	1
753	1
754	0
755	0
756	1
757	1
758	0
759	1
760	3
761	1
762	2
763	0
764	0
765	1
766	0
767	1
768	0
769	0
770	1
771	0
772	0
773	0
774	0
775	0
776	0
777	0
778	1
779	0
780	1
781	0
782	0
783	0
784	1
785	0
786	1
787	0
788	0
789	1
790	0
791	1
792	1
793	0
794	0
795	1
796	1
797	1
798	0
799	2
800	1
801	1
802	0
803	1
804	0
805	1
806	0
807	0
808	0
809	0
810	0
811	0
812	0
813	0
814	1
815	0
816	0
817	0
818	0
819	0
820	0
821	1
822	0
823	0
824	0
825	0
826	0
827	1
828	0
829	2
830	1
831	0
832	0
833	0
834	0
835	1
836	0
837	0
838	0
839	0
840	0
841	1
842	0
843	0
844	1
845	0
846	1
847	0
848	1
849	2
850	0
851	1
852	0
853	0
854	0
855	0
856	0
857	0
858	0
859	0
860	1
861	1
862	0
863	0
864	0
865	0
866	1
867	0
868	0
869	0
870	0
871	1
872	0
873	0
874	0
875	1
876	0
877	1
878	0
879	1
880	0
881	0
882	1
883	0
884	0
885	0
886	0
887	1
888	1
889	0
890	0
891	0
892	0
893	0
894	0
895	0
896	0
897	0
898	1
899	0
900	0
901	0
902	0
903	0
904	0
905	2
906	0
907	0
908	0
909	1
910	0
911	0
912	0
913	0
914	1
915	0
916	0
917	1
918	0
919	0
920	1
921	0
922	0
923	2
924	1
925	0
926	0
927	1
928	1
929	0
930	0
931	0
932	0
933	0
934	0
935	0
936	2
937	3
938	0
939	0
940	0
941	1
942	0
943	0
944	0
945	0
946	1
947	0
948	0
949	2
950	0
951	1
952	0
953	0
954	0
955	0
956	0
957	0
958	0
959	0
960	1
961	0
962	2
963	1
964	0
965	0
966	0
967	1
968	0
969	0
970	2
971	3
972	0
973	0
974	0
975	1
976	0
977	1
978	0
979	0
980	0
981	2
982	0
983	0
984	0
985	0
986	0
987	0
988	0
989	0
990	0
991	0
992	1
993	0
994	0
995	0
996	0
997	2
998	1
999	0
1000	0
1001	0
1002	1
1003	1
1004	0
1005	0
1006	0
1007	0
1008	0
1009	0
1010	0
1011	0
1012	1
1013	0
1014	1
1015	0
1016	3
1017	0
1018	0
1019	0
1020	1
1021	0
1022	0
1023	1
1024	1
1025	1
1026	0
1027	0
1028	3
1029	1
1030	1
1031	0
1032	0
1033	1
1034	0
1035	0
1036	1
1037	1
1038	1
1039	0
1040	0
1041	1
1042	2
1043	0
1044	0
1045	0
1046	0
1047	1
1048	0
1049	0
1050	1
1051	1
1052	0
1053	1
1054	0
1055	0
1056	1
1057	0
1058	1
1059	1
1060	2
1061	0
1062	0
1063	0
1064	0
1065	0
1066	1
1067	1
1068	0
1069	0
1070	0
1071	1
1072	0
1073	0
1074	0
1075	0
1076	1
1077	0
1078	0
1079	1
1080	1
1081	0
1082	1
1083	0
1084	0
1085	0
1086	0
1087	0
1088	0
1089	1
1090	1
1091	0
1092	1
1093	1
1094	0
1095	0
1096	0
1097	0
1098	1
1099	0
1100	0
1101	0
1102	0
1103	0
1104	0
1105	0
1106	0
1107	0
1108	0
1109	2
1110	2
1111	1
1112	0
1113	0
1114	0
1115	0
1116	0
1117	1
1118	0
1119	0
1120	0
1121	0
1122	0
1123	0
1124	0
1125	0
1126	0
1127	0
1128	0
1129	0
1130	0
1131	0
1132	0
1133	0
1134	0
1135	0
1136	0
1137	1
1138	0
1139	0
1140	0
1141	0
1142	2
1143	0
1144	0
1145	0
1146	0
1147	0
1148	0
1149	0
1150	0
1151	0
1152	0
1153	0
1154	0
1155	0
1156	0
1157	0
1158	0
1159	0
1160	0
1161	0
1162	0
1163	0
1164	0
1165	1
1166	0
1167	0
1168	0
1169	0
1170	0
1171	0
1172	1
1173	0
1174	0
1175	1
1176	0
1177	0
1178	0
1179	0
1180	0
1181	1
1182	0
1183	0
1184	0
1185	0
1186	0
1187	1
1188	0
1189	0
1190	0
1191	0
1192	0
1193	2
1194	0
1195	0
1196	0
1197	0
1198	0
1199	0
1200	0
1201	0
1202	0
1203	1
1204	0
1205	1
1206	0
1207	0
1208	0
1209	0
1210	0
1211	0
1212	1
1213	0
1214	0
1215	0
1216	0
1217	0
1218	0
1219	0
1220	0
1221	0
1222	0
1223	0
1224	0
1225	0
1226	0
1227	0
1228	0
1229	0
1230	0
1231	1
1232	0
1233	0
1234	0
1235	0
1236	0
1237	0
1238	0
1239	0
1240	0
1241	0
1242	0
1243	1
1244	0
1245	0
1246	0
1247	0
1248	1
1249	0
1250	0
1251	1
1252	0
1253	0
1254	0
1255	0
1256	0
1257	1
1258	2
1259	0
1260	0
1261	0
1262	0
1263	0
1264	1
1265	1
1266	0
1267	0
1268	0
1269	1
1270	1
1271	0
1272	0
1273	0
1274	1
1275	0
1276	0
1277	0
1278	0
1279	0
1280	0
1281	0
1282	0
1283	0
1284	0
1285	0
1286	0
1287	2
1288	0
1289	0
1290	0
1291	0
1292	0
1293	0
1294	0
1295	0
1296	0
1297	0
1298	0
1299	0
1300	0
1301	0
1302	0
1303	1
1304	0
1305	0
1306	1
1307	0
1308	0
1309	0
1310	0
1311	0
1312	0
1313	0
1314	0
1315	0
1316	0
1317	0
1318	0
1319	1
1320	1
1321	0
1322	0
1323	0
1324	0
1325	0
1326	0
1327	0
1328	0
1329	0
1330	0
1331	0
1332	0
1333	0
1334	0
1335	0
1336	1
1337	0
1338	1
1339	0
1340	0
1341	0
1342	0
1343	0
1344	0
1345	0
1346	0
1347	0
1348	0
1349	0
1350	0
1351	0
1352	0
1353	0
1354	0
1355	0
1356	0
1357	0
1358	0
1359	0
1360	0
1361	0
1362	0
1363	0
1364	0
1365	0
1366	0
1367	0
1368	1
1369	0
1370	0
1371	0
1372	1
1373	0
1374	0
1375	0
1376	0
1377	0
1378	0
1379	0
1380	0
1381	0
1382	1
1383	0
1384	0
1385	0
1386	0
1387	0
1388	0
1389	1
1390	0
1391	0
1392	0
1393	1
1394	1
1395	0
1396	0
1397	0
1398	0
1399	0
1400	0
1401	2
1402	0
1403	1
1404	0
1405	0
1406	0
1407	0
1408	0
1409	0
1410	1
1411	0
1412	0
1413	0
1414	0
1415	0
1416	0
1417	0
1418	0
1419	0
1420	0
1421	0
1422	0
1423	1
1424	0
1425	0
1426	0
1427	0
1428	0
1429	0
1430	0
1431	0
1432	0
1433	1
1434	0
1435	0
1436	0
1437	0
1438	0
1439	0
1440	0
1441	0
1442	0
1443	0
1444	0
1445	1
1446	0
1447	0
1448	0
1449	0
1450	0
1451	0
1452	1
1453	0
1454	0
1455	0
1456	1
1457	0
1458	0
1459	0
1460	0
1461	0
1462	0
1463	0
1464	0
1465	0
1466	0
1467	0
1468	1
1469	1
1470	0
1471	0
1472	0
1473	0
1474	2
1475	0
1476	0
1477	0
1478	0
1479	1
1480	0
1481	0
1482	0
1483	0
1484	1
1485	0
1486	0
1487	1
1488	0
1489	0
1490	0
1491	0
1492	0
1493	0
1494	0
1495	0
1496	0
1497	0
1498	0
1499	1
1500	0
1501	0
1502	0
1503	0
1504	0
1505	0
1506	1
1507	0
1508	0
1509	0
1510	0
1511	0
1512	0
1513	0
1514	0
1515	0
1516	0
1517	0
1518	0
1519	0
1520	0
1521	0
1522	0
1523	0
1524	0
1525	1
1526	0
1527	0
1528	0
1529	0
1530	0
1531	0
1532	0
1533	0
1534	0
1535	0
1536	0
1537	0
1538	0
1539	0
1540	1
1541	0
1542	0
1543	0
1544	0
1545	0
1546	0
1547	1
1548	0
1549	1
1550	0
1551	0
1552	1
1553	1
1554	0
1555	0
1556	0
1557	0
1558	0
1559	0
1560	0
1561	1
1562	0
1563	0
1564	0
1565	0
1566	0
1567	0
1568	0
1569	0
1570	0
1571	0
1572	0
1573	1
1574	0
1575	0
1576	0
1577	0
1578	0
1579	0
1580	0
1581	0
1582	0
1583	0
1584	0
1585	0
1586	0
1587	0
1588	0
1589	0
1590	0
1591	0
1592	0
1593	0
1594	0
1595	0
1596	0
1597	0
1598	0
1599	0
1600	0
1601	0
1602	0
1603	1
1604	0
1605	0
1606	0
1607	0
1608	0
1609	0
1610	1
1611	0
1612	0
1613	0
1614	0
1615	0
1616	0
1617	0
1618	0
1619	0
1620	0
1621	0
1622	0
1623	0
1624	1
1625	0
1626	1
1627	0
1628	1
1629	0
1630	0
1631	2
1632	1
1633	0
1634	0
1635	0
1636	0
1637	0
1638	0
1639	0
1640	0
1641	0
1642	0
1643	0
1644	0
1645	0
1646	0
1647	1
1648	0
1649	0
1650	0
1651	0
1652	0
1653	0
1654	0
1655	0
1656	0
1657	1
1658	0
1659	0
1660	0
1661	0
1662	0
1663	0
1664	0
1665	0
1666	0
1667	1
1668	0
1669	0
1670	0
1671	0
1672	0
1673	1
1674	0
1675	0
1676	0
1677	0
1678	0
1679	0
1680	0
1681	0
1682	0
1683	0
1684	0
1685	0
1686	0
1687	0
1688	0
1689	0
1690	0
1691	0
1692	0
1693	0
1694	0
1695	0
1696	0
1697	0
1698	0
1699	0
1700	0
1701	0
1702	0
1703	0
1704	0
1705	0
1706	0
1707	0
1708	0
1709	0
1710	1
1711	0
1712	0
1713	0
1714	0
1715	0
1716	0
1717	0
1718	0
1719	0
1720	0
1721	0
1722	0
1723	0
1724	0
1725	0
1726	0
1727	0
1728	0
1729	0
1730	0
1731	0
1732	0
1733	0
1734	0
1735	0
1736	0
1737	0
1738	0
1739	0
1740	0
1741	0
1742	0
1743	0
1744	0
1745	1
1746	0
1747	0
1748	0
1749	0
1750	0
1751	0
1752	0
1753	0
1754	0
1755	0
1756	0
1757	0
1758	0
1759	0
1760	0
1761	1
1762	0
1763	0
1764	0
1765	0
1766	1
1767	0
1768	0
1769	0
1770	0
1771	0
1772	0
1773	0
1774	0
1775	0
1776	0
1777	0
1778	0
1779	0
1780	0
1781	0
1782	1
1783	0
1784	0
1785	0
1786	0
1787	0
1788	0
1789	0
1790	0
1791	0
1792	0
1793	0
1794	0
1795	0
1796	0
1797	1
1798	0
1799	0
1800	0
1801	0
1802	0
1803	0
1804	0
1805	0
1806	0
1807	0
1808	0
1809	0
1810	0
1811	0
1812	0
1813	0
1814	0
1815	0
1816	0
1817	0
1818	0
1819	0
1820	0
1821	0
1822	0
1823	0
1824	0
1825	1
1826	0
1827	0
1828	0
1829	0
1830	2
1831	0
1832	0
1833	0
1834	0
1835	0
1836	0
1837	0
1838	0
1839	0
1840	0
1841	0
1842	0
1843	0
1844	0
1845	0
1846	0
1847	0
1848	0
1849	0
1850	0
1851	1
1852	0
1853	0
1854	0
1855	0
1856	0
1857	0
1858	0
1859	1
1860	0
1861	0
1862	0
1863	0
1864	0
1865	0
1866	0
1867	0
1868	0
1869	0
1870	0
1871	0
1872	1
1873	0
1874	0
1875	0
1876	0
1877	0
1878	0
1879	0
1880	0
1881	0
1882	1
1883	0
1884	0
1885	0
1886	0
1887	0
1888	0
1889	0
1890	0
1891	0
1892	0
1893	0
1894	0
1895	0
1896	0
1897	0
1898	0
1899	0
1900	0
1901	0
1902	1
1903	0
1904	0
1905	0
1906	0
1907	0
1908	0
1909	0
1910	0
1911	0
1912	0
1913	0
1914	0
1915	0
1916	0
1917	0
1918	0
1919	0
1920	0
1921	0
1922	0
1923	0
1924	0
1925	0
1926	0
1927	0
1928	0
1929	0
1930	0
1931	0
1932	0
1933	0
1934	0
1935	1
1936	0
1937	0
1938	0
1939	0
1940	1
1941	0
1942	0
1943	0
1944	0
1945	0
1946	0
1947	0
1948	0
1949	0
1950	0
1951	0
1952	0
1953	0
1954	1
1955	0
1956	0
1957	0
1958	0
1959	1
1960	0
1961	0
1962	0
1963	0
1964	0
1965	0
1966	0
1967	0
1968	0
1969	1
1970	0
1971	1
1972	0
1973	0
1974	0
1975	0
1976	0
1977	1
1978	0
1979	0
1980	0
1981	0
1982	1
1983	0
1984	0
1985	0
1986	0
1987	0
1988	0
1989	0
1990	0
1991	0
1992	0
1993	0
1994	0
1995	0
1996	0
1997	0
1998	0
1999	0
2000	0
2001	0
2002	0
2003	0
2004	0
2005	0
2006	0
2007	0
2008	0
2009	0
2010	2
2011	0
2012	0
2013	0
2014	0
2015	0
2016	0
2017	0
2018	1
2019	0
2020	0
2021	0
2022	0
2023	0
2024	0
2025	0
2026	0
2027	0
2028	0
2029	0
2030	0
2031	0
2032	0
2033	1
2034	0
2035	0
2036	0
2037	0
2038	0
2039	0
2040	0
2041	0
2042	0
2043	0
2044	0
2045	0
2046	0
2047	0
