0	0
1	0
2	0
3	0
4	0
5	0
6	0
7	0
8	0
9	0
10	119
11	243
12	240
13	237
14	247
15	226
16	254
17	251
18	259
19	256
20	226
21	231
22	254
23	237
24	267
25	267
26	284
27	260
28	272
29	273
30	251
31	291
32	261
33	287
34	265
35	276
36	255
37	267
38	270
39	269
40	228
41	274
42	283
43	270
44	257
45	278
46	278
47	297
48	262
49	270
50	286
51	273
52	276
53	247
54	270
55	288
56	275
57	266
58	263
59	260
60	263
61	252
62	254
63	272
64	255
65	268
66	260
67	288
68	299
69	260
70	245
71	266
72	262
73	276
74	264
75	295
76	257
77	276
78	257
79	267
80	289
81	262
82	251
83	273
84	282
85	293
86	234
87	295
88	287
89	243
90	262
91	259
92	262
93	233
94	279
95	264
96	263
97	285
98	276
99	255
100	268
101	233
102	235
103	236
104	290
105	250
106	266
107	285
108	253
109	258
110	270
111	241
112	255
113	261
114	282
115	268
116	244
117	261
118	273
119	265
120	238
121	279
122	236
123	261
124	291
125	292
126	290
127	276
128	272
129	297
130	274
131	318
132	313
133	306
134	304
135	311
136	320
137	310
138	312
139	322
140	310
141	298
142	334
143	371
144	333
145	298
146	328
147	282
148	339
149	312
150	324
151	331
152	332
153	301
154	286
155	291
156	354
157	279
158	312
159	287
160	298
161	297
162	296
163	314
164	307
165	309
166	306
167	292
168	317
169	295
170	295
171	335
172	328
173	287
174	285
175	291
176	296
177	315
178	296
179	309
180	294
181	300
182	277
183	290
184	285
185	267
186	257
187	307
188	281
189	263
190	272
191	313
192	278
193	296
194	287
195	260
196	299
197	267
198	285
199	285
200	300
201	335
202	258
203	259
204	285
205	302
206	289
207	300
208	256
209	267
210	295
211	303
212	278
213	295
214	275
215	300
216	307
217	305
218	284
219	333
220	268
221	291
222	283
223	300
224	294
225	273
226	257
227	321
228	305
229	280
230	298
231	289
232	265
233	316
234	254
235	290
236	293
237	274
238	272
239	303
240	252
241	273
242	239
243	234
244	231
245	214
246	199
247	213
248	202
249	220
250	216
251	172
252	159
253	179
254	167
255	152
256	173
257	155
258	145
259	165
260	148
261	132
262	150
263	139
264	144
265	130
266	134
267	135
268	111
269	138
270	114
271	139
272	142
273	125
274	127
275	114
276	110
277	127
278	123
279	101
280	124
281	124
282	125
283	129
284	132
285	125
286	123
287	96
288	97
289	122
290	92
291	113
292	118
293	105
294	97
295	101
296	113
297	118
298	106
299	109
300	105
301	120
302	108
303	100
304	114
305	90
306	99
307	91
308	114
309	120
310	115
311	81
312	105
313	102
314	94
315	123
316	109
317	102
318	112
319	94
320	97
321	84
322	94
323	113
324	108
325	107
326	95
327	98
328	94
329	107
330	105
331	94
332	96
333	115
334	93
335	115
336	117
337	123
338	108
339	110
340	128
341	134
342	131
343	152
344	161
345	159
346	200
347	239
348	246
349	255
350	315
351	392
352	423
353	464
354	540
355	642
356	750
357	806
358	948
359	1105
360	1150
361	1345
362	1467
363	1637
364	1713
365	1917
366	2048
367	2146
368	2312
369	2499
370	2709
371	2687
372	2852
373	2980
374	3019
375	3062
376	3103
377	3116
378	3165
379	3016
380	3141
381	3099
382	2923
383	2868
384	2688
385	2540
386	2342
387	2265
388	2053
389	1825
390	1689
391	1489
392	1331
393	1111
394	1044
395	914
396	805
397	689
398	645
399	535
400	409
401	336
402	312
403	270
404	258
405	171
406	159
407	149
408	139
409	130
410	125
411	99
412	86
413	106
414	62
415	96
416	84
417	86
418	81
419	72
420	85
421	89
422	82
423	88
424	77
425	74
426	87
427	90
428	82
429	70
430	88
431	78
432	88
433	89
434	76
435	111
436	81
437	92
438	76
439	86
440	78
441	60
442	71
443	74
444	75
445	77
446	69
447	74
448	77
449	78
450	88
451	71
452	71
453	77
454	84
455	65
456	80
457	74
458	75
459	69
460	55
461	65
462	68
463	61
464	68
465	88
466	86
467	71
468	86
469	83
470	76
471	94
472	80
473	71
474	67
475	77
476	75
477	71
478	68
479	81
480	68
481	85
482	70
483	92
484	82
485	63
486	72
487	85
488	69
489	81
490	70
491	69
492	89
493	68
494	82
495	88
496	84
497	94
498	84
499	82
500	102
501	73
502	87
503	90
504	81
505	86
506	85
507	84
508	104
509	82
510	97
511	88
512	111
513	85
514	95
515	102
516	97
517	96
518	90
519	103
520	97
521	92
522	100
523	84
524	103
525	99
526	91
527	83
528	81
529	92
530	86
531	96
532	77
533	96
534	88
535	80
536	92
537	87
538	80
539	94
540	97
541	74
542	93
543	85
544	104
545	82
546	80
547	81
548	67
549	94
550	80
551	105
552	123
553	88
554	87
555	85
556	99
557	87
558	87
559	80
560	79
561	80
562	95
563	85
564	98
565	93
566	90
567	85
568	93
569	76
570	100
571	83
572	88
573	101
574	88
575	84
576	87
577	81
578	97
579	86
580	95
581	77
582	78
583	80
584	76
585	82
586	87
587	80
588	77
589	91
590	87
591	93
592	88
593	90
594	87
595	86
596	87
597	75
598	91
599	55
600	91
601	78
602	76
603	66
604	98
605	99
606	65
607	88
608	69
609	85
610	79
611	75
612	98
613	77
614	79
615	85
616	80
617	80
618	82
619	78
620	91
621	99
622	67
623	77
624	73
625	63
626	74
627	60
628	81
629	70
630	74
631	78
632	88
633	68
634	79
635	94
636	72
637	81
638	80
639	72
640	92
641	77
642	70
643	83
644	64
645	76
646	87
647	76
648	75
649	72
650	72
651	101
652	86
653	77
654	78
655	83
656	67
657	73
658	73
659	91
660	63
661	89
662	77
663	73
664	78
665	84
666	74
667	70
668	91
669	88
670	76
671	91
672	64
673	65
674	82
675	82
676	79
677	83
678	80
679	72
680	80
681	86
682	89
683	81
684	77
685	75
686	76
687	70
688	75
689	84
690	78
691	80
692	74
693	72
694	72
695	63
696	82
697	78
698	75
699	82
700	93
701	87
702	86
703	86
704	91
705	97
706	87
707	79
708	81
709	45
710	84
711	82
712	94
713	68
714	86
715	80
716	73
717	91
718	77
719	73
720	81
721	74
722	77
723	78
724	66
725	56
726	78
727	89
728	80
729	88
730	73
731	89
732	84
733	65
734	74
735	74
736	72
737	71
738	66
739	88
740	87
741	78
742	56
743	71
744	68
745	60
746	76
747	70
748	71
749	75
750	56
751	65
752	74
753	71
754	62
755	68
756	79
757	71
758	64
759	65
760	80
761	60
762	70
763	60
764	61
765	62
766	64
767	61
768	51
769	60
770	70
771	68
772	54
773	67
774	51
775	56
776	60
777	49
778	64
779	55
780	48
781	64
782	44
783	46
784	72
785	51
786	48
787	53
788	49
789	54
790	48
791	58
792	48
793	43
794	49
795	45
796	33
797	46
798	45
799	36
800	53
801	45
802	56
803	39
804	53
805	58
806	49
807	43
808	46
809	46
810	39
811	45
812	53
813	48
814	48
815	44
816	41
817	41
818	49
819	38
820	41
821	33
822	40
823	45
824	39
825	41
826	57
827	50
828	44
829	39
830	33
831	51
832	44
833	40
834	47
835	49
836	37
837	34
838	29
839	48
840	48
841	43
842	32
843	50
844	34
845	44
846	51
847	45
848	44
849	57
850	44
851	58
852	53
853	43
854	42
855	55
856	41
857	49
858	48
859	49
860	45
861	43
862	58
863	58
864	52
865	46
866	45
867	41
868	52
869	43
870	67
871	65
872	47
873	54
874	64
875	59
876	60
877	74
878	81
879	86
880	86
881	84
882	95
883	88
884	111
885	112
886	125
887	131
888	131
889	120
890	154
891	154
892	153
893	173
894	161
895	187
896	187
897	189
898	218
899	214
900	227
901	254
902	224
903	247
904	274
905	256
906	277
907	267
908	276
909	272
910	274
911	315
912	279
913	313
914	321
915	320
916	297
917	332
918	293
919	311
920	314
921	323
922	297
923	262
924	291
925	275
926	263
927	258
928	270
929	279
930	273
931	260
932	230
933	245
934	190
935	204
936	192
937	177
938	188
939	181
940	165
941	161
942	134
943	146
944	145
945	147
946	105
947	119
948	102
949	106
950	106
951	120
952	105
953	97
954	87
955	95
956	91
957	82
958	82
959	76
960	77
961	67
962	56
963	69
964	66
965	79
966	59
967	57
968	63
969	57
970	67
971	63
972	58
973	56
974	84
975	58
976	60
977	67
978	59
979	56
980	60
981	42
982	58
983	66
984	61
985	52
986	54
987	49
988	52
989	52
990	55
991	49
992	70
993	47
994	51
995	62
996	58
997	42
998	54
999	55
1000	45
1001	53
1002	43
1003	60
1004	68
1005	49
1006	69
1007	68
1008	56
1009	52
1010	65
1011	60
1012	52
1013	65
1014	59
1015	56
1016	56
1017	55
1018	58
1019	48
1020	57
1021	61
1022	60
1023	62
1024	50
1025	47
1026	65
1027	52
1028	63
1029	49
1030	50
1031	65
1032	54
1033	58
1034	63
1035	58
1036	57
1037	55
1038	54
1039	64
1040	63
1041	60
1042	61
1043	62
1044	63
1045	64
1046	59
1047	55
1048	72
1049	62
1050	49
1051	55
1052	52
1053	56
1054	59
1055	58
1056	66
1057	65
1058	46
1059	54
1060	61
1061	59
1062	49
1063	75
1064	56
1065	55
1066	69
1067	67
1068	65
1069	52
1070	70
1071	70
1072	56
1073	47
1074	56
1075	70
1076	68
1077	54
1078	69
1079	60
1080	57
1081	60
1082	45
1083	57
1084	57
1085	50
1086	57
1087	63
1088	63
1089	58
1090	71
1091	60
1092	57
1093	59
1094	49
1095	71
1096	53
1097	49
1098	54
1099	64
1100	63
1101	59
1102	55
1103	64
1104	62
1105	61
1106	77
1107	54
1108	40
1109	52
1110	38
1111	42
1112	56
1113	74
1114	54
1115	55
1116	52
1117	58
1118	67
1119	51
1120	60
1121	63
1122	53
1123	52
1124	61
1125	44
1126	51
1127	44
1128	41
1129	45
1130	47
1131	47
1132	50
1133	41
1134	59
1135	44
1136	46
1137	42
1138	45
1139	29
1140	50
1141	40
1142	47
1143	42
1144	58
1145	50
1146	49
1147	47
1148	50
1149	47
1150	31
1151	43
1152	42
1153	30
1154	38
1155	39
1156	33
1157	43
1158	37
1159	32
1160	44
1161	29
1162	29
1163	40
1164	36
1165	37
1166	29
1167	29
1168	37
1169	34
1170	28
1171	18
1172	20
1173	19
1174	19
1175	21
1176	33
1177	24
1178	31
1179	24
1180	23
1181	18
1182	20
1183	18
1184	17
1185	16
1186	10
1187	26
1188	13
1189	19
1190	13
1191	18
1192	18
1193	17
1194	15
1195	20
1196	14
1197	15
1198	18
1199	8
1200	19
1201	20
1202	12
1203	12
1204	11
1205	8
1206	12
1207	9
1208	11
1209	16
1210	7
1211	11
1212	7
1213	10
1214	14
1215	13
1216	8
1217	7
1218	10
1219	14
1220	5
1221	13
1222	17
1223	12
1224	11
1225	7
1226	6
1227	14
1228	8
1229	13
1230	19
1231	10
1232	18
1233	16
1234	8
1235	11
1236	10
1237	15
1238	18
1239	21
1240	15
1241	24
1242	26
1243	13
1244	17
1245	16
1246	27
1247	22
1248	22
1249	32
1250	21
1251	41
1252	22
1253	48
1254	41
1255	32
1256	35
1257	35
1258	42
1259	46
1260	40
1261	49
1262	47
1263	63
1264	45
1265	66
1266	62
1267	90
1268	82
1269	95
1270	98
1271	84
1272	115
1273	102
1274	126
1275	113
1276	140
1277	126
1278	95
1279	149
1280	128
1281	131
1282	121
1283	132
1284	151
1285	159
1286	154
1287	164
1288	144
1289	168
1290	146
1291	169
1292	167
1293	156
1294	172
1295	194
1296	158
1297	163
1298	180
1299	179
1300	166
1301	169
1302	171
1303	173
1304	169
1305	149
1306	183
1307	171
1308	147
1309	175
1310	166
1311	142
1312	164
1313	145
1314	157
1315	125
1316	129
1317	111
1318	118
1319	138
1320	98
1321	85
1322	92
1323	85
1324	77
1325	83
1326	72
1327	73
1328	62
1329	73
1330	51
1331	56
1332	44
1333	42
1334	40
1335	50
1336	47
1337	40
1338	39
1339	41
1340	26
1341	36
1342	22
1343	20
1344	22
1345	19
1346	18
1347	22
1348	10
1349	10
1350	14
1351	9
1352	3
1353	11
1354	7
1355	5
1356	5
1357	3
1358	3
1359	7
1360	3
1361	0
1362	6
1363	4
1364	5
1365	8
1366	3
1367	5
1368	2
1369	3
1370	2
1371	3
1372	0
1373	3
1374	2
1375	1
1376	3
1377	4
1378	2
1379	1
1380	2
1381	2
1382	4
1383	0
1384	3
1385	1
1386	1
1387	1
1388	1
1389	4
1390	1
1391	1
1392	0
1393	1
1394	1
1395	2
1396	1
1397	0
1398	1
1399	3
1400	1
1401	0
1402	2
1403	2
1404	1
1405	0
1406	2
1407	2
1408	3
1409	1
1410	1
1411	2
1412	1
1413	1
1414	1
1415	0
1416	3
1417	2
1418	1
1419	3
1420	2
1421	3
1422	1
1423	1
1424	1
1425	0
1426	1
1427	1
1428	3
1429	2
1430	0
1431	5
1432	3
1433	6
1434	1
1435	1
1436	4
1437	1
1438	0
1439	5
1440	0
1441	1
1442	1
1443	1
1444	3
1445	5
1446	1
1447	3
1448	1
1449	2
1450	4
1451	3
1452	0
1453	3
1454	1
1455	1
1456	1
1457	1
1458	4
1459	1
1460	0
1461	2
1462	2
1463	2
1464	2
1465	1
1466	3
1467	1
1468	1
1469	3
1470	1
1471	3
1472	3
1473	3
1474	2
1475	1
1476	4
1477	2
1478	3
1479	1
1480	3
1481	4
1482	5
1483	3
1484	0
1485	4
1486	0
1487	3
1488	1
1489	1
1490	0
1491	0
1492	0
1493	0
1494	1
1495	1
1496	1
1497	1
1498	2
1499	2
1500	0
1501	4
1502	1
1503	0
1504	0
1505	2
1506	1
1507	0
1508	1
1509	0
1510	0
1511	1
1512	5
1513	0
1514	4
1515	1
1516	0
1517	0
1518	1
1519	0
1520	0
1521	2
1522	2
1523	0
1524	2
1525	1
1526	3
1527	0
1528	1
1529	1
1530	1
1531	1
1532	2
1533	2
1534	1
1535	0
1536	1
1537	0
1538	2
1539	1
1540	0
1541	0
1542	1
1543	0
1544	1
1545	1
1546	1
1547	0
1548	0
1549	0
1550	0
1551	0
1552	0
1553	1
1554	1
1555	0
1556	0
1557	0
1558	0
1559	0
1560	0
1561	0
1562	0
1563	0
1564	0
1565	2
1566	1
1567	0
1568	0
1569	2
1570	0
1571	0
1572	1
1573	0
1574	1
1575	3
1576	0
1577	1
1578	0
1579	0
1580	0
1581	0
1582	1
1583	0
1584	0
1585	0
1586	0
1587	0
1588	0
1589	0
1590	0
1591	0
1592	1
1593	0
1594	0
1595	0
1596	2
1597	0
1598	0
1599	0
1600	1
1601	0
1602	0
1603	1
1604	0
1605	0
1606	0
1607	1
1608	0
1609	0
1610	0
1611	0
1612	0
1613	0
1614	0
1615	0
1616	0
1617	0
1618	2
1619	0
1620	1
1621	0
1622	0
1623	0
1624	1
1625	0
1626	0
1627	0
1628	0
1629	0
1630	1
1631	1
1632	0
1633	0
1634	0
1635	0
1636	0
1637	1
1638	1
1639	0
1640	0
1641	1
1642	0
1643	0
1644	0
1645	0
1646	0
1647	0
1648	1
1649	0
1650	0
1651	1
1652	0
1653	0
1654	0
1655	0
1656	1
1657	0
1658	0
1659	0
1660	0
1661	0
1662	1
1663	0
1664	0
1665	0
1666	0
1667	0
1668	0
1669	0
1670	0
1671	1
1672	0
1673	0
1674	0
1675	1
1676	0
1677	0
1678	0
1679	0
1680	1
1681	0
1682	0
1683	0
1684	0
1685	0
1686	0
1687	0
1688	0
1689	1
1690	0
1691	1
1692	0
1693	0
1694	0
1695	0
1696	0
1697	0
1698	0
1699	0
1700	0
1701	0
1702	0
1703	1
1704	0
1705	0
1706	1
1707	1
1708	1
1709	0
1710	0
1711	0
1712	0
1713	0
1714	0
1715	0
1716	0
1717	1
1718	0
1719	0
1720	1
1721	0
1722	0
1723	0
1724	0
1725	0
1726	0
1727	1
1728	1
1729	0
1730	0
1731	0
1732	0
1733	0
1734	0
1735	0
1736	0
1737	0
1738	0
1739	0
1740	1
1741	1
1742	1
1743	0
1744	0
1745	0
1746	0
1747	0
1748	0
1749	0
1750	0
1751	0
1752	0
1753	0
1754	0
1755	0
1756	0
1757	0
1758	0
1759	0
1760	0
1761	0
1762	0
1763	0
1764	0
1765	0
1766	0
1767	0
1768	0
1769	0
1770	0
1771	0
1772	0
1773	0
1774	1
1775	0
1776	0
1777	0
1778	0
1779	0
1780	0
1781	0
1782	1
1783	0
1784	0
1785	0
1786	0
1787	0
1788	0
1789	0
1790	0
1791	0
1792	1
1793	0
1794	0
1795	1
1796	0
1797	0
1798	0
1799	0
1800	0
1801	0
1802	0
1803	1
1804	0
1805	0
1806	0
1807	1
1808	0
1809	0
1810	0
1811	0
1812	0
1813	1
1814	0
1815	1
1816	1
1817	0
1818	0
1819	0
1820	0
1821	0
1822	1
1823	0
1824	1
1825	1
1826	0
1827	0
1828	0
1829	0
1830	0
1831	0
1832	0
1833	0
1834	0
1835	0
1836	0
1837	0
1838	0
1839	0
1840	0
1841	0
1842	0
1843	0
1844	1
1845	0
1846	1
1847	1
1848	0
1849	0
1850	1
1851	0
1852	0
1853	0
1854	0
1855	0
1856	0
1857	0
1858	1
1859	1
1860	0
1861	0
1862	0
1863	0
1864	0
1865	0
1866	0
1867	0
1868	0
1869	0
1870	0
1871	0
1872	0
1873	0
1874	1
1875	0
1876	0
1877	0
1878	0
1879	0
1880	0
1881	0
1882	0
1883	0
1884	0
1885	0
1886	0
1887	0
1888	0
1889	0
1890	1
1891	0
1892	0
1893	0
1894	0
1895	0
1896	0
1897	1
1898	0
1899	2
1900	0
1901	0
1902	0
1903	0
1904	0
1905	0
1906	0
1907	0
1908	1
1909	0
1910	0
1911	0
1912	1
1913	0
1914	0
1915	0
1916	0
1917	0
1918	0
1919	0
1920	0
1921	0
1922	0
1923	0
1924	1
1925	0
1926	0
1927	0
1928	0
1929	0
1930	0
1931	0
1932	0
1933	0
1934	0
1935	0
1936	0
1937	0
1938	0
1939	0
1940	0
1941	0
1942	0
1943	0
1944	0
1945	0
1946	0
1947	0
1948	0
1949	1
1950	0
1951	0
1952	0
1953	0
1954	0
1955	0
1956	0
1957	0
1958	0
1959	0
1960	0
1961	0
1962	0
1963	0
1964	0
1965	0
1966	0
1967	0
1968	0
1969	0
1970	0
1971	0
1972	0
1973	0
1974	1
1975	0
1976	0
1977	0
1978	0
1979	0
1980	0
1981	0
1982	0
1983	0
1984	0
1985	0
1986	0
1987	0
1988	0
1989	0
1990	0
1991	0
1992	0
1993	0
1994	0
1995	0
1996	0
1997	0
1998	0
1999	0
2000	0
2001	0
2002	0
2003	0
2004	0
2005	0
2006	1
2007	0
2008	0
2009	0
2010	0
2011	0
2012	0
2013	0
2014	0
2015	0
2016	0
2017	0
2018	0
2019	0
2020	0
2021	0
2022	0
2023	0
2024	0
2025	0
2026	0
2027	0
2028	0
2029	0
2030	0
2031	0
2032	0
2033	0
2034	0
2035	0
2036	0
2037	0
2038	0
2039	0
2040	0
2041	0
2042	0
2043	0
2044	0
2045	1
2046	0
2047	0
