0	0
1	0
2	0
3	0
4	0
5	0
6	0
7	0
8	0
9	0
10	104
11	250
12	249
13	256
14	250
15	210
16	244
17	247
18	255
19	243
20	221
21	210
22	251
23	231
24	251
25	262
26	292
27	266
28	272
29	282
30	270
31	243
32	246
33	280
34	276
35	266
36	256
37	292
38	294
39	267
40	308
41	249
42	282
43	273
44	274
45	262
46	307
47	273
48	252
49	274
50	254
51	276
52	290
53	274
54	276
55	286
56	267
57	291
58	275
59	261
60	266
61	280
62	268
63	275
64	272
65	272
66	275
67	259
68	266
69	271
70	264
71	270
72	255
73	246
74	242
75	248
76	284
77	267
78	268
79	279
80	254
81	283
82	285
83	300
84	268
85	287
86	285
87	310
88	271
89	278
90	252
91	245
92	233
93	246
94	280
95	248
96	263
97	243
98	272
99	268
100	266
101	234
102	285
103	281
104	311
105	283
106	258
107	233
108	274
109	244
110	251
111	262
112	257
113	253
114	284
115	277
116	282
117	226
118	293
119	250
120	273
121	253
122	266
123	261
124	261
125	287
126	272
127	262
128	283
129	297
130	315
131	294
132	298
133	290
134	353
135	354
136	331
137	301
138	311
139	316
140	310
141	291
142	344
143	293
144	314
145	319
146	321
147	305
148	296
149	334
150	303
151	319
152	301
153	315
154	289
155	298
156	326
157	279
158	318
159	311
160	324
161	326
162	285
163	301
164	294
165	301
166	322
167	281
168	307
169	297
170	343
171	331
172	317
173	320
174	330
175	280
176	312
177	316
178	291
179	283
180	294
181	267
182	289
183	276
184	289
185	307
186	277
187	315
188	322
189	316
190	303
191	279
192	288
193	299
194	244
195	266
196	299
197	271
198	284
199	289
200	295
201	308
202	316
203	273
204	266
205	295
206	295
207	284
208	284
209	256
210	300
211	274
212	309
213	272
214	280
215	268
216	283
217	274
218	276
219	292
220	301
221	282
222	292
223	285
224	262
225	289
226	315
227	286
228	292
229	297
230	324
231	256
232	282
233	291
234	255
235	293
236	296
237	303
238	253
239	259
240	253
241	259
242	244
243	254
244	249
245	238
246	241
247	201
248	216
249	211
250	189
251	194
252	171
253	172
254	199
255	139
256	153
257	170
258	153
259	154
260	169
261	150
262	157
263	150
264	135
265	131
266	139
267	118
268	123
269	135
270	126
271	122
272	129
273	120
274	132
275	115
276	94
277	135
278	111
279	112
280	127
281	107
282	109
283	111
284	115
285	109
286	108
287	108
288	110
289	99
290	118
291	98
292	106
293	106
294	112
295	116
296	119
297	111
298	89
299	102
300	98
301	105
302	88
303	106
304	105
305	94
306	119
307	108
308	114
309	119
310	92
311	105
312	93
313	100
314	108
315	98
316	110
317	99
318	86
319	95
320	95
321	109
322	106
323	107
324	107
325	95
326	96
327	106
328	114
329	101
330	112
331	96
332	102
333	105
334	105
335	116
336	112
337	104
338	119
339	129
340	133
341	128
342	143
343	150
344	146
345	185
346	175
347	190
348	238
349	245
350	286
351	348
352	361
353	450
354	513
355	619
356	690
357	783
358	821
359	956
360	1019
361	1245
362	1382
363	1526
364	1606
365	1765
366	1924
367	2079
368	2231
369	2379
370	2502
371	2621
372	2821
373	2833
374	2956
375	3114
376	3176
377	3105
378	3085
379	3217
380	3112
381	3015
382	3048
383	2855
384	2725
385	2623
386	2512
387	2341
388	2087
389	2029
390	1804
391	1723
392	1579
393	1277
394	1099
395	990
396	878
397	761
398	705
399	572
400	471
401	404
402	334
403	288
404	274
405	220
406	186
407	153
408	167
409	145
410	109
411	117
412	104
413	94
414	94
415	95
416	87
417	74
418	75
419	79
420	86
421	78
422	77
423	76
424	102
425	81
426	74
427	84
428	90
429	79
430	81
431	87
432	89
433	97
434	71
435	76
436	91
437	70
438	89
439	81
440	78
441	69
442	78
443	88
444	76
445	85
446	81
447	57
448	63
449	74
450	92
451	91
452	80
453	77
454	78
455	64
456	64
457	71
458	70
459	67
460	85
461	97
462	91
463	78
464	82
465	89
466	75
467	67
468	93
469	82
470	75
471	85
472	90
473	96
474	74
475	68
476	60
477	87
478	86
479	88
480	76
481	66
482	82
483	78
484	84
485	67
486	83
487	69
488	76
489	73
490	77
491	63
492	84
493	72
494	88
495	70
496	78
497	66
498	80
499	89
500	79
501	75
502	85
503	71
504	88
505	95
506	97
507	82
508	85
509	87
510	82
511	98
512	93
513	83
514	96
515	94
516	106
517	96
518	102
519	106
520	94
521	98
522	90
523	87
524	87
525	100
526	95
527	108
528	94
529	100
530	98
531	100
532	99
533	85
534	95
535	88
536	85
537	106
538	104
539	111
540	92
541	93
542	83
543	86
544	92
545	89
546	97
547	81
548	91
549	103
550	84
551	77
552	83
553	97
554	104
555	90
556	97
557	94
558	116
559	92
560	100
561	88
562	90
563	81
564	96
565	81
566	94
567	98
568	81
569	78
570	87
571	83
572	97
573	94
574	92
575	91
576	95
577	87
578	91
579	84
580	79
581	86
582	79
583	86
584	99
585	81
586	68
587	83
588	76
589	84
590	79
591	76
592	78
593	95
594	95
595	70
596	69
597	60
598	76
599	74
600	87
601	77
602	86
603	84
604	78
605	78
606	81
607	81
608	81
609	63
610	89
611	64
612	88
613	68
614	75
615	73
616	85
617	74
618	79
619	85
620	93
621	78
622	68
623	64
624	84
625	92
626	71
627	74
628	72
629	61
630	62
631	83
632	93
633	90
634	70
635	70
636	78
637	71
638	70
639	80
640	85
641	90
642	74
643	76
644	63
645	81
646	64
647	76
648	88
649	75
650	73
651	87
652	91
653	90
654	83
655	84
656	74
657	95
658	76
659	76
660	77
661	100
662	85
663	77
664	79
665	83
666	94
667	81
668	72
669	77
670	96
671	81
672	74
673	87
674	74
675	69
676	76
677	66
678	75
679	80
680	84
681	75
682	62
683	68
684	78
685	87
686	87
687	62
688	69
689	75
690	81
691	57
692	77
693	81
694	65
695	77
696	80
697	99
698	66
699	68
700	70
701	76
702	85
703	80
704	70
705	93
706	90
707	81
708	80
709	87
710	84
711	71
712	82
713	81
714	73
715	66
716	72
717	83
718	92
719	75
720	88
721	80
722	78
723	82
724	86
725	75
726	67
727	73
728	95
729	74
730	71
731	68
732	71
733	76
734	77
735	77
736	71
737	88
738	84
739	77
740	73
741	73
742	76
743	83
744	71
745	69
746	71
747	58
748	91
749	84
750	73
751	75
752	60
753	72
754	68
755	53
756	79
757	69
758	52
759	64
760	65
761	61
762	55
763	66
764	64
765	59
766	67
767	78
768	62
769	60
770	48
771	52
772	61
773	50
774	49
775	57
776	70
777	50
778	58
779	51
780	51
781	56
782	60
783	65
784	51
785	54
786	51
787	50
788	56
789	57
790	54
791	62
792	50
793	54
794	42
795	53
796	41
797	56
798	35
799	52
800	48
801	58
802	60
803	53
804	44
805	42
806	49
807	54
808	42
809	38
810	48
811	50
812	47
813	42
814	36
815	40
816	61
817	46
818	38
819	38
820	36
821	44
822	52
823	53
824	33
825	32
826	39
827	54
828	54
829	34
830	37
831	48
832	40
833	51
834	43
835	56
836	44
837	50
838	42
839	41
840	40
841	41
842	31
843	40
844	43
845	48
846	39
847	42
848	48
849	45
850	42
851	44
852	50
853	40
854	43
855	48
856	41
857	40
858	42
859	62
860	44
861	40
862	61
863	51
864	52
865	53
866	48
867	50
868	43
869	57
870	49
871	49
872	66
873	75
874	68
875	57
876	76
877	67
878	61
879	77
880	79
881	70
882	93
883	102
884	86
885	101
886	127
887	118
888	111
889	136
890	120
891	142
892	165
893	142
894	125
895	159
896	161
897	166
898	187
899	210
900	206
901	217
902	260
903	242
904	211
905	279
906	273
907	272
908	291
909	284
910	296
911	294
912	256
913	305
914	281
915	307
916	329
917	309
918	321
919	319
920	300
921	306
922	306
923	315
924	296
925	275
926	271
927	306
928	259
929	262
930	261
931	226
932	235
933	248
934	226
935	207
936	203
937	187
938	210
939	188
940	172
941	175
942	166
943	135
944	163
945	149
946	168
947	108
948	136
949	109
950	117
951	102
952	107
953	110
954	96
955	86
956	79
957	76
958	89
959	76
960	92
961	93
962	81
963	52
964	70
965	64
966	69
967	66
968	72
969	67
970	70
971	72
972	72
973	74
974	50
975	49
976	61
977	56
978	47
979	67
980	54
981	53
982	54
983	51
984	59
985	59
986	61
987	73
988	53
989	54
990	47
991	45
992	70
993	57
994	54
995	57
996	53
997	46
998	53
999	59
1000	48
1001	66
1002	43
1003	55
1004	71
1005	66
1006	64
1007	73
1008	53
1009	55
1010	49
1011	47
1012	70
1013	41
1014	38
1015	56
1016	58
1017	49
1018	72
1019	60
1020	58
1021	56
1022	62
1023	62
1024	57
1025	54
1026	64
1027	56
1028	69
1029	64
1030	48
1031	50
1032	67
1033	61
1034	54
1035	60
1036	60
1037	66
1038	56
1039	60
1040	46
1041	49
1042	59
1043	66
1044	68
1045	51
1046	50
1047	55
1048	49
1049	59
1050	64
1051	72
1052	53
1053	64
1054	68
1055	60
1056	60
1057	62
1058	58
1059	62
1060	46
1061	50
1062	62
1063	69
1064	72
1065	57
1066	55
1067	66
1068	62
1069	70
1070	50
1071	54
1072	64
1073	54
1074	51
1075	55
1076	63
1077	66
1078	61
1079	57
1080	51
1081	68
1082	48
1083	54
1084	67
1085	64
1086	63
1087	70
1088	61
1089	58
1090	55
1091	55
1092	65
1093	58
1094	71
1095	61
1096	63
1097	64
1098	58
1099	61
1100	62
1101	63
1102	50
1103	54
1104	51
1105	55
1106	50
1107	72
1108	52
1109	59
1110	43
1111	48
1112	59
1113	59
1114	54
1115	47
1116	63
1117	68
1118	66
1119	52
1120	60
1121	74
1122	44
1123	44
1124	65
1125	56
1126	52
1127	52
1128	58
1129	55
1130	40
1131	60
1132	54
1133	44
1134	47
1135	46
1136	53
1137	37
1138	41
1139	44
1140	43
1141	46
1142	46
1143	41
1144	46
1145	39
1146	47
1147	34
1148	40
1149	61
1150	36
1151	38
1152	39
1153	50
1154	31
1155	29
1156	28
1157	38
1158	31
1159	30
1160	25
1161	27
1162	38
1163	40
1164	36
1165	31
1166	24
1167	25
1168	21
1169	30
1170	21
1171	27
1172	21
1173	32
1174	25
1175	27
1176	31
1177	25
1178	32
1179	28
1180	15
1181	28
1182	25
1183	29
1184	25
1185	25
1186	23
1187	20
1188	13
1189	28
1190	16
1191	13
1192	19
1193	16
1194	17
1195	14
1196	13
1197	21
1198	22
1199	11
1200	12
1201	16
1202	11
1203	15
1204	11
1205	16
1206	14
1207	8
1208	11
1209	19
1210	11
1211	17
1212	9
1213	11
1214	12
1215	12
1216	9
1217	7
1218	6
1219	7
1220	9
1221	16
1222	13
1223	16
1224	13
1225	7
1226	15
1227	7
1228	15
1229	8
1230	19
1231	8
1232	10
1233	8
1234	15
1235	18
1236	12
1237	10
1238	13
1239	15
1240	21
1241	14
1242	11
1243	23
1244	16
1245	25
1246	17
1247	16
1248	22
1249	17
1250	10
1251	29
1252	23
1253	27
1254	30
1255	39
1256	39
1257	34
1258	40
1259	34
1260	42
1261	40
1262	56
1263	51
1264	53
1265	61
1266	60
1267	66
1268	78
1269	73
1270	84
1271	68
1272	89
1273	86
1274	103
1275	79
1276	105
1277	116
1278	103
1279	121
1280	116
1281	117
1282	139
1283	128
1284	140
1285	136
1286	139
1287	159
1288	136
1289	162
1290	149
1291	151
1292	156
1293	153
1294	158
1295	173
1296	165
1297	181
1298	185
1299	166
1300	156
1301	170
1302	194
1303	176
1304	179
1305	174
1306	179
1307	171
1308	170
1309	166
1310	159
1311	155
1312	150
1313	156
1314	161
1315	143
1316	145
1317	142
1318	129
1319	145
1320	112
1321	125
1322	108
1323	97
1324	77
1325	85
1326	80
1327	89
1328	81
1329	85
1330	68
1331	60
1332	71
1333	62
1334	69
1335	57
1336	59
1337	49
1338	47
1339	35
1340	40
1341	44
1342	32
1343	31
1344	22
1345	24
1346	16
1347	29
1348	15
1349	14
1350	15
1351	15
1352	19
1353	8
1354	7
1355	8
1356	7
1357	9
1358	7
1359	9
1360	5
1361	6
1362	4
1363	3
1364	3
1365	7
1366	3
1367	2
1368	5
1369	1
1370	2
1371	4
1372	2
1373	1
1374	2
1375	0
1376	0
1377	2
1378	1
1379	3
1380	3
1381	2
1382	1
1383	1
1384	1
1385	1
1386	1
1387	1
1388	1
1389	1
1390	2
1391	3
1392	6
1393	1
1394	1
1395	3
1396	1
1397	1
1398	2
1399	2
1400	0
1401	0
1402	1
1403	1
1404	1
1405	1
1406	3
1407	1
1408	3
1409	2
1410	2
1411	0
1412	0
1413	0
1414	3
1415	1
1416	1
1417	2
1418	2
1419	0
1420	1
1421	1
1422	1
1423	3
1424	3
1425	3
1426	4
1427	1
1428	2
1429	1
1430	2
1431	0
1432	2
1433	1
1434	4
1435	0
1436	8
1437	2
1438	3
1439	0
1440	1
1441	6
1442	4
1443	4
1444	4
1445	3
1446	1
1447	2
1448	2
1449	1
1450	2
1451	2
1452	0
1453	1
1454	1
1455	0
1456	1
1457	2
1458	1
1459	2
1460	1
1461	5
1462	2
1463	2
1464	2
1465	3
1466	3
1467	1
1468	1
1469	3
1470	2
1471	3
1472	0
1473	1
1474	0
1475	0
1476	3
1477	1
1478	1
1479	1
1480	2
1481	1
1482	0
1483	1
1484	2
1485	2
1486	1
1487	0
1488	0
1489	1
1490	0
1491	1
1492	0
1493	1
1494	3
1495	0
1496	4
1497	1
1498	0
1499	1
1500	1
1501	1
1502	1
1503	0
1504	2
1505	0
1506	1
1507	3
1508	1
1509	1
1510	1
1511	0
1512	1
1513	1
1514	1
1515	0
1516	0
1517	1
1518	2
1519	3
1520	1
1521	1
1522	0
1523	1
1524	0
1525	0
1526	0
1527	1
1528	1
1529	0
1530	0
1531	0
1532	0
1533	1
1534	1
1535	0
1536	0
1537	0
1538	2
1539	1
1540	0
1541	0
1542	1
1543	2
1544	2
1545	0
1546	0
1547	0
1548	2
1549	1
1550	0
1551	1
1552	0
1553	0
1554	0
1555	1
1556	0
1557	0
1558	1
1559	0
1560	0
1561	1
1562	0
1563	0
1564	0
1565	0
1566	0
1567	0
1568	0
1569	0
1570	0
1571	0
1572	0
1573	0
1574	0
1575	0
1576	0
1577	2
1578	0
1579	0
1580	0
1581	0
1582	1
1583	0
1584	0
1585	0
1586	0
1587	1
1588	0
1589	0
1590	0
1591	1
1592	0
1593	1
1594	0
1595	0
1596	0
1597	0
1598	0
1599	0
1600	0
1601	0
1602	1
1603	0
1604	0
1605	0
1606	0
1607	0
1608	1
1609	0
1610	0
1611	1
1612	1
1613	0
1614	0
1615	0
1616	0
1617	0
1618	0
1619	0
1620	1
1621	0
1622	1
1623	0
1624	0
1625	0
1626	0
1627	0
1628	1
1629	1
1630	1
1631	0
1632	0
1633	1
1634	0
1635	0
1636	0
1637	0
1638	0
1639	0
1640	1
1641	1
1642	0
1643	0
1644	1
1645	0
1646	0
1647	0
1648	0
1649	1
1650	2
1651	0
1652	1
1653	0
1654	0
1655	0
1656	0
1657	0
1658	0
1659	0
1660	1
1661	0
1662	0
1663	0
1664	0
1665	0
1666	0
1667	1
1668	0
1669	0
1670	1
1671	0
1672	1
1673	0
1674	0
1675	0
1676	0
1677	0
1678	0
1679	0
1680	0
1681	0
1682	0
1683	0
1684	0
1685	0
1686	0
1687	1
1688	1
1689	0
1690	0
1691	0
1692	1
1693	0
1694	0
1695	1
1696	0
1697	0
1698	0
1699	0
1700	0
1701	0
1702	0
1703	0
1704	0
1705	1
1706	1
1707	0
1708	0
1709	0
1710	0
1711	1
1712	0
1713	0
1714	1
1715	0
1716	0
1717	0
1718	0
1719	0
1720	0
1721	0
1722	0
1723	0
1724	0
1725	0
1726	0
1727	0
1728	0
1729	0
1730	0
1731	0
1732	0
1733	0
1734	0
1735	0
1736	0
1737	0
1738	0
1739	0
1740	0
1741	0
1742	0
1743	0
1744	0
1745	0
1746	0
1747	0
1748	0
1749	1
1750	0
1751	0
1752	0
1753	0
1754	0
1755	0
1756	0
1757	0
1758	0
1759	1
1760	0
1761	0
1762	0
1763	0
1764	0
1765	0
1766	0
1767	0
1768	0
1769	0
1770	0
1771	0
1772	0
1773	0
1774	0
1775	0
1776	0
1777	0
1778	0
1779	0
1780	1
1781	0
1782	0
1783	0
1784	0
1785	0
1786	0
1787	0
1788	0
1789	0
1790	0
1791	0
1792	0
1793	1
1794	0
1795	0
1796	0
1797	0
1798	1
1799	0
1800	1
1801	1
1802	0
1803	0
1804	0
1805	0
1806	0
1807	0
1808	0
1809	0
1810	0
1811	0
1812	0
1813	0
1814	0
1815	1
1816	1
1817	0
1818	0
1819	0
1820	0
1821	0
1822	0
1823	0
1824	1
1825	0
1826	0
1827	0
1828	0
1829	1
1830	0
1831	0
1832	0
1833	1
1834	0
1835	0
1836	0
1837	0
1838	0
1839	0
1840	0
1841	0
1842	0
1843	0
1844	0
1845	0
1846	0
1847	0
1848	0
1849	0
1850	0
1851	0
1852	1
1853	0
1854	0
1855	0
1856	0
1857	0
1858	1
1859	0
1860	0
1861	0
1862	0
1863	2
1864	0
1865	0
1866	0
1867	0
1868	0
1869	0
1870	0
1871	1
1872	0
1873	0
1874	0
1875	0
1876	2
1877	0
1878	0
1879	0
1880	0
1881	0
1882	0
1883	0
1884	0
1885	0
1886	0
1887	0
1888	0
1889	1
1890	0
1891	0
1892	1
1893	0
1894	0
1895	0
1896	0
1897	0
1898	1
1899	0
1900	0
1901	0
1902	0
1903	0
1904	0
1905	0
1906	0
1907	1
1908	0
1909	0
1910	0
1911	0
1912	1
1913	0
1914	0
1915	0
1916	0
1917	0
1918	1
1919	1
1920	2
1921	0
1922	0
1923	0
1924	0
1925	0
1926	0
1927	0
1928	0
1929	0
1930	0
1931	0
1932	0
1933	0
1934	0
1935	0
1936	0
1937	0
1938	0
1939	0
1940	0
1941	0
1942	1
1943	0
1944	0
1945	0
1946	1
1947	0
1948	0
1949	0
1950	0
1951	0
1952	0
1953	0
1954	0
1955	0
1956	0
1957	0
1958	0
1959	0
1960	0
1961	0
1962	0
1963	0
1964	0
1965	1
1966	1
1967	0
1968	0
1969	0
1970	0
1971	0
1972	0
1973	0
1974	0
1975	0
1976	0
1977	0
1978	0
1979	1
1980	0
1981	0
1982	1
1983	0
1984	0
1985	0
1986	0
1987	0
1988	0
1989	0
1990	0
1991	0
1992	0
1993	0
1994	0
1995	0
1996	0
1997	0
1998	0
1999	0
2000	0
2001	0
2002	0
2003	0
2004	0
2005	0
2006	0
2007	0
2008	0
2009	1
2010	0
2011	0
2012	0
2013	0
2014	0
2015	0
2016	0
2017	0
2018	0
2019	0
2020	0
2021	0
2022	0
2023	0
2024	0
2025	0
2026	1
2027	0
2028	0
2029	1
2030	0
2031	0
2032	0
2033	0
2034	0
2035	0
2036	0
2037	0
2038	0
2039	0
2040	0
2041	0
2042	0
2043	0
2044	0
2045	0
2046	0
2047	0
