0	0
1	0
2	0
3	0
4	0
5	0
6	0
7	0
8	0
9	0
10	101
11	220
12	241
13	268
14	232
15	236
16	232
17	258
18	243
19	260
20	265
21	270
22	255
23	238
24	259
25	280
26	246
27	245
28	256
29	284
30	269
31	246
32	262
33	247
34	249
35	256
36	249
37	260
38	295
39	258
40	270
41	256
42	274
43	274
44	255
45	280
46	271
47	233
48	240
49	297
50	256
51	263
52	270
53	257
54	302
55	259
56	277
57	285
58	269
59	284
60	290
61	248
62	267
63	247
64	256
65	271
66	270
67	253
68	257
69	267
70	261
71	264
72	280
73	269
74	258
75	262
76	252
77	235
78	262
79	263
80	260
81	251
82	276
83	262
84	286
85	255
86	277
87	279
88	288
89	278
90	245
91	255
92	260
93	261
94	254
95	219
96	237
97	260
98	242
99	268
100	243
101	249
102	290
103	246
104	248
105	265
106	214
107	299
108	256
109	261
110	248
111	288
112	252
113	263
114	262
115	285
116	262
117	262
118	254
119	271
120	249
121	259
122	256
123	255
124	285
125	294
126	273
127	268
128	289
129	290
130	278
131	282
132	315
133	314
134	310
135	343
136	316
137	335
138	311
139	299
140	323
141	327
142	318
143	351
144	349
145	323
146	317
147	302
148	307
149	318
150	299
151	353
152	302
153	315
154	298
155	319
156	321
157	339
158	283
159	300
160	294
161	309
162	340
163	288
164	304
165	302
166	318
167	318
168	304
169	311
170	308
171	278
172	279
173	293
174	301
175	312
176	303
177	266
178	289
179	279
180	289
181	280
182	298
183	250
184	310
185	274
186	298
187	272
188	277
189	294
190	285
191	266
192	253
193	290
194	289
195	290
196	281
197	262
198	270
199	303
200	254
201	269
202	262
203	293
204	316
205	304
206	262
207	282
208	262
209	297
210	275
211	268
212	302
213	260
214	262
215	272
216	263
217	295
218	293
219	287
220	287
221	276
222	269
223	292
224	290
225	308
226	299
227	308
228	315
229	267
230	281
231	272
232	294
233	303
234	292
235	296
236	289
237	291
238	261
239	267
240	297
241	267
242	241
243	264
244	242
245	229
246	220
247	203
248	202
249	221
250	212
251	181
252	185
253	188
254	171
255	153
256	173
257	173
258	156
259	135
260	160
261	154
262	130
263	142
264	141
265	131
266	152
267	116
268	108
269	143
270	109
271	108
272	131
273	132
274	107
275	130
276	135
277	104
278	122
279	120
280	118
281	123
282	125
283	123
284	92
285	102
286	103
287	111
288	99
289	103
290	113
291	95
292	98
293	110
294	119
295	108
296	107
297	109
298	113
299	116
300	87
301	110
302	104
303	98
304	105
305	127
306	91
307	115
308	105
309	110
310	118
311	87
312	96
313	95
314	114
315	105
316	102
317	107
318	115
319	89
320	106
321	102
322	102
323	102
324	99
325	122
326	91
327	92
328	99
329	85
330	94
331	108
332	98
333	140
334	109
335	93
336	107
337	98
338	138
339	108
340	119
341	142
342	141
343	131
344	162
345	164
346	184
347	216
348	227
349	253
350	331
351	358
352	406
353	444
354	529
355	605
356	686
357	808
358	894
359	1003
360	1131
361	1300
362	1489
363	1643
364	1706
365	1882
366	1919
367	2162
368	2302
369	2404
370	2636
371	2728
372	2852
373	3044
374	3084
375	3197
376	3231
377	3100
378	3156
379	3185
380	3090
381	3005
382	2911
383	2741
384	2643
385	2633
386	2438
387	2281
388	2136
389	1980
390	1653
391	1589
392	1363
393	1203
394	1061
395	970
396	826
397	734
398	616
399	547
400	439
401	369
402	342
403	332
404	272
405	191
406	172
407	134
408	127
409	127
410	101
411	120
412	119
413	89
414	78
415	87
416	84
417	95
418	70
419	87
420	75
421	74
422	94
423	94
424	71
425	63
426	100
427	60
428	74
429	73
430	80
431	75
432	76
433	85
434	73
435	86
436	56
437	72
438	62
439	79
440	84
441	83
442	68
443	101
444	72
445	86
446	78
447	96
448	59
449	79
450	69
451	82
452	97
453	79
454	69
455	94
456	79
457	85
458	76
459	84
460	83
461	71
462	83
463	77
464	79
465	75
466	70
467	78
468	66
469	60
470	95
471	81
472	79
473	90
474	74
475	80
476	83
477	75
478	68
479	83
480	66
481	81
482	67
483	83
484	72
485	81
486	79
487	73
488	75
489	73
490	69
491	75
492	75
493	64
494	77
495	83
496	92
497	93
498	58
499	85
500	71
501	88
502	79
503	88
504	95
505	84
506	80
507	81
508	88
509	80
510	89
511	92
512	86
513	103
514	100
515	111
516	91
517	92
518	80
519	73
520	102
521	91
522	77
523	78
524	87
525	91
526	73
527	87
528	99
529	110
530	92
531	94
532	101
533	98
534	92
535	92
536	94
537	101
538	91
539	88
540	94
541	91
542	102
543	86
544	82
545	96
546	103
547	90
548	95
549	83
550	95
551	84
552	80
553	94
554	97
555	75
556	87
557	88
558	112
559	81
560	84
561	91
562	100
563	84
564	94
565	86
566	78
567	83
568	83
569	87
570	81
571	86
572	93
573	82
574	92
575	79
576	98
577	95
578	72
579	88
580	87
581	81
582	75
583	99
584	82
585	74
586	86
587	77
588	85
589	77
590	95
591	95
592	77
593	79
594	91
595	90
596	76
597	77
598	75
599	89
600	85
601	89
602	78
603	79
604	78
605	97
606	81
607	64
608	88
609	77
610	96
611	70
612	94
613	95
614	81
615	84
616	89
617	77
618	83
619	83
620	92
621	82
622	96
623	74
624	72
625	78
626	69
627	88
628	80
629	87
630	73
631	67
632	74
633	78
634	65
635	89
636	60
637	80
638	89
639	63
640	76
641	78
642	78
643	76
644	72
645	82
646	77
647	71
648	91
649	81
650	80
651	78
652	80
653	79
654	77
655	82
656	86
657	80
658	78
659	89
660	75
661	85
662	80
663	74
664	88
665	74
666	76
667	79
668	87
669	71
670	66
671	67
672	89
673	68
674	93
675	90
676	84
677	72
678	87
679	81
680	94
681	79
682	95
683	75
684	102
685	76
686	83
687	82
688	68
689	73
690	72
691	92
692	79
693	71
694	72
695	83
696	79
697	66
698	79
699	92
700	76
701	78
702	78
703	82
704	80
705	90
706	85
707	85
708	77
709	80
710	76
711	64
712	79
713	79
714	68
715	89
716	76
717	85
718	92
719	57
720	74
721	81
722	64
723	67
724	83
725	66
726	79
727	88
728	74
729	85
730	83
731	79
732	80
733	81
734	86
735	72
736	63
737	84
738	60
739	83
740	84
741	70
742	84
743	81
744	77
745	74
746	71
747	88
748	67
749	87
750	62
751	79
752	55
753	68
754	67
755	55
756	67
757	70
758	56
759	72
760	62
761	57
762	55
763	50
764	45
765	62
766	71
767	68
768	69
769	61
770	47
771	49
772	59
773	80
774	58
775	47
776	59
777	54
778	50
779	50
780	42
781	49
782	53
783	59
784	43
785	57
786	57
787	38
788	47
789	47
790	52
791	64
792	52
793	37
794	49
795	45
796	45
797	41
798	45
799	48
800	63
801	49
802	49
803	50
804	43
805	50
806	48
807	64
808	45
809	44
810	54
811	49
812	39
813	47
814	46
815	46
816	52
817	40
818	44
819	52
820	42
821	40
822	49
823	42
824	48
825	47
826	53
827	39
828	43
829	46
830	46
831	52
832	45
833	55
834	37
835	38
836	46
837	40
838	54
839	33
840	48
841	42
842	36
843	38
844	46
845	50
846	44
847	34
848	46
849	45
850	41
851	38
852	46
853	46
854	43
855	44
856	45
857	59
858	50
859	41
860	39
861	36
862	45
863	62
864	45
865	46
866	49
867	58
868	51
869	53
870	67
871	55
872	78
873	74
874	61
875	71
876	80
877	71
878	71
879	93
880	73
881	83
882	100
883	93
884	89
885	102
886	112
887	113
888	127
889	125
890	131
891	159
892	160
893	145
894	179
895	158
896	187
897	186
898	206
899	244
900	228
901	215
902	255
903	222
904	245
905	246
906	287
907	277
908	325
909	282
910	309
911	327
912	296
913	313
914	293
915	342
916	311
917	308
918	331
919	290
920	291
921	307
922	317
923	286
924	284
925	271
926	295
927	267
928	238
929	274
930	240
931	264
932	245
933	268
934	213
935	203
936	214
937	184
938	209
939	144
940	185
941	160
942	143
943	156
944	141
945	144
946	117
947	126
948	123
949	105
950	106
951	112
952	106
953	77
954	83
955	97
956	88
957	75
958	66
959	95
960	70
961	66
962	65
963	70
964	75
965	77
966	66
967	63
968	61
969	53
970	53
971	57
972	50
973	64
974	51
975	45
976	69
977	60
978	63
979	46
980	60
981	71
982	58
983	55
984	62
985	54
986	55
987	71
988	63
989	67
990	50
991	55
992	46
993	63
994	55
995	53
996	57
997	63
998	56
999	52
1000	55
1001	68
1002	52
1003	64
1004	46
1005	43
1006	62
1007	57
1008	49
1009	54
1010	48
1011	56
1012	51
1013	58
1014	54
1015	53
1016	64
1017	52
1018	64
1019	64
1020	53
1021	69
1022	41
1023	63
1024	49
1025	59
1026	55
1027	51
1028	56
1029	50
1030	35
1031	54
1032	59
1033	50
1034	52
1035	55
1036	71
1037	46
1038	59
1039	65
1040	65
1041	67
1042	60
1043	77
1044	53
1045	62
1046	55
1047	59
1048	54
1049	50
1050	55
1051	55
1052	56
1053	67
1054	54
1055	52
1056	64
1057	75
1058	63
1059	44
1060	59
1061	71
1062	75
1063	55
1064	62
1065	66
1066	66
1067	72
1068	53
1069	64
1070	43
1071	57
1072	72
1073	65
1074	59
1075	71
1076	51
1077	58
1078	54
1079	47
1080	61
1081	55
1082	48
1083	66
1084	40
1085	61
1086	77
1087	60
1088	78
1089	53
1090	40
1091	60
1092	53
1093	48
1094	63
1095	45
1096	49
1097	64
1098	59
1099	61
1100	56
1101	67
1102	64
1103	54
1104	55
1105	67
1106	63
1107	50
1108	49
1109	61
1110	56
1111	59
1112	59
1113	66
1114	45
1115	63
1116	67
1117	54
1118	59
1119	57
1120	42
1121	59
1122	52
1123	45
1124	56
1125	51
1126	48
1127	43
1128	67
1129	41
1130	36
1131	44
1132	55
1133	39
1134	42
1135	38
1136	46
1137	40
1138	51
1139	49
1140	48
1141	47
1142	44
1143	28
1144	42
1145	49
1146	39
1147	36
1148	34
1149	46
1150	40
1151	47
1152	29
1153	29
1154	47
1155	30
1156	42
1157	53
1158	26
1159	32
1160	32
1161	31
1162	32
1163	35
1164	47
1165	35
1166	27
1167	27
1168	28
1169	30
1170	18
1171	35
1172	21
1173	23
1174	26
1175	26
1176	24
1177	20
1178	23
1179	19
1180	18
1181	28
1182	19
1183	15
1184	18
1185	16
1186	33
1187	16
1188	23
1189	16
1190	15
1191	13
1192	19
1193	20
1194	8
1195	10
1196	15
1197	19
1198	10
1199	13
1200	21
1201	14
1202	14
1203	18
1204	10
1205	12
1206	6
1207	15
1208	14
1209	9
1210	11
1211	15
1212	14
1213	9
1214	7
1215	19
1216	18
1217	11
1218	19
1219	12
1220	16
1221	7
1222	12
1223	11
1224	10
1225	13
1226	7
1227	12
1228	4
1229	15
1230	18
1231	6
1232	9
1233	7
1234	5
1235	15
1236	11
1237	18
1238	16
1239	21
1240	15
1241	12
1242	10
1243	22
1244	19
1245	16
1246	17
1247	21
1248	23
1249	18
1250	34
1251	23
1252	22
1253	39
1254	39
1255	36
1256	37
1257	57
1258	56
1259	55
1260	35
1261	45
1262	69
1263	75
1264	50
1265	51
1266	66
1267	77
1268	72
1269	84
1270	82
1271	84
1272	82
1273	100
1274	94
1275	90
1276	115
1277	111
1278	128
1279	122
1280	129
1281	127
1282	134
1283	123
1284	134
1285	136
1286	145
1287	141
1288	182
1289	169
1290	162
1291	162
1292	203
1293	149
1294	185
1295	176
1296	192
1297	176
1298	167
1299	162
1300	171
1301	189
1302	181
1303	182
1304	197
1305	169
1306	168
1307	183
1308	149
1309	153
1310	141
1311	151
1312	173
1313	158
1314	137
1315	144
1316	143
1317	118
1318	124
1319	91
1320	107
1321	108
1322	122
1323	107
1324	104
1325	93
1326	80
1327	81
1328	79
1329	73
1330	60
1331	68
1332	74
1333	53
1334	59
1335	47
1336	52
1337	35
1338	41
1339	31
1340	41
1341	26
1342	35
1343	28
1344	22
1345	27
1346	25
1347	24
1348	20
1349	17
1350	17
1351	11
1352	4
1353	12
1354	10
1355	8
1356	7
1357	9
1358	6
1359	7
1360	9
1361	6
1362	4
1363	4
1364	1
1365	1
1366	2
1367	2
1368	4
1369	2
1370	0
1371	1
1372	2
1373	2
1374	3
1375	0
1376	1
1377	1
1378	4
1379	4
1380	1
1381	4
1382	0
1383	3
1384	2
1385	2
1386	0
1387	0
1388	0
1389	0
1390	2
1391	1
1392	1
1393	0
1394	6
1395	4
1396	0
1397	2
1398	1
1399	1
1400	2
1401	0
1402	0
1403	1
1404	1
1405	1
1406	0
1407	3
1408	1
1409	2
1410	2
1411	1
1412	3
1413	2
1414	1
1415	1
1416	1
1417	1
1418	2
1419	4
1420	0
1421	3
1422	1
1423	1
1424	0
1425	1
1426	3
1427	1
1428	0
1429	3
1430	6
1431	3
1432	0
1433	2
1434	2
1435	0
1436	0
1437	1
1438	3
1439	1
1440	2
1441	2
1442	3
1443	3
1444	1
1445	4
1446	3
1447	0
1448	0
1449	2
1450	5
1451	4
1452	3
1453	2
1454	2
1455	4
1456	1
1457	1
1458	1
1459	1
1460	3
1461	1
1462	1
1463	2
1464	0
1465	2
1466	1
1467	1
1468	1
1469	0
1470	0
1471	2
1472	2
1473	5
1474	2
1475	3
1476	1
1477	3
1478	1
1479	2
1480	4
1481	2
1482	2
1483	1
1484	0
1485	1
1486	2
1487	1
1488	2
1489	0
1490	1
1491	2
1492	0
1493	1
1494	0
1495	1
1496	1
1497	1
1498	3
1499	0
1500	1
1501	3
1502	1
1503	0
1504	0
1505	0
1506	1
1507	0
1508	4
1509	2
1510	2
1511	1
1512	4
1513	1
1514	0
1515	0
1516	1
1517	0
1518	1
1519	0
1520	1
1521	0
1522	2
1523	0
1524	0
1525	0
1526	1
1527	1
1528	1
1529	0
1530	0
1531	1
1532	1
1533	0
1534	2
1535	1
1536	1
1537	1
1538	0
1539	1
1540	1
1541	0
1542	2
1543	0
1544	1
1545	0
1546	1
1547	0
1548	1
1549	0
1550	0
1551	1
1552	0
1553	0
1554	1
1555	0
1556	0
1557	0
1558	1
1559	1
1560	1
1561	0
1562	1
1563	0
1564	0
1565	0
1566	1
1567	3
1568	0
1569	0
1570	1
1571	0
1572	0
1573	0
1574	0
1575	0
1576	0
1577	0
1578	0
1579	0
1580	0
1581	1
1582	1
1583	1
1584	0
1585	0
1586	0
1587	0
1588	0
1589	0
1590	0
1591	0
1592	0
1593	1
1594	0
1595	0
1596	0
1597	0
1598	0
1599	0
1600	0
1601	1
1602	0
1603	0
1604	0
1605	1
1606	1
1607	1
1608	0
1609	1
1610	0
1611	0
1612	0
1613	0
1614	0
1615	0
1616	0
1617	1
1618	0
1619	0
1620	0
1621	0
1622	0
1623	2
1624	0
1625	0
1626	0
1627	0
1628	0
1629	0
1630	0
1631	0
1632	0
1633	0
1634	0
1635	0
1636	0
1637	0
1638	0
1639	1
1640	0
1641	1
1642	0
1643	0
1644	0
1645	0
1646	0
1647	0
1648	1
1649	0
1650	0
1651	0
1652	0
1653	0
1654	0
1655	1
1656	0
1657	0
1658	0
1659	1
1660	1
1661	1
1662	0
1663	0
1664	0
1665	0
1666	0
1667	0
1668	1
1669	0
1670	0
1671	0
1672	0
1673	0
1674	0
1675	0
1676	0
1677	0
1678	0
1679	0
1680	0
1681	0
1682	0
1683	1
1684	0
1685	1
1686	0
1687	1
1688	0
1689	0
1690	0
1691	0
1692	0
1693	0
1694	0
1695	1
1696	0
1697	0
1698	0
1699	0
1700	0
1701	0
1702	0
1703	0
1704	0
1705	0
1706	0
1707	0
1708	0
1709	0
1710	0
1711	0
1712	0
1713	0
1714	0
1715	0
1716	0
1717	0
1718	0
1719	0
1720	0
1721	0
1722	0
1723	0
1724	1
1725	0
1726	0
1727	0
1728	0
1729	0
1730	1
1731	0
1732	0
1733	0
1734	1
1735	0
1736	0
1737	1
1738	0
1739	0
1740	0
1741	1
1742	0
1743	1
1744	0
1745	0
1746	0
1747	0
1748	1
1749	0
1750	0
1751	0
1752	1
1753	0
1754	0
1755	0
1756	0
1757	0
1758	0
1759	0
1760	0
1761	0
1762	0
1763	0
1764	0
1765	0
1766	1
1767	0
1768	0
1769	0
1770	0
1771	0
1772	0
1773	0
1774	1
1775	0
1776	0
1777	0
1778	0
1779	0
1780	0
1781	0
1782	0
1783	0
1784	0
1785	0
1786	0
1787	0
1788	0
1789	0
1790	0
1791	0
1792	0
1793	0
1794	0
1795	0
1796	0
1797	0
1798	0
1799	0
1800	0
1801	0
1802	0
1803	2
1804	0
1805	0
1806	0
1807	0
1808	1
1809	0
1810	0
1811	0
1812	0
1813	0
1814	0
1815	0
1816	0
1817	0
1818	0
1819	0
1820	0
1821	0
1822	0
1823	0
1824	1
1825	2
1826	0
1827	0
1828	0
1829	0
1830	1
1831	0
1832	1
1833	1
1834	0
1835	0
1836	0
1837	0
1838	0
1839	0
1840	0
1841	0
1842	0
1843	2
1844	0
1845	0
1846	0
1847	0
1848	0
1849	0
1850	0
1851	0
1852	0
1853	0
1854	0
1855	1
1856	0
1857	0
1858	0
1859	0
1860	0
1861	0
1862	0
1863	0
1864	1
1865	0
1866	0
1867	0
1868	0
1869	0
1870	0
1871	0
1872	0
1873	0
1874	0
1875	0
1876	0
1877	0
1878	0
1879	0
1880	0
1881	0
1882	0
1883	0
1884	0
1885	0
1886	0
1887	0
1888	1
1889	1
1890	0
1891	0
1892	0
1893	0
1894	1
1895	0
1896	0
1897	0
1898	0
1899	1
1900	0
1901	0
1902	0
1903	0
1904	0
1905	0
1906	0
1907	0
1908	0
1909	0
1910	0
1911	0
1912	0
1913	0
1914	0
1915	0
1916	0
1917	0
1918	0
1919	0
1920	0
1921	0
1922	0
1923	0
1924	1
1925	0
1926	0
1927	0
1928	0
1929	0
1930	0
1931	0
1932	0
1933	0
1934	0
1935	0
1936	0
1937	0
1938	0
1939	0
1940	0
1941	0
1942	0
1943	0
1944	0
1945	0
1946	0
1947	0
1948	1
1949	0
1950	0
1951	0
1952	0
1953	0
1954	0
1955	0
1956	0
1957	0
1958	0
1959	0
1960	1
1961	0
1962	0
1963	0
1964	0
1965	0
1966	0
1967	1
1968	0
1969	0
1970	0
1971	0
1972	0
1973	0
1974	0
1975	0
1976	0
1977	0
1978	0
1979	0
1980	0
1981	0
1982	0
1983	0
1984	0
1985	0
1986	0
1987	0
1988	0
1989	0
1990	0
1991	0
1992	0
1993	0
1994	0
1995	0
1996	0
1997	0
1998	0
1999	0
2000	0
2001	0
2002	0
2003	0
2004	0
2005	0
2006	0
2007	0
2008	0
2009	0
2010	0
2011	0
2012	0
2013	0
2014	1
2015	0
2016	0
2017	0
2018	0
2019	0
2020	0
2021	0
2022	0
2023	1
2024	0
2025	0
2026	0
2027	0
2028	0
2029	0
2030	0
2031	0
2032	0
2033	0
2034	0
2035	0
2036	0
2037	0
2038	0
2039	0
2040	0
2041	0
2042	0
2043	0
2044	0
2045	0
2046	0
2047	0
