0	0
1	0
2	0
3	0
4	0
5	0
6	0
7	0
8	0
9	0
10	196
11	483
12	543
13	569
14	570
15	600
16	532
17	573
18	581
19	660
20	598
21	691
22	835
23	1012
24	1497
25	2533
26	3458
27	3674
28	3173
29	2187
30	1627
31	1286
32	1015
33	768
34	678
35	596
36	576
37	584
38	544
39	611
40	554
41	571
42	591
43	588
44	572
45	600
46	597
47	609
48	623
49	613
50	575
51	614
52	597
53	616
54	582
55	538
56	600
57	572
58	610
59	599
60	603
61	621
62	553
63	580
64	616
65	594
66	577
67	558
68	593
69	575
70	579
71	570
72	587
73	586
74	542
75	585
76	607
77	592
78	614
79	509
80	553
81	585
82	526
83	557
84	557
85	564
86	548
87	528
88	592
89	567
90	590
91	559
92	523
93	597
94	579
95	572
96	535
97	559
98	570
99	531
100	589
101	594
102	564
103	537
104	569
105	603
106	558
107	613
108	528
109	541
110	588
111	602
112	548
113	583
114	572
115	572
116	571
117	559
118	558
119	611
120	589
121	539
122	547
123	552
124	585
125	554
126	642
127	582
128	579
129	626
130	549
131	607
132	636
133	613
134	625
135	631
136	656
137	660
138	649
139	663
140	690
141	700
142	770
143	802
144	818
145	823
146	759
147	792
148	830
149	769
150	844
151	758
152	776
153	820
154	757
155	763
156	775
157	719
158	774
159	743
160	737
161	711
162	718
163	739
164	726
165	713
166	714
167	703
168	674
169	720
170	713
171	645
172	652
173	693
174	696
175	692
176	699
177	700
178	659
179	664
180	669
181	700
182	666
183	661
184	690
185	634
186	637
187	653
188	606
189	605
190	633
191	663
192	646
193	666
194	623
195	614
196	602
197	589
198	646
199	665
200	613
201	642
202	579
203	605
204	619
205	646
206	611
207	623
208	588
209	616
210	607
211	592
212	593
213	581
214	612
215	563
216	620
217	515
218	605
219	570
220	641
221	625
222	596
223	573
224	561
225	592
226	567
227	582
228	596
229	614
230	568
231	585
232	569
233	592
234	605
235	579
236	561
237	566
238	534
239	587
240	562
241	561
242	567
243	578
244	540
245	588
246	580
247	556
248	567
249	554
250	553
251	569
252	503
253	593
254	550
255	579
256	548
257	585
258	546
259	584
260	601
261	555
262	551
263	580
264	535
265	576
266	539
267	539
268	529
269	525
270	558
271	549
272	551
273	523
274	489
275	573
276	540
277	548
278	592
279	552
280	567
281	537
282	550
283	512
284	558
285	574
286	552
287	499
288	543
289	560
290	554
291	547
292	554
293	568
294	574
295	551
296	545
297	535
298	559
299	568
300	565
301	579
302	585
303	546
304	565
305	561
306	580
307	606
308	589
309	554
310	543
311	553
312	551
313	574
314	535
315	597
316	559
317	580
318	607
319	578
320	595
321	641
322	564
323	548
324	557
325	571
326	597
327	599
328	539
329	546
330	537
331	534
332	564
333	551
334	522
335	555
336	529
337	446
338	497
339	451
340	416
341	434
342	408
343	417
344	399
345	376
346	352
347	348
348	327
349	342
350	306
351	314
352	298
353	280
354	283
355	261
356	263
357	243
358	228
359	203
360	231
361	200
362	201
363	182
364	179
365	201
366	179
367	169
368	148
369	175
370	175
371	141
372	139
373	129
374	171
375	154
376	134
377	146
378	127
379	152
380	142
381	111
382	108
383	104
384	108
385	118
386	109
387	126
388	121
389	111
390	97
391	107
392	107
393	92
394	92
395	99
396	107
397	106
398	101
399	100
400	77
401	92
402	91
403	96
404	80
405	85
406	86
407	91
408	105
409	88
410	96
411	75
412	82
413	79
414	91
415	82
416	70
417	88
418	83
419	88
420	76
421	86
422	74
423	72
424	93
425	94
426	83
427	93
428	82
429	79
430	85
431	68
432	94
433	89
434	100
435	98
436	93
437	87
438	97
439	103
440	134
441	112
442	127
443	132
444	133
445	144
446	173
447	206
448	233
449	268
450	323
451	360
452	401
453	449
454	535
455	604
456	680
457	791
458	903
459	1017
460	1177
461	1360
462	1559
463	1643
464	1835
465	2141
466	2277
467	2514
468	2813
469	3050
470	3234
471	3510
472	3758
473	4178
474	4206
475	4776
476	4916
477	5063
478	5474
479	5762
480	5775
481	5890
482	6090
483	6263
484	6196
485	6317
486	6285
487	6259
488	6172
489	6037
490	5933
491	5605
492	5521
493	5257
494	5024
495	4756
496	4494
497	4123
498	3927
499	3542
500	3305
501	2992
502	2710
503	2413
504	2209
505	1936
506	1661
507	1466
508	1285
509	1145
510	994
511	843
512	681
513	643
514	537
515	396
516	348
517	257
518	240
519	203
520	161
521	134
522	101
523	100
524	83
525	60
526	47
527	47
528	44
529	38
530	34
531	31
532	24
533	20
534	13
535	14
536	14
537	21
538	24
539	18
540	20
541	10
542	24
543	14
544	11
545	15
546	15
547	20
548	10
549	18
550	11
551	13
552	21
553	19
554	12
555	23
556	17
557	18
558	10
559	5
560	12
561	9
562	15
563	13
564	9
565	11
566	22
567	14
568	13
569	16
570	15
571	16
572	14
573	13
574	15
575	22
576	14
577	7
578	17
579	12
580	18
581	18
582	13
583	15
584	9
585	12
586	15
587	4
588	9
589	17
590	20
591	11
592	16
593	14
594	11
595	7
596	10
597	9
598	9
599	12
600	13
601	15
602	7
603	10
604	17
605	15
606	16
607	12
608	16
609	11
610	7
611	18
612	13
613	14
614	16
615	12
616	12
617	10
618	12
619	11
620	11
621	12
622	10
623	10
624	9
625	13
626	8
627	13
628	10
629	12
630	13
631	6
632	12
633	11
634	9
635	13
636	9
637	6
638	10
639	8
640	7
641	10
642	5
643	13
644	8
645	6
646	20
647	16
648	9
649	6
650	7
651	5
652	7
653	14
654	6
655	13
656	7
657	12
658	11
659	12
660	12
661	14
662	10
663	11
664	7
665	7
666	9
667	13
668	7
669	10
670	8
671	10
672	14
673	11
674	8
675	6
676	9
677	5
678	4
679	5
680	7
681	4
682	4
683	7
684	6
685	6
686	6
687	9
688	7
689	5
690	12
691	15
692	6
693	6
694	15
695	9
696	9
697	8
698	12
699	3
700	6
701	10
702	6
703	2
704	5
705	8
706	8
707	10
708	1
709	9
710	9
711	5
712	6
713	8
714	7
715	5
716	10
717	6
718	6
719	4
720	7
721	3
722	5
723	10
724	14
725	10
726	3
727	7
728	6
729	6
730	6
731	6
732	7
733	9
734	8
735	2
736	4
737	11
738	6
739	10
740	8
741	4
742	3
743	2
744	7
745	3
746	5
747	3
748	7
749	7
750	8
751	7
752	7
753	10
754	6
755	0
756	8
757	4
758	3
759	4
760	4
761	7
762	7
763	6
764	3
765	2
766	3
767	4
768	8
769	2
770	2
771	8
772	6
773	8
774	12
775	3
776	8
777	4
778	3
779	5
780	6
781	3
782	3
783	5
784	4
785	10
786	10
787	6
788	3
789	7
790	5
791	4
792	7
793	2
794	5
795	6
796	3
797	4
798	5
799	3
800	2
801	5
802	8
803	4
804	8
805	9
806	6
807	3
808	4
809	4
810	1
811	4
812	4
813	2
814	4
815	2
816	5
817	6
818	5
819	1
820	7
821	5
822	6
823	8
824	7
825	2
826	7
827	8
828	6
829	4
830	6
831	6
832	4
833	6
834	5
835	5
836	3
837	5
838	4
839	5
840	1
841	1
842	2
843	7
844	6
845	4
846	5
847	3
848	3
849	3
850	2
851	3
852	3
853	3
854	8
855	4
856	5
857	1
858	7
859	3
860	2
861	4
862	7
863	7
864	5
865	6
866	5
867	1
868	4
869	3
870	1
871	3
872	2
873	3
874	3
875	6
876	3
877	4
878	5
879	2
880	3
881	2
882	3
883	2
884	3
885	4
886	3
887	4
888	3
889	0
890	1
891	4
892	6
893	2
894	5
895	1
896	5
897	3
898	4
899	3
900	4
901	3
902	2
903	3
904	6
905	2
906	4
907	0
908	7
909	1
910	0
911	2
912	2
913	2
914	7
915	1
916	3
917	1
918	2
919	5
920	3
921	5
922	3
923	6
924	8
925	5
926	2
927	3
928	8
929	5
930	6
931	5
932	5
933	5
934	2
935	3
936	4
937	6
938	5
939	8
940	3
941	6
942	6
943	6
944	1
945	3
946	5
947	6
948	6
949	4
950	6
951	3
952	5
953	8
954	4
955	6
956	2
957	3
958	5
959	5
960	7
961	5
962	6
963	2
964	6
965	5
966	5
967	6
968	6
969	6
970	2
971	4
972	7
973	7
974	6
975	7
976	4
977	6
978	6
979	5
980	4
981	5
982	3
983	6
984	8
985	0
986	3
987	2
988	5
989	5
990	1
991	0
992	1
993	2
994	2
995	0
996	2
997	2
998	1
999	3
1000	0
1001	1
1002	1
1003	1
1004	0
1005	2
1006	1
1007	0
1008	0
1009	0
1010	0
1011	1
1012	2
1013	0
1014	0
1015	1
1016	0
1017	0
1018	0
1019	0
1020	0
1021	1
1022	0
1023	0
1024	0
1025	0
1026	0
1027	0
1028	0
1029	0
1030	0
1031	0
1032	0
1033	0
1034	0
1035	0
1036	0
1037	0
1038	0
1039	1
1040	0
1041	0
1042	0
1043	0
1044	0
1045	0
1046	1
1047	1
1048	3
1049	0
1050	0
1051	0
1052	0
1053	0
1054	0
1055	0
1056	0
1057	0
1058	0
1059	0
1060	0
1061	0
1062	1
1063	0
1064	0
1065	0
1066	1
1067	0
1068	0
1069	1
1070	0
1071	0
1072	1
1073	0
1074	0
1075	0
1076	0
1077	0
1078	0
1079	0
1080	0
1081	0
1082	0
1083	0
1084	0
1085	0
1086	0
1087	0
1088	0
1089	0
1090	1
1091	0
1092	0
1093	0
1094	0
1095	0
1096	0
1097	0
1098	0
1099	0
1100	0
1101	0
1102	0
1103	0
1104	0
1105	0
1106	0
1107	0
1108	0
1109	0
1110	0
1111	0
1112	1
1113	0
1114	1
1115	0
1116	0
1117	0
1118	0
1119	0
1120	0
1121	0
1122	0
1123	0
1124	0
1125	0
1126	0
1127	0
1128	0
1129	0
1130	0
1131	0
1132	0
1133	0
1134	0
1135	0
1136	0
1137	0
1138	0
1139	0
1140	0
1141	0
1142	0
1143	0
1144	0
1145	0
1146	0
1147	0
1148	0
1149	0
1150	0
1151	0
1152	0
1153	0
1154	0
1155	0
1156	0
1157	0
1158	0
1159	0
1160	0
1161	0
1162	1
1163	0
1164	1
1165	0
1166	0
1167	0
1168	1
1169	0
1170	1
1171	0
1172	0
1173	1
1174	0
1175	0
1176	0
1177	0
1178	0
1179	0
1180	0
1181	0
1182	0
1183	0
1184	0
1185	0
1186	0
1187	0
1188	0
1189	0
1190	0
1191	0
1192	0
1193	0
1194	0
1195	0
1196	0
1197	0
1198	0
1199	0
1200	0
1201	0
1202	0
1203	0
1204	0
1205	0
1206	0
1207	0
1208	0
1209	0
1210	0
1211	0
1212	0
1213	0
1214	0
1215	0
1216	0
1217	0
1218	0
1219	0
1220	0
1221	0
1222	0
1223	0
1224	0
1225	0
1226	0
1227	0
1228	0
1229	0
1230	0
1231	1
1232	0
1233	0
1234	0
1235	0
1236	0
1237	0
1238	0
1239	0
1240	0
1241	1
1242	0
1243	0
1244	0
1245	0
1246	0
1247	0
1248	0
1249	0
1250	0
1251	0
1252	0
1253	0
1254	0
1255	0
1256	0
1257	0
1258	0
1259	0
1260	0
1261	0
1262	0
1263	0
1264	0
1265	1
1266	0
1267	0
1268	0
1269	0
1270	1
1271	0
1272	0
1273	0
1274	0
1275	0
1276	0
1277	0
1278	1
1279	0
1280	0
1281	0
1282	0
1283	0
1284	0
1285	0
1286	0
1287	0
1288	0
1289	0
1290	0
1291	0
1292	0
1293	0
1294	0
1295	0
1296	0
1297	0
1298	0
1299	0
1300	0
1301	0
1302	0
1303	0
1304	0
1305	0
1306	0
1307	1
1308	0
1309	0
1310	0
1311	0
1312	0
1313	0
1314	0
1315	0
1316	0
1317	0
1318	0
1319	0
1320	0
1321	0
1322	0
1323	0
1324	0
1325	0
1326	0
1327	0
1328	0
1329	0
1330	0
1331	0
1332	0
1333	0
1334	0
1335	0
1336	0
1337	0
1338	0
1339	0
1340	0
1341	1
1342	0
1343	0
1344	0
1345	0
1346	0
1347	0
1348	0
1349	0
1350	1
1351	0
1352	0
1353	0
1354	0
1355	1
1356	0
1357	0
1358	0
1359	0
1360	0
1361	0
1362	1
1363	0
1364	0
1365	0
1366	0
1367	0
1368	0
1369	0
1370	1
1371	0
1372	0
1373	0
1374	0
1375	0
1376	0
1377	0
1378	0
1379	2
1380	0
1381	0
1382	0
1383	0
1384	0
1385	0
1386	0
1387	0
1388	0
1389	0
1390	0
1391	0
1392	0
1393	0
1394	0
1395	0
1396	0
1397	0
1398	0
1399	0
1400	0
1401	0
1402	0
1403	0
1404	0
1405	0
1406	0
1407	0
1408	0
1409	0
1410	1
1411	1
1412	0
1413	0
1414	0
1415	0
1416	0
1417	0
1418	0
1419	0
1420	0
1421	0
1422	0
1423	0
1424	0
1425	0
1426	0
1427	0
1428	0
1429	0
1430	0
1431	0
1432	0
1433	0
1434	0
1435	0
1436	0
1437	0
1438	0
1439	0
1440	0
1441	0
1442	0
1443	0
1444	1
1445	0
1446	0
1447	0
1448	0
1449	0
1450	0
1451	0
1452	0
1453	0
1454	0
1455	0
1456	0
1457	0
1458	0
1459	1
1460	0
1461	0
1462	0
1463	0
1464	0
1465	0
1466	0
1467	0
1468	0
1469	0
1470	0
1471	0
1472	0
1473	1
1474	0
1475	0
1476	0
1477	0
1478	0
1479	0
1480	0
1481	0
1482	0
1483	0
1484	0
1485	0
1486	0
1487	0
1488	1
1489	0
1490	0
1491	0
1492	0
1493	0
1494	0
1495	1
1496	0
1497	0
1498	0
1499	0
1500	0
1501	0
1502	0
1503	0
1504	0
1505	0
1506	0
1507	0
1508	1
1509	1
1510	0
1511	0
1512	0
1513	0
1514	0
1515	0
1516	0
1517	0
1518	0
1519	0
1520	0
1521	0
1522	0
1523	0
1524	0
1525	0
1526	0
1527	0
1528	0
1529	0
1530	0
1531	0
1532	0
1533	0
1534	0
1535	0
1536	0
1537	0
1538	0
1539	0
1540	0
1541	1
1542	0
1543	0
1544	0
1545	0
1546	0
1547	0
1548	0
1549	0
1550	0
1551	0
1552	0
1553	0
1554	0
1555	0
1556	0
1557	0
1558	0
1559	0
1560	0
1561	0
1562	0
1563	0
1564	1
1565	0
1566	0
1567	0
1568	0
1569	0
1570	0
1571	0
1572	0
1573	0
1574	0
1575	0
1576	0
1577	0
1578	0
1579	0
1580	0
1581	0
1582	0
1583	0
1584	0
1585	0
1586	0
1587	0
1588	0
1589	0
1590	0
1591	0
1592	0
1593	0
1594	0
1595	0
1596	0
1597	0
1598	0
1599	0
1600	0
1601	0
1602	0
1603	0
1604	0
1605	0
1606	0
1607	0
1608	0
1609	0
1610	0
1611	0
1612	0
1613	0
1614	0
1615	0
1616	0
1617	0
1618	0
1619	0
1620	0
1621	0
1622	0
1623	0
1624	0
1625	1
1626	0
1627	0
1628	0
1629	0
1630	0
1631	0
1632	0
1633	0
1634	0
1635	0
1636	0
1637	0
1638	0
1639	0
1640	0
1641	0
1642	0
1643	0
1644	0
1645	0
1646	0
1647	0
1648	0
1649	0
1650	0
1651	0
1652	0
1653	0
1654	0
1655	0
1656	0
1657	0
1658	0
1659	0
1660	0
1661	0
1662	0
1663	0
1664	0
1665	0
1666	0
1667	0
1668	0
1669	0
1670	0
1671	0
1672	0
1673	0
1674	0
1675	0
1676	0
1677	0
1678	0
1679	0
1680	0
1681	0
1682	0
1683	0
1684	0
1685	0
1686	0
1687	0
1688	0
1689	0
1690	0
1691	0
1692	0
1693	0
1694	0
1695	0
1696	0
1697	0
1698	0
1699	0
1700	0
1701	0
1702	0
1703	0
1704	0
1705	0
1706	0
1707	0
1708	0
1709	0
1710	0
1711	0
1712	0
1713	0
1714	0
1715	0
1716	0
1717	0
1718	0
1719	0
1720	0
1721	0
1722	0
1723	0
1724	0
1725	0
1726	0
1727	0
1728	0
1729	0
1730	0
1731	0
1732	0
1733	0
1734	0
1735	0
1736	1
1737	0
1738	0
1739	0
1740	0
1741	0
1742	0
1743	0
1744	0
1745	0
1746	0
1747	0
1748	0
1749	0
1750	1
1751	0
1752	0
1753	0
1754	0
1755	0
1756	0
1757	0
1758	0
1759	0
1760	0
1761	0
1762	0
1763	0
1764	0
1765	0
1766	0
1767	0
1768	0
1769	0
1770	0
1771	0
1772	0
1773	0
1774	0
1775	0
1776	0
1777	0
1778	0
1779	0
1780	0
1781	0
1782	0
1783	0
1784	0
1785	0
1786	0
1787	0
1788	0
1789	0
1790	0
1791	0
1792	0
1793	0
1794	0
1795	0
1796	0
1797	0
1798	0
1799	0
1800	0
1801	0
1802	0
1803	0
1804	0
1805	1
1806	0
1807	0
1808	0
1809	0
1810	0
1811	0
1812	0
1813	0
1814	0
1815	0
1816	0
1817	0
1818	0
1819	0
1820	0
1821	0
1822	0
1823	0
1824	0
1825	0
1826	0
1827	0
1828	0
1829	1
1830	0
1831	0
1832	0
1833	0
1834	0
1835	0
1836	0
1837	0
1838	0
1839	0
1840	0
1841	0
1842	0
1843	0
1844	1
1845	0
1846	0
1847	0
1848	0
1849	0
1850	0
1851	0
1852	0
1853	0
1854	0
1855	0
1856	0
1857	0
1858	0
1859	0
1860	0
1861	1
1862	0
1863	0
1864	0
1865	0
1866	0
1867	0
1868	0
1869	0
1870	0
1871	0
1872	0
1873	0
1874	0
1875	0
1876	0
1877	0
1878	0
1879	0
1880	0
1881	0
1882	1
1883	0
1884	1
1885	0
1886	0
1887	0
1888	0
1889	0
1890	0
1891	0
1892	0
1893	0
1894	0
1895	0
1896	0
1897	0
1898	0
1899	0
1900	0
1901	0
1902	1
1903	0
1904	0
1905	0
1906	0
1907	0
1908	0
1909	0
1910	0
1911	0
1912	0
1913	0
1914	0
1915	0
1916	0
1917	0
1918	0
1919	0
1920	0
1921	1
1922	0
1923	0
1924	0
1925	0
1926	0
1927	0
1928	0
1929	0
1930	0
1931	0
1932	0
1933	0
1934	0
1935	0
1936	0
1937	0
1938	0
1939	0
1940	0
1941	0
1942	0
1943	0
1944	0
1945	0
1946	0
1947	0
1948	0
1949	0
1950	0
1951	0
1952	0
1953	0
1954	0
1955	0
1956	0
1957	0
1958	0
1959	0
1960	0
1961	0
1962	0
1963	0
1964	0
1965	0
1966	0
1967	0
1968	0
1969	0
1970	0
1971	1
1972	0
1973	0
1974	0
1975	0
1976	0
1977	0
1978	0
1979	0
1980	0
1981	0
1982	0
1983	0
1984	0
1985	0
1986	0
1987	0
1988	0
1989	0
1990	0
1991	0
1992	0
1993	0
1994	0
1995	0
1996	0
1997	0
1998	0
1999	0
2000	0
2001	0
2002	0
2003	0
2004	0
2005	0
2006	0
2007	0
2008	0
2009	0
2010	0
2011	0
2012	0
2013	0
2014	0
2015	0
2016	0
2017	0
2018	0
2019	0
2020	0
2021	0
2022	0
2023	0
2024	0
2025	0
2026	0
2027	0
2028	0
2029	0
2030	0
2031	0
2032	0
2033	0
2034	0
2035	0
2036	0
2037	0
2038	0
2039	0
2040	0
2041	1
2042	0
2043	0
2044	0
2045	0
2046	0
2047	0
