0	0
1	0
2	0
3	0
4	0
5	0
6	0
7	0
8	0
9	0
10	111
11	248
12	251
13	249
14	228
15	258
16	231
17	260
18	225
19	248
20	242
21	248
22	230
23	250
24	260
25	254
26	257
27	280
28	261
29	276
30	271
31	254
32	256
33	271
34	242
35	257
36	275
37	269
38	276
39	249
40	277
41	276
42	258
43	250
44	278
45	276
46	281
47	266
48	281
49	295
50	312
51	256
52	254
53	240
54	269
55	263
56	283
57	256
58	275
59	265
60	253
61	259
62	254
63	249
64	265
65	264
66	271
67	268
68	268
69	234
70	261
71	271
72	258
73	261
74	285
75	243
76	257
77	252
78	254
79	259
80	253
81	247
82	261
83	270
84	277
85	277
86	260
87	272
88	262
89	239
90	262
91	254
92	285
93	290
94	268
95	248
96	235
97	246
98	240
99	257
100	257
101	260
102	238
103	284
104	257
105	261
106	269
107	280
108	261
109	248
110	267
111	262
112	244
113	272
114	225
115	268
116	252
117	279
118	264
119	264
120	256
121	266
122	245
123	261
124	261
125	289
126	278
127	286
128	288
129	286
130	310
131	315
132	315
133	310
134	308
135	309
136	302
137	303
138	346
139	308
140	315
141	341
142	334
143	333
144	313
145	318
146	316
147	361
148	328
149	325
150	323
151	330
152	305
153	331
154	327
155	288
156	298
157	320
158	256
159	283
160	291
161	300
162	297
163	311
164	336
165	319
166	334
167	292
168	316
169	310
170	306
171	302
172	296
173	269
174	310
175	286
176	289
177	298
178	284
179	293
180	291
181	308
182	282
183	278
184	285
185	283
186	293
187	315
188	273
189	275
190	299
191	288
192	303
193	287
194	294
195	249
196	270
197	290
198	283
199	286
200	269
201	278
202	276
203	267
204	303
205	295
206	268
207	301
208	309
209	283
210	281
211	257
212	302
213	262
214	285
215	264
216	327
217	281
218	248
219	275
220	297
221	303
222	266
223	304
224	285
225	252
226	296
227	282
228	287
229	285
230	289
231	297
232	296
233	295
234	310
235	266
236	302
237	253
238	303
239	251
240	260
241	262
242	267
243	257
244	227
245	248
246	211
247	205
248	202
249	213
250	219
251	189
252	203
253	181
254	161
255	145
256	161
257	174
258	164
259	152
260	137
261	138
262	126
263	136
264	142
265	138
266	129
267	153
268	146
269	133
270	130
271	126
272	151
273	114
274	113
275	116
276	106
277	114
278	114
279	120
280	119
281	105
282	118
283	92
284	125
285	128
286	119
287	97
288	116
289	112
290	110
291	131
292	101
293	105
294	126
295	113
296	94
297	105
298	105
299	86
300	99
301	102
302	107
303	96
304	111
305	98
306	101
307	100
308	85
309	82
310	96
311	117
312	99
313	93
314	101
315	102
316	99
317	101
318	109
319	118
320	113
321	116
322	98
323	85
324	97
325	106
326	103
327	107
328	107
329	114
330	109
331	83
332	104
333	109
334	119
335	105
336	106
337	138
338	131
339	117
340	133
341	125
342	119
343	151
344	152
345	194
346	183
347	237
348	256
349	283
350	347
351	388
352	403
353	514
354	551
355	670
356	726
357	834
358	974
359	1101
360	1168
361	1297
362	1468
363	1577
364	1793
365	1858
366	2072
367	2204
368	2393
369	2557
370	2635
371	2712
372	2883
373	3007
374	2986
375	3163
376	3210
377	3183
378	3202
379	3110
380	3052
381	2975
382	2866
383	2829
384	2613
385	2537
386	2333
387	2186
388	1973
389	1885
390	1614
391	1500
392	1336
393	1154
394	1047
395	938
396	751
397	670
398	594
399	498
400	404
401	366
402	290
403	243
404	218
405	166
406	156
407	144
408	124
409	132
410	105
411	102
412	84
413	80
414	80
415	74
416	102
417	83
418	102
419	67
420	88
421	77
422	87
423	63
424	92
425	75
426	76
427	85
428	72
429	81
430	80
431	84
432	81
433	82
434	93
435	88
436	63
437	75
438	75
439	65
440	78
441	75
442	69
443	83
444	78
445	82
446	74
447	73
448	82
449	87
450	68
451	81
452	64
453	81
454	78
455	56
456	87
457	79
458	79
459	87
460	73
461	77
462	87
463	89
464	80
465	71
466	62
467	81
468	78
469	80
470	67
471	62
472	82
473	60
474	79
475	80
476	85
477	80
478	78
479	79
480	77
481	74
482	78
483	54
484	79
485	67
486	81
487	79
488	71
489	79
490	89
491	78
492	82
493	81
494	73
495	73
496	77
497	86
498	77
499	98
500	69
501	65
502	88
503	93
504	85
505	72
506	78
507	81
508	67
509	102
510	89
511	100
512	105
513	106
514	82
515	91
516	98
517	98
518	92
519	71
520	85
521	88
522	104
523	80
524	75
525	87
526	88
527	87
528	77
529	109
530	80
531	102
532	87
533	83
534	105
535	81
536	105
537	85
538	104
539	112
540	75
541	74
542	92
543	76
544	85
545	73
546	84
547	92
548	113
549	95
550	110
551	92
552	79
553	89
554	75
555	84
556	89
557	93
558	90
559	83
560	76
561	83
562	71
563	100
564	81
565	84
566	95
567	90
568	86
569	87
570	81
571	78
572	98
573	86
574	104
575	106
576	88
577	91
578	90
579	92
580	86
581	79
582	84
583	99
584	98
585	82
586	85
587	78
588	81
589	81
590	80
591	84
592	89
593	94
594	79
595	95
596	80
597	83
598	73
599	80
600	89
601	79
602	71
603	82
604	86
605	90
606	91
607	71
608	89
609	77
610	75
611	69
612	79
613	80
614	75
615	72
616	94
617	86
618	78
619	78
620	86
621	102
622	69
623	70
624	87
625	74
626	87
627	73
628	78
629	76
630	73
631	73
632	79
633	78
634	70
635	64
636	92
637	83
638	74
639	67
640	91
641	73
642	64
643	88
644	63
645	76
646	96
647	73
648	69
649	79
650	77
651	83
652	85
653	74
654	82
655	87
656	80
657	81
658	59
659	73
660	82
661	62
662	86
663	74
664	68
665	78
666	87
667	80
668	90
669	85
670	100
671	75
672	88
673	85
674	78
675	78
676	86
677	86
678	72
679	84
680	76
681	78
682	71
683	74
684	79
685	72
686	73
687	74
688	75
689	85
690	92
691	85
692	85
693	81
694	85
695	87
696	74
697	79
698	65
699	78
700	70
701	71
702	72
703	72
704	76
705	80
706	75
707	82
708	82
709	75
710	73
711	73
712	75
713	89
714	82
715	77
716	74
717	72
718	89
719	76
720	84
721	83
722	66
723	91
724	72
725	93
726	52
727	76
728	76
729	82
730	71
731	77
732	65
733	65
734	88
735	97
736	83
737	68
738	77
739	76
740	71
741	64
742	70
743	64
744	77
745	72
746	55
747	67
748	70
749	64
750	63
751	70
752	59
753	74
754	81
755	61
756	73
757	68
758	66
759	71
760	78
761	65
762	63
763	62
764	69
765	64
766	53
767	52
768	60
769	54
770	50
771	72
772	52
773	56
774	61
775	61
776	65
777	66
778	54
779	53
780	52
781	52
782	54
783	44
784	40
785	57
786	55
787	51
788	34
789	63
790	40
791	62
792	46
793	49
794	45
795	40
796	54
797	56
798	41
799	45
800	56
801	45
802	58
803	44
804	41
805	47
806	56
807	49
808	40
809	48
810	51
811	44
812	41
813	38
814	35
815	39
816	45
817	43
818	37
819	49
820	47
821	39
822	43
823	45
824	41
825	49
826	43
827	41
828	40
829	50
830	41
831	37
832	53
833	47
834	40
835	55
836	40
837	49
838	61
839	52
840	42
841	51
842	39
843	47
844	28
845	56
846	33
847	36
848	46
849	46
850	62
851	55
852	61
853	44
854	50
855	46
856	47
857	41
858	50
859	43
860	44
861	36
862	54
863	45
864	47
865	52
866	49
867	51
868	48
869	61
870	49
871	51
872	68
873	62
874	73
875	73
876	68
877	89
878	76
879	82
880	96
881	88
882	92
883	107
884	106
885	113
886	118
887	136
888	148
889	145
890	129
891	158
892	174
893	179
894	168
895	184
896	197
897	205
898	225
899	201
900	238
901	237
902	235
903	274
904	243
905	291
906	288
907	284
908	287
909	300
910	273
911	300
912	309
913	286
914	319
915	274
916	277
917	271
918	280
919	310
920	262
921	298
922	287
923	281
924	295
925	302
926	228
927	268
928	236
929	259
930	250
931	232
932	235
933	231
934	193
935	201
936	202
937	163
938	188
939	186
940	152
941	161
942	144
943	145
944	137
945	131
946	118
947	95
948	108
949	113
950	120
951	105
952	96
953	83
954	86
955	90
956	82
957	76
958	67
959	70
960	71
961	75
962	74
963	72
964	70
965	64
966	62
967	75
968	62
969	63
970	55
971	58
972	61
973	48
974	51
975	54
976	68
977	61
978	49
979	61
980	57
981	59
982	59
983	56
984	50
985	62
986	53
987	56
988	62
989	59
990	66
991	58
992	63
993	55
994	67
995	60
996	53
997	65
998	51
999	56
1000	60
1001	61
1002	43
1003	60
1004	50
1005	65
1006	55
1007	60
1008	46
1009	78
1010	61
1011	52
1012	61
1013	57
1014	48
1015	47
1016	61
1017	45
1018	53
1019	56
1020	60
1021	62
1022	57
1023	52
1024	52
1025	53
1026	51
1027	56
1028	54
1029	58
1030	61
1031	51
1032	60
1033	57
1034	51
1035	48
1036	60
1037	60
1038	54
1039	56
1040	68
1041	57
1042	54
1043	47
1044	62
1045	60
1046	54
1047	55
1048	51
1049	59
1050	66
1051	49
1052	49
1053	58
1054	56
1055	60
1056	57
1057	64
1058	62
1059	64
1060	59
1061	64
1062	64
1063	54
1064	73
1065	56
1066	61
1067	59
1068	57
1069	57
1070	62
1071	58
1072	58
1073	57
1074	58
1075	47
1076	55
1077	67
1078	59
1079	58
1080	62
1081	61
1082	80
1083	58
1084	51
1085	51
1086	49
1087	57
1088	68
1089	66
1090	58
1091	43
1092	67
1093	54
1094	60
1095	50
1096	51
1097	55
1098	68
1099	49
1100	63
1101	52
1102	64
1103	56
1104	57
1105	54
1106	59
1107	57
1108	68
1109	65
1110	44
1111	42
1112	55
1113	54
1114	63
1115	51
1116	59
1117	37
1118	56
1119	46
1120	58
1121	60
1122	44
1123	63
1124	54
1125	48
1126	39
1127	49
1128	41
1129	56
1130	47
1131	40
1132	49
1133	46
1134	45
1135	40
1136	51
1137	33
1138	47
1139	40
1140	41
1141	30
1142	34
1143	42
1144	37
1145	46
1146	36
1147	47
1148	44
1149	31
1150	39
1151	35
1152	34
1153	39
1154	32
1155	40
1156	31
1157	22
1158	25
1159	40
1160	27
1161	34
1162	35
1163	30
1164	28
1165	32
1166	24
1167	23
1168	30
1169	31
1170	37
1171	22
1172	27
1173	24
1174	23
1175	24
1176	22
1177	19
1178	19
1179	28
1180	21
1181	30
1182	13
1183	16
1184	20
1185	15
1186	22
1187	11
1188	14
1189	16
1190	24
1191	18
1192	14
1193	26
1194	14
1195	16
1196	22
1197	19
1198	10
1199	10
1200	12
1201	15
1202	13
1203	14
1204	13
1205	11
1206	11
1207	12
1208	10
1209	17
1210	6
1211	8
1212	17
1213	14
1214	10
1215	12
1216	12
1217	9
1218	13
1219	10
1220	8
1221	5
1222	11
1223	11
1224	10
1225	5
1226	12
1227	8
1228	14
1229	11
1230	12
1231	10
1232	12
1233	16
1234	11
1235	15
1236	18
1237	15
1238	15
1239	25
1240	12
1241	23
1242	22
1243	22
1244	14
1245	27
1246	32
1247	28
1248	19
1249	22
1250	21
1251	36
1252	23
1253	23
1254	26
1255	38
1256	35
1257	45
1258	37
1259	40
1260	52
1261	61
1262	59
1263	55
1264	61
1265	66
1266	82
1267	76
1268	95
1269	101
1270	81
1271	80
1272	101
1273	91
1274	101
1275	108
1276	107
1277	135
1278	112
1279	141
1280	117
1281	137
1282	147
1283	137
1284	146
1285	134
1286	174
1287	173
1288	175
1289	154
1290	156
1291	198
1292	172
1293	155
1294	199
1295	206
1296	185
1297	182
1298	178
1299	150
1300	173
1301	175
1302	146
1303	170
1304	165
1305	164
1306	146
1307	159
1308	140
1309	181
1310	167
1311	140
1312	153
1313	104
1314	118
1315	117
1316	117
1317	113
1318	105
1319	124
1320	115
1321	106
1322	83
1323	78
1324	76
1325	92
1326	88
1327	68
1328	63
1329	86
1330	55
1331	55
1332	54
1333	46
1334	52
1335	46
1336	44
1337	36
1338	40
1339	23
1340	39
1341	21
1342	24
1343	15
1344	22
1345	20
1346	19
1347	14
1348	14
1349	10
1350	9
1351	10
1352	10
1353	6
1354	5
1355	4
1356	12
1357	5
1358	6
1359	3
1360	8
1361	3
1362	6
1363	2
1364	2
1365	1
1366	2
1367	5
1368	5
1369	1
1370	1
1371	2
1372	4
1373	2
1374	1
1375	1
1376	2
1377	1
1378	0
1379	1
1380	1
1381	1
1382	3
1383	1
1384	3
1385	1
1386	2
1387	1
1388	1
1389	0
1390	0
1391	1
1392	3
1393	1
1394	0
1395	0
1396	2
1397	0
1398	4
1399	1
1400	1
1401	1
1402	4
1403	1
1404	0
1405	3
1406	1
1407	0
1408	0
1409	1
1410	2
1411	2
1412	1
1413	1
1414	6
1415	0
1416	1
1417	0
1418	2
1419	4
1420	0
1421	3
1422	1
1423	0
1424	1
1425	3
1426	1
1427	1
1428	4
1429	2
1430	4
1431	1
1432	3
1433	6
1434	5
1435	2
1436	2
1437	0
1438	1
1439	4
1440	3
1441	2
1442	1
1443	1
1444	2
1445	2
1446	4
1447	2
1448	3
1449	0
1450	5
1451	5
1452	2
1453	1
1454	1
1455	4
1456	4
1457	1
1458	2
1459	1
1460	1
1461	2
1462	0
1463	2
1464	1
1465	2
1466	1
1467	2
1468	2
1469	4
1470	0
1471	3
1472	3
1473	3
1474	0
1475	1
1476	3
1477	0
1478	1
1479	1
1480	1
1481	0
1482	1
1483	0
1484	1
1485	0
1486	1
1487	1
1488	0
1489	0
1490	0
1491	3
1492	1
1493	2
1494	1
1495	0
1496	1
1497	1
1498	0
1499	1
1500	0
1501	0
1502	2
1503	1
1504	1
1505	1
1506	1
1507	0
1508	0
1509	1
1510	1
1511	4
1512	1
1513	2
1514	2
1515	1
1516	3
1517	2
1518	1
1519	0
1520	0
1521	0
1522	2
1523	1
1524	0
1525	1
1526	1
1527	0
1528	0
1529	0
1530	1
1531	1
1532	1
1533	0
1534	0
1535	2
1536	0
1537	0
1538	2
1539	1
1540	3
1541	0
1542	1
1543	1
1544	0
1545	0
1546	0
1547	0
1548	1
1549	1
1550	0
1551	1
1552	1
1553	0
1554	0
1555	0
1556	0
1557	1
1558	1
1559	0
1560	0
1561	1
1562	1
1563	0
1564	0
1565	1
1566	1
1567	1
1568	1
1569	1
1570	2
1571	1
1572	0
1573	1
1574	1
1575	0
1576	0
1577	0
1578	0
1579	0
1580	0
1581	0
1582	0
1583	0
1584	1
1585	0
1586	0
1587	1
1588	2
1589	1
1590	1
1591	0
1592	0
1593	0
1594	1
1595	0
1596	0
1597	1
1598	1
1599	0
1600	1
1601	1
1602	0
1603	0
1604	0
1605	0
1606	0
1607	1
1608	0
1609	0
1610	0
1611	1
1612	0
1613	0
1614	0
1615	0
1616	0
1617	0
1618	0
1619	0
1620	0
1621	0
1622	1
1623	0
1624	0
1625	0
1626	0
1627	0
1628	0
1629	1
1630	0
1631	1
1632	1
1633	0
1634	1
1635	0
1636	0
1637	0
1638	1
1639	0
1640	0
1641	1
1642	0
1643	0
1644	0
1645	1
1646	0
1647	0
1648	0
1649	0
1650	0
1651	0
1652	1
1653	0
1654	0
1655	0
1656	0
1657	0
1658	0
1659	1
1660	1
1661	1
1662	1
1663	1
1664	0
1665	0
1666	0
1667	0
1668	0
1669	1
1670	2
1671	0
1672	1
1673	0
1674	0
1675	0
1676	0
1677	0
1678	0
1679	0
1680	0
1681	0
1682	0
1683	1
1684	0
1685	0
1686	1
1687	0
1688	0
1689	0
1690	0
1691	0
1692	0
1693	0
1694	0
1695	1
1696	0
1697	1
1698	0
1699	1
1700	0
1701	0
1702	0
1703	0
1704	0
1705	0
1706	0
1707	0
1708	0
1709	0
1710	0
1711	1
1712	0
1713	0
1714	0
1715	0
1716	0
1717	0
1718	0
1719	0
1720	0
1721	0
1722	0
1723	0
1724	0
1725	0
1726	1
1727	1
1728	1
1729	0
1730	0
1731	0
1732	0
1733	0
1734	0
1735	0
1736	0
1737	0
1738	0
1739	0
1740	0
1741	0
1742	0
1743	0
1744	0
1745	0
1746	0
1747	0
1748	0
1749	1
1750	0
1751	0
1752	0
1753	0
1754	1
1755	0
1756	0
1757	0
1758	0
1759	0
1760	0
1761	0
1762	0
1763	2
1764	0
1765	0
1766	0
1767	0
1768	0
1769	0
1770	0
1771	0
1772	0
1773	1
1774	0
1775	0
1776	0
1777	0
1778	0
1779	0
1780	0
1781	2
1782	0
1783	0
1784	0
1785	0
1786	0
1787	1
1788	0
1789	0
1790	0
1791	1
1792	1
1793	0
1794	1
1795	0
1796	0
1797	0
1798	0
1799	0
1800	0
1801	0
1802	0
1803	0
1804	1
1805	0
1806	0
1807	0
1808	0
1809	0
1810	0
1811	0
1812	0
1813	0
1814	0
1815	0
1816	0
1817	0
1818	0
1819	0
1820	0
1821	1
1822	0
1823	0
1824	0
1825	0
1826	0
1827	0
1828	0
1829	0
1830	0
1831	0
1832	0
1833	0
1834	0
1835	0
1836	0
1837	1
1838	0
1839	0
1840	0
1841	0
1842	1
1843	1
1844	0
1845	2
1846	0
1847	0
1848	0
1849	0
1850	1
1851	1
1852	0
1853	0
1854	0
1855	0
1856	0
1857	0
1858	0
1859	0
1860	0
1861	0
1862	0
1863	0
1864	0
1865	0
1866	0
1867	1
1868	0
1869	0
1870	0
1871	1
1872	0
1873	0
1874	0
1875	0
1876	0
1877	0
1878	0
1879	0
1880	1
1881	0
1882	0
1883	0
1884	0
1885	0
1886	0
1887	0
1888	0
1889	0
1890	0
1891	0
1892	0
1893	0
1894	0
1895	0
1896	0
1897	0
1898	0
1899	0
1900	0
1901	0
1902	0
1903	0
1904	0
1905	0
1906	0
1907	0
1908	0
1909	0
1910	0
1911	1
1912	0
1913	0
1914	0
1915	0
1916	0
1917	0
1918	0
1919	0
1920	0
1921	0
1922	0
1923	0
1924	0
1925	0
1926	0
1927	0
1928	0
1929	0
1930	0
1931	0
1932	0
1933	0
1934	0
1935	0
1936	0
1937	0
1938	0
1939	0
1940	0
1941	0
1942	0
1943	0
1944	0
1945	0
1946	0
1947	0
1948	0
1949	0
1950	0
1951	0
1952	0
1953	0
1954	0
1955	0
1956	0
1957	0
1958	0
1959	0
1960	0
1961	0
1962	0
1963	0
1964	1
1965	0
1966	1
1967	0
1968	0
1969	0
1970	0
1971	0
1972	1
1973	0
1974	0
1975	0
1976	0
1977	0
1978	0
1979	0
1980	0
1981	0
1982	0
1983	0
1984	0
1985	0
1986	0
1987	0
1988	0
1989	0
1990	0
1991	0
1992	0
1993	0
1994	0
1995	0
1996	0
1997	0
1998	0
1999	0
2000	0
2001	0
2002	0
2003	0
2004	0
2005	0
2006	0
2007	0
2008	0
2009	0
2010	0
2011	0
2012	0
2013	0
2014	0
2015	0
2016	0
2017	0
2018	0
2019	0
2020	0
2021	0
2022	0
2023	0
2024	0
2025	0
2026	0
2027	0
2028	0
2029	0
2030	0
2031	0
2032	0
2033	0
2034	0
2035	0
2036	0
2037	0
2038	0
2039	0
2040	0
2041	0
2042	0
2043	0
2044	0
2045	0
2046	0
2047	0
