0	0
1	0
2	0
3	0
4	0
5	0
6	0
7	0
8	0
9	0
10	33
11	52
12	73
13	80
14	99
15	154
16	354
17	828
18	1478
19	1525
20	1128
21	710
22	342
23	153
24	31
25	12
26	8
27	5
28	7
29	8
30	18
31	12
32	8
33	6
34	14
35	6
36	9
37	12
38	9
39	13
40	9
41	13
42	15
43	21
44	32
45	35
46	43
47	41
48	35
49	25
50	23
51	21
52	15
53	25
54	26
55	31
56	27
57	22
58	33
59	45
60	30
61	24
62	42
63	46
64	56
65	90
66	98
67	181
68	212
69	290
70	322
71	334
72	351
73	248
74	172
75	106
76	59
77	30
78	15
79	7
80	4
81	9
82	5
83	2
84	6
85	8
86	10
87	7
88	6
89	8
90	4
91	5
92	4
93	10
94	9
95	8
96	5
97	10
98	5
99	8
100	9
101	7
102	2
103	4
104	7
105	2
106	5
107	13
108	5
109	6
110	9
111	9
112	10
113	2
114	8
115	4
116	4
117	9
118	4
119	2
120	8
121	6
122	11
123	9
124	6
125	4
126	3
127	6
128	5
129	13
130	2
131	3
132	2
133	5
134	3
135	5
136	10
137	6
138	6
139	3
140	3
141	3
142	5
143	3
144	3
145	3
146	5
147	5
148	9
149	4
150	11
151	4
152	7
153	3
154	3
155	7
156	4
157	7
158	6
159	3
160	3
161	3
162	9
163	9
164	6
165	3
166	6
167	2
168	5
169	7
170	6
171	3
172	3
173	9
174	4
175	4
176	8
177	5
178	4
179	4
180	7
181	7
182	2
183	2
184	7
185	1
186	4
187	4
188	8
189	4
190	4
191	8
192	2
193	1
194	7
195	5
196	4
197	5
198	2
199	4
200	2
201	4
202	4
203	5
204	4
205	3
206	4
207	6
208	4
209	6
210	4
211	4
212	4
213	3
214	4
215	4
216	2
217	2
218	2
219	4
220	4
221	1
222	6
223	1
224	3
225	1
226	5
227	3
228	4
229	4
230	2
231	6
232	5
233	2
234	2
235	2
236	2
237	3
238	4
239	2
240	1
241	5
242	3
243	1
244	1
245	1
246	4
247	0
248	2
249	3
250	3
251	3
252	3
253	3
254	3
255	2
256	3
257	4
258	1
259	2
260	1
261	2
262	4
263	1
264	2
265	2
266	5
267	1
268	5
269	2
270	3
271	2
272	0
273	3
274	4
275	1
276	4
277	2
278	4
279	0
280	2
281	1
282	0
283	2
284	4
285	2
286	1
287	1
288	2
289	1
290	0
291	3
292	1
293	4
294	4
295	1
296	3
297	3
298	3
299	4
300	5
301	1
302	1
303	0
304	0
305	0
306	1
307	3
308	0
309	3
310	1
311	2
312	3
313	3
314	2
315	0
316	3
317	0
318	1
319	4
320	1
321	0
322	1
323	2
324	0
325	1
326	1
327	3
328	2
329	1
330	1
331	3
332	3
333	0
334	1
335	0
336	4
337	1
338	3
339	2
340	3
341	1
342	0
343	3
344	2
345	4
346	1
347	1
348	4
349	1
350	2
351	2
352	1
353	1
354	3
355	1
356	1
357	1
358	1
359	2
360	1
361	1
362	3
363	1
364	3
365	0
366	1
367	4
368	2
369	0
370	1
371	1
372	3
373	2
374	4
375	1
376	0
377	3
378	3
379	2
380	1
381	0
382	9
383	3
384	2
385	4
386	1
387	1
388	1
389	5
390	0
391	2
392	0
393	1
394	0
395	1
396	4
397	1
398	0
399	1
400	1
401	2
402	3
403	1
404	2
405	0
406	3
407	0
408	2
409	5
410	1
411	0
412	0
413	0
414	3
415	0
416	0
417	3
418	0
419	2
420	2
421	2
422	2
423	3
424	0
425	0
426	2
427	2
428	0
429	3
430	1
431	1
432	2
433	6
434	1
435	2
436	1
437	1
438	2
439	2
440	1
441	3
442	3
443	2
444	4
445	2
446	2
447	0
448	0
449	3
450	1
451	0
452	0
453	7
454	0
455	0
456	1
457	0
458	1
459	0
460	2
461	1
462	0
463	1
464	0
465	0
466	0
467	1
468	0
469	1
470	2
471	1
472	3
473	0
474	1
475	0
476	1
477	2
478	0
479	1
480	1
481	1
482	1
483	2
484	0
485	1
486	3
487	0
488	2
489	2
490	2
491	0
492	1
493	0
494	0
495	0
496	0
497	3
498	2
499	0
500	2
501	2
502	0
503	0
504	1
505	1
506	2
507	2
508	1
509	1
510	0
511	0
512	2
513	1
514	3
515	1
516	1
517	0
518	1
519	0
520	1
521	1
522	0
523	1
524	1
525	2
526	1
527	2
528	1
529	1
530	1
531	0
532	0
533	1
534	1
535	0
536	4
537	0
538	1
539	0
540	2
541	2
542	0
543	0
544	2
545	2
546	1
547	2
548	2
549	1
550	0
551	1
552	1
553	2
554	1
555	0
556	0
557	0
558	0
559	0
560	0
561	0
562	1
563	0
564	1
565	0
566	1
567	1
568	0
569	0
570	2
571	0
572	1
573	0
574	2
575	0
576	0
577	0
578	1
579	0
580	0
581	1
582	1
583	0
584	2
585	0
586	0
587	0
588	0
589	1
590	1
591	1
592	1
593	3
594	2
595	1
596	0
597	1
598	1
599	1
600	2
601	0
602	0
603	0
604	0
605	1
606	1
607	2
608	0
609	0
610	1
611	3
612	0
613	2
614	0
615	0
616	1
617	4
618	1
619	0
620	1
621	0
622	3
623	1
624	0
625	0
626	3
627	1
628	0
629	1
630	1
631	0
632	0
633	1
634	1
635	2
636	1
637	0
638	1
639	0
640	0
641	0
642	0
643	2
644	2
645	0
646	1
647	2
648	0
649	1
650	0
651	1
652	0
653	1
654	2
655	0
656	0
657	2
658	0
659	1
660	0
661	0
662	0
663	0
664	0
665	0
666	3
667	1
668	0
669	0
670	0
671	1
672	2
673	0
674	0
675	2
676	1
677	2
678	0
679	0
680	0
681	0
682	0
683	0
684	0
685	3
686	0
687	1
688	0
689	1
690	0
691	4
692	1
693	0
694	0
695	0
696	1
697	0
698	0
699	0
700	0
701	0
702	0
703	1
704	0
705	0
706	0
707	2
708	0
709	0
710	0
711	1
712	0
713	1
714	1
715	1
716	0
717	0
718	0
719	0
720	1
721	1
722	0
723	1
724	1
725	1
726	0
727	1
728	0
729	1
730	0
731	0
732	0
733	1
734	1
735	0
736	0
737	0
738	1
739	0
740	0
741	1
742	0
743	1
744	0
745	0
746	1
747	0
748	0
749	0
750	3
751	0
752	0
753	1
754	0
755	0
756	2
757	0
758	1
759	1
760	0
761	0
762	1
763	0
764	0
765	0
766	0
767	1
768	1
769	1
770	0
771	0
772	0
773	0
774	0
775	0
776	0
777	0
778	1
779	0
780	1
781	3
782	0
783	1
784	0
785	0
786	0
787	0
788	0
789	0
790	0
791	0
792	0
793	2
794	0
795	1
796	0
797	0
798	1
799	1
800	0
801	0
802	1
803	0
804	0
805	0
806	0
807	0
808	0
809	0
810	1
811	1
812	0
813	0
814	0
815	0
816	1
817	1
818	1
819	2
820	2
821	0
822	0
823	0
824	0
825	0
826	1
827	3
828	0
829	0
830	1
831	0
832	0
833	1
834	0
835	0
836	0
837	1
838	0
839	1
840	0
841	0
842	1
843	1
844	0
845	1
846	1
847	1
848	1
849	1
850	1
851	1
852	0
853	2
854	2
855	0
856	0
857	0
858	0
859	0
860	1
861	0
862	0
863	0
864	0
865	0
866	0
867	0
868	0
869	0
870	0
871	0
872	0
873	0
874	0
875	2
876	1
877	1
878	1
879	0
880	0
881	1
882	2
883	1
884	1
885	0
886	0
887	0
888	1
889	1
890	0
891	0
892	0
893	0
894	1
895	0
896	0
897	0
898	1
899	0
900	0
901	0
902	0
903	1
904	1
905	0
906	0
907	0
908	0
909	1
910	1
911	0
912	1
913	0
914	0
915	0
916	2
917	0
918	0
919	0
920	0
921	0
922	0
923	0
924	1
925	0
926	0
927	1
928	0
929	1
930	0
931	1
932	0
933	0
934	0
935	0
936	1
937	0
938	0
939	0
940	0
941	1
942	1
943	0
944	0
945	0
946	0
947	0
948	0
949	1
950	0
951	0
952	0
953	1
954	0
955	0
956	1
957	0
958	0
959	0
960	0
961	0
962	0
963	0
964	0
965	0
966	0
967	0
968	0
969	0
970	1
971	1
972	0
973	0
974	0
975	0
976	1
977	1
978	0
979	0
980	0
981	0
982	0
983	0
984	0
985	0
986	0
987	0
988	0
989	0
990	0
991	0
992	0
993	1
994	0
995	0
996	1
997	0
998	1
999	0
1000	0
1001	1
1002	0
1003	0
1004	1
1005	0
1006	1
1007	0
1008	0
1009	0
1010	2
1011	0
1012	0
1013	1
1014	0
1015	0
1016	0
1017	0
1018	0
1019	1
1020	0
1021	1
1022	0
1023	0
1024	1
1025	0
1026	1
1027	0
1028	0
1029	0
1030	0
1031	0
1032	0
1033	1
1034	0
1035	0
1036	0
1037	1
1038	1
1039	0
1040	0
1041	1
1042	0
1043	1
1044	0
1045	0
1046	0
1047	0
1048	1
1049	0
1050	1
1051	1
1052	1
1053	0
1054	0
1055	1
1056	0
1057	0
1058	0
1059	0
1060	0
1061	0
1062	0
1063	0
1064	0
1065	0
1066	1
1067	0
1068	1
1069	0
1070	0
1071	0
1072	1
1073	0
1074	0
1075	0
1076	0
1077	0
1078	0
1079	0
1080	1
1081	1
1082	0
1083	1
1084	0
1085	0
1086	1
1087	0
1088	0
1089	0
1090	1
1091	0
1092	0
1093	0
1094	0
1095	0
1096	0
1097	0
1098	0
1099	0
1100	1
1101	1
1102	0
1103	0
1104	1
1105	0
1106	0
1107	0
1108	0
1109	0
1110	0
1111	0
1112	0
1113	0
1114	0
1115	0
1116	0
1117	1
1118	1
1119	1
1120	0
1121	0
1122	1
1123	0
1124	0
1125	0
1126	0
1127	0
1128	0
1129	0
1130	0
1131	0
1132	0
1133	0
1134	0
1135	0
1136	0
1137	0
1138	0
1139	0
1140	0
1141	1
1142	0
1143	0
1144	0
1145	0
1146	0
1147	1
1148	1
1149	0
1150	0
1151	0
1152	0
1153	1
1154	0
1155	0
1156	0
1157	0
1158	1
1159	0
1160	0
1161	0
1162	0
1163	0
1164	0
1165	0
1166	1
1167	0
1168	0
1169	0
1170	0
1171	0
1172	2
1173	0
1174	0
1175	1
1176	0
1177	0
1178	0
1179	0
1180	0
1181	1
1182	0
1183	1
1184	0
1185	0
1186	0
1187	0
1188	0
1189	0
1190	1
1191	0
1192	0
1193	0
1194	0
1195	0
1196	0
1197	0
1198	0
1199	0
1200	1
1201	1
1202	0
1203	0
1204	0
1205	0
1206	1
1207	0
1208	1
1209	0
1210	1
1211	0
1212	0
1213	0
1214	0
1215	0
1216	0
1217	2
1218	0
1219	0
1220	0
1221	0
1222	0
1223	0
1224	0
1225	0
1226	0
1227	0
1228	0
1229	0
1230	0
1231	0
1232	1
1233	0
1234	2
1235	0
1236	0
1237	0
1238	0
1239	1
1240	0
1241	0
1242	1
1243	0
1244	0
1245	0
1246	0
1247	1
1248	0
1249	0
1250	0
1251	1
1252	0
1253	0
1254	0
1255	0
1256	0
1257	0
1258	0
1259	0
1260	0
1261	0
1262	0
1263	0
1264	0
1265	0
1266	0
1267	0
1268	0
1269	0
1270	0
1271	0
1272	0
1273	0
1274	0
1275	0
1276	0
1277	1
1278	0
1279	0
1280	1
1281	0
1282	1
1283	0
1284	0
1285	0
1286	0
1287	0
1288	1
1289	0
1290	0
1291	0
1292	0
1293	0
1294	0
1295	0
1296	1
1297	0
1298	0
1299	0
1300	0
1301	0
1302	1
1303	1
1304	0
1305	2
1306	0
1307	0
1308	0
1309	0
1310	0
1311	0
1312	0
1313	0
1314	0
1315	0
1316	0
1317	1
1318	0
1319	1
1320	0
1321	2
1322	0
1323	0
1324	0
1325	0
1326	0
1327	0
1328	0
1329	1
1330	0
1331	0
1332	0
1333	0
1334	0
1335	0
1336	0
1337	0
1338	0
1339	0
1340	0
1341	0
1342	0
1343	0
1344	1
1345	0
1346	0
1347	0
1348	0
1349	1
1350	1
1351	0
1352	1
1353	0
1354	0
1355	0
1356	0
1357	0
1358	0
1359	0
1360	0
1361	1
1362	0
1363	1
1364	0
1365	0
1366	0
1367	0
1368	1
1369	0
1370	0
1371	0
1372	0
1373	0
1374	0
1375	0
1376	0
1377	0
1378	1
1379	0
1380	0
1381	0
1382	0
1383	0
1384	0
1385	2
1386	0
1387	0
1388	0
1389	0
1390	0
1391	0
1392	0
1393	0
1394	0
1395	1
1396	0
1397	1
1398	0
1399	0
1400	0
1401	0
1402	0
1403	0
1404	0
1405	0
1406	0
1407	0
1408	0
1409	0
1410	0
1411	0
1412	0
1413	0
1414	0
1415	0
1416	0
1417	0
1418	0
1419	0
1420	0
1421	1
1422	0
1423	0
1424	0
1425	0
1426	0
1427	0
1428	0
1429	0
1430	0
1431	0
1432	0
1433	0
1434	0
1435	0
1436	0
1437	0
1438	0
1439	0
1440	1
1441	1
1442	0
1443	0
1444	0
1445	0
1446	0
1447	0
1448	0
1449	0
1450	1
1451	0
1452	0
1453	0
1454	0
1455	1
1456	0
1457	0
1458	0
1459	0
1460	0
1461	0
1462	0
1463	0
1464	0
1465	1
1466	0
1467	0
1468	0
1469	1
1470	0
1471	0
1472	1
1473	0
1474	0
1475	0
1476	0
1477	0
1478	0
1479	0
1480	0
1481	0
1482	0
1483	0
1484	0
1485	0
1486	0
1487	0
1488	0
1489	0
1490	0
1491	0
1492	0
1493	0
1494	0
1495	0
1496	0
1497	0
1498	0
1499	0
1500	0
1501	0
1502	0
1503	0
1504	1
1505	0
1506	0
1507	0
1508	0
1509	0
1510	0
1511	0
1512	0
1513	0
1514	0
1515	0
1516	0
1517	0
1518	0
1519	0
1520	0
1521	0
1522	0
1523	0
1524	0
1525	0
1526	1
1527	0
1528	0
1529	0
1530	0
1531	1
1532	0
1533	2
1534	0
1535	1
1536	0
1537	0
1538	0
1539	0
1540	0
1541	0
1542	0
1543	0
1544	0
1545	0
1546	0
1547	1
1548	0
1549	0
1550	0
1551	0
1552	0
1553	0
1554	0
1555	0
1556	0
1557	0
1558	0
1559	0
1560	0
1561	0
1562	0
1563	0
1564	0
1565	0
1566	1
1567	0
1568	0
1569	0
1570	1
1571	0
1572	0
1573	0
1574	0
1575	0
1576	0
1577	0
1578	0
1579	0
1580	0
1581	0
1582	0
1583	0
1584	0
1585	0
1586	0
1587	0
1588	0
1589	0
1590	0
1591	0
1592	1
1593	0
1594	0
1595	0
1596	0
1597	0
1598	0
1599	0
1600	0
1601	0
1602	0
1603	0
1604	0
1605	0
1606	0
1607	0
1608	0
1609	0
1610	0
1611	1
1612	0
1613	0
1614	0
1615	0
1616	0
1617	0
1618	1
1619	1
1620	0
1621	1
1622	0
1623	0
1624	0
1625	0
1626	0
1627	0
1628	1
1629	0
1630	0
1631	0
1632	0
1633	0
1634	0
1635	0
1636	0
1637	0
1638	0
1639	0
1640	0
1641	0
1642	0
1643	0
1644	0
1645	0
1646	0
1647	1
1648	0
1649	0
1650	0
1651	1
1652	0
1653	0
1654	0
1655	0
1656	1
1657	0
1658	0
1659	0
1660	0
1661	0
1662	0
1663	0
1664	0
1665	0
1666	0
1667	0
1668	1
1669	0
1670	0
1671	0
1672	0
1673	0
1674	0
1675	0
1676	0
1677	0
1678	0
1679	0
1680	0
1681	0
1682	0
1683	0
1684	0
1685	1
1686	0
1687	0
1688	0
1689	0
1690	0
1691	0
1692	1
1693	0
1694	0
1695	0
1696	0
1697	0
1698	0
1699	0
1700	0
1701	0
1702	0
1703	0
1704	0
1705	0
1706	0
1707	0
1708	0
1709	0
1710	0
1711	0
1712	0
1713	0
1714	0
1715	0
1716	0
1717	0
1718	0
1719	0
1720	0
1721	0
1722	1
1723	0
1724	0
1725	0
1726	0
1727	0
1728	0
1729	0
1730	0
1731	0
1732	0
1733	0
1734	0
1735	0
1736	0
1737	0
1738	0
1739	0
1740	0
1741	0
1742	0
1743	0
1744	0
1745	0
1746	0
1747	0
1748	0
1749	0
1750	0
1751	0
1752	1
1753	0
1754	0
1755	1
1756	0
1757	0
1758	0
1759	0
1760	0
1761	0
1762	0
1763	0
1764	0
1765	0
1766	0
1767	0
1768	0
1769	0
1770	0
1771	0
1772	0
1773	0
1774	0
1775	0
1776	0
1777	0
1778	0
1779	0
1780	0
1781	0
1782	0
1783	0
1784	0
1785	0
1786	0
1787	0
1788	0
1789	0
1790	0
1791	1
1792	0
1793	0
1794	0
1795	0
1796	0
1797	0
1798	0
1799	0
1800	0
1801	0
1802	0
1803	1
1804	0
1805	0
1806	0
1807	0
1808	0
1809	0
1810	0
1811	0
1812	0
1813	1
1814	0
1815	0
1816	0
1817	0
1818	0
1819	0
1820	0
1821	0
1822	0
1823	0
1824	0
1825	0
1826	0
1827	0
1828	1
1829	0
1830	0
1831	1
1832	0
1833	0
1834	0
1835	0
1836	0
1837	0
1838	0
1839	0
1840	0
1841	0
1842	0
1843	0
1844	0
1845	0
1846	0
1847	0
1848	0
1849	0
1850	0
1851	0
1852	0
1853	0
1854	0
1855	0
1856	0
1857	0
1858	0
1859	0
1860	0
1861	0
1862	1
1863	0
1864	0
1865	1
1866	0
1867	0
1868	0
1869	0
1870	0
1871	0
1872	0
1873	0
1874	0
1875	0
1876	0
1877	0
1878	0
1879	0
1880	0
1881	0
1882	1
1883	0
1884	0
1885	0
1886	0
1887	0
1888	0
1889	1
1890	0
1891	0
1892	0
1893	0
1894	0
1895	0
1896	0
1897	0
1898	0
1899	0
1900	0
1901	0
1902	0
1903	0
1904	1
1905	0
1906	0
1907	0
1908	0
1909	0
1910	0
1911	0
1912	0
1913	0
1914	0
1915	0
1916	0
1917	0
1918	0
1919	0
1920	0
1921	0
1922	0
1923	0
1924	0
1925	0
1926	0
1927	0
1928	0
1929	0
1930	0
1931	0
1932	0
1933	0
1934	0
1935	0
1936	0
1937	0
1938	0
1939	0
1940	0
1941	0
1942	0
1943	0
1944	0
1945	0
1946	0
1947	0
1948	0
1949	0
1950	0
1951	0
1952	0
1953	0
1954	0
1955	0
1956	0
1957	0
1958	0
1959	0
1960	0
1961	0
1962	1
1963	0
1964	0
1965	0
1966	0
1967	0
1968	0
1969	0
1970	1
1971	0
1972	1
1973	0
1974	0
1975	0
1976	0
1977	0
1978	0
1979	0
1980	0
1981	0
1982	0
1983	0
1984	0
1985	0
1986	0
1987	1
1988	0
1989	0
1990	0
1991	0
1992	0
1993	0
1994	0
1995	0
1996	0
1997	0
1998	0
1999	0
2000	0
2001	0
2002	0
2003	0
2004	0
2005	0
2006	0
2007	0
2008	0
2009	0
2010	0
2011	0
2012	0
2013	0
2014	0
2015	0
2016	0
2017	0
2018	0
2019	0
2020	0
2021	0
2022	0
2023	0
2024	0
2025	0
2026	0
2027	0
2028	1
2029	0
2030	0
2031	0
2032	0
2033	0
2034	0
2035	0
2036	0
2037	0
2038	0
2039	1
2040	0
2041	0
2042	0
2043	0
2044	0
2045	0
2046	0
2047	0
