0	0
1	0
2	0
3	0
4	0
5	0
6	0
7	0
8	0
9	0
10	108
11	254
12	240
13	206
14	244
15	240
16	235
17	247
18	259
19	266
20	279
21	279
22	253
23	253
24	227
25	258
26	258
27	266
28	270
29	253
30	264
31	266
32	300
33	265
34	267
35	232
36	272
37	248
38	247
39	266
40	271
41	281
42	290
43	277
44	244
45	290
46	276
47	280
48	263
49	301
50	251
51	280
52	276
53	265
54	267
55	280
56	258
57	264
58	275
59	268
60	287
61	276
62	274
63	288
64	294
65	274
66	284
67	276
68	270
69	269
70	273
71	259
72	280
73	278
74	278
75	257
76	255
77	254
78	294
79	258
80	266
81	242
82	283
83	268
84	277
85	295
86	268
87	273
88	264
89	248
90	296
91	268
92	240
93	271
94	275
95	282
96	236
97	281
98	249
99	247
100	246
101	257
102	280
103	254
104	258
105	248
106	268
107	268
108	245
109	269
110	253
111	245
112	284
113	246
114	264
115	248
116	267
117	237
118	256
119	270
120	265
121	277
122	270
123	261
124	276
125	276
126	317
127	320
128	260
129	273
130	311
131	291
132	299
133	300
134	292
135	316
136	336
137	331
138	313
139	292
140	331
141	327
142	321
143	299
144	316
145	350
146	349
147	364
148	307
149	302
150	328
151	288
152	322
153	328
154	299
155	302
156	334
157	307
158	274
159	308
160	291
161	295
162	288
163	312
164	304
165	300
166	288
167	347
168	299
169	310
170	313
171	307
172	285
173	301
174	336
175	299
176	262
177	306
178	310
179	295
180	317
181	319
182	299
183	307
184	260
185	288
186	278
187	291
188	277
189	290
190	278
191	295
192	300
193	299
194	272
195	292
196	260
197	280
198	285
199	299
200	284
201	284
202	297
203	265
204	293
205	251
206	255
207	250
208	272
209	290
210	302
211	269
212	288
213	300
214	261
215	300
216	257
217	266
218	288
219	302
220	274
221	312
222	286
223	264
224	275
225	277
226	285
227	262
228	291
229	279
230	294
231	270
232	300
233	284
234	326
235	280
236	305
237	286
238	254
239	309
240	255
241	268
242	244
243	228
244	257
245	220
246	241
247	227
248	220
249	222
250	205
251	198
252	177
253	192
254	161
255	179
256	177
257	148
258	145
259	146
260	154
261	118
262	139
263	131
264	144
265	130
266	140
267	123
268	136
269	117
270	123
271	129
272	139
273	124
274	115
275	129
276	125
277	124
278	115
279	118
280	100
281	112
282	108
283	141
284	123
285	110
286	105
287	110
288	110
289	100
290	129
291	116
292	113
293	111
294	104
295	109
296	117
297	101
298	101
299	107
300	101
301	100
302	87
303	98
304	102
305	120
306	106
307	108
308	99
309	102
310	83
311	99
312	102
313	98
314	105
315	96
316	80
317	97
318	88
319	105
320	114
321	85
322	102
323	107
324	105
325	125
326	120
327	89
328	103
329	94
330	109
331	108
332	103
333	120
334	105
335	107
336	117
337	121
338	117
339	123
340	119
341	117
342	128
343	149
344	153
345	174
346	186
347	222
348	233
349	290
350	315
351	380
352	409
353	456
354	553
355	652
356	727
357	825
358	886
359	1043
360	1214
361	1307
362	1414
363	1483
364	1744
365	1907
366	2086
367	2172
368	2293
369	2440
370	2643
371	2769
372	2887
373	2908
374	3077
375	3164
376	3028
377	3099
378	3184
379	3136
380	3086
381	2971
382	2877
383	2728
384	2643
385	2507
386	2338
387	2209
388	1981
389	1896
390	1750
391	1611
392	1264
393	1135
394	1070
395	976
396	810
397	690
398	606
399	525
400	445
401	378
402	326
403	253
404	217
405	187
406	141
407	150
408	145
409	103
410	100
411	104
412	117
413	80
414	89
415	88
416	79
417	98
418	64
419	75
420	80
421	84
422	66
423	64
424	80
425	83
426	75
427	78
428	61
429	87
430	74
431	75
432	83
433	86
434	79
435	91
436	71
437	90
438	72
439	65
440	91
441	87
442	83
443	78
444	82
445	76
446	73
447	59
448	67
449	84
450	78
451	68
452	59
453	88
454	75
455	76
456	80
457	73
458	89
459	91
460	84
461	64
462	73
463	79
464	66
465	77
466	92
467	96
468	74
469	69
470	74
471	78
472	93
473	83
474	82
475	84
476	69
477	78
478	74
479	69
480	81
481	95
482	76
483	73
484	62
485	82
486	72
487	73
488	93
489	76
490	86
491	77
492	71
493	70
494	81
495	87
496	77
497	86
498	79
499	84
500	87
501	85
502	58
503	81
504	99
505	95
506	92
507	84
508	89
509	103
510	83
511	89
512	70
513	87
514	87
515	88
516	92
517	120
518	96
519	92
520	82
521	118
522	100
523	100
524	94
525	91
526	98
527	98
528	87
529	71
530	100
531	79
532	81
533	79
534	90
535	92
536	83
537	79
538	85
539	77
540	101
541	101
542	94
543	75
544	90
545	110
546	75
547	98
548	108
549	85
550	94
551	69
552	82
553	86
554	84
555	94
556	101
557	87
558	78
559	92
560	86
561	74
562	87
563	93
564	90
565	100
566	84
567	102
568	82
569	81
570	87
571	91
572	93
573	77
574	88
575	83
576	81
577	81
578	85
579	96
580	81
581	82
582	88
583	98
584	79
585	80
586	90
587	83
588	63
589	81
590	76
591	70
592	76
593	63
594	71
595	77
596	65
597	71
598	77
599	85
600	76
601	90
602	97
603	93
604	79
605	77
606	71
607	69
608	80
609	76
610	73
611	87
612	85
613	85
614	89
615	66
616	78
617	69
618	70
619	74
620	72
621	69
622	57
623	84
624	75
625	82
626	77
627	78
628	81
629	71
630	84
631	85
632	82
633	83
634	79
635	95
636	77
637	77
638	83
639	83
640	70
641	81
642	71
643	87
644	58
645	63
646	93
647	83
648	74
649	81
650	62
651	71
652	66
653	85
654	68
655	89
656	95
657	75
658	81
659	80
660	81
661	77
662	86
663	77
664	84
665	73
666	67
667	74
668	70
669	89
670	85
671	91
672	74
673	78
674	83
675	82
676	75
677	76
678	80
679	86
680	65
681	82
682	82
683	79
684	78
685	71
686	69
687	91
688	82
689	90
690	82
691	66
692	67
693	80
694	99
695	75
696	81
697	91
698	81
699	83
700	61
701	85
702	68
703	91
704	68
705	76
706	86
707	82
708	73
709	82
710	74
711	87
712	79
713	83
714	82
715	82
716	82
717	80
718	85
719	65
720	70
721	78
722	72
723	87
724	72
725	84
726	79
727	104
728	85
729	96
730	72
731	80
732	106
733	66
734	82
735	71
736	84
737	81
738	92
739	82
740	70
741	73
742	97
743	75
744	71
745	64
746	66
747	80
748	59
749	86
750	77
751	79
752	70
753	53
754	61
755	73
756	55
757	82
758	54
759	65
760	66
761	65
762	59
763	61
764	62
765	57
766	58
767	55
768	67
769	60
770	68
771	60
772	65
773	44
774	57
775	60
776	50
777	53
778	57
779	48
780	49
781	64
782	47
783	59
784	58
785	66
786	49
787	52
788	52
789	53
790	52
791	53
792	45
793	64
794	37
795	49
796	45
797	50
798	41
799	39
800	44
801	52
802	54
803	60
804	40
805	57
806	41
807	49
808	44
809	40
810	44
811	55
812	38
813	35
814	48
815	47
816	56
817	39
818	41
819	45
820	47
821	49
822	43
823	56
824	37
825	49
826	48
827	41
828	45
829	50
830	54
831	30
832	41
833	44
834	50
835	25
836	37
837	51
838	51
839	40
840	40
841	42
842	38
843	45
844	54
845	43
846	40
847	44
848	47
849	27
850	51
851	40
852	40
853	47
854	41
855	37
856	43
857	44
858	44
859	42
860	56
861	40
862	50
863	39
864	49
865	50
866	41
867	58
868	65
869	61
870	63
871	54
872	61
873	78
874	71
875	72
876	77
877	69
878	104
879	79
880	80
881	91
882	104
883	90
884	107
885	112
886	109
887	133
888	128
889	141
890	145
891	150
892	143
893	155
894	192
895	168
896	196
897	207
898	216
899	219
900	239
901	236
902	245
903	285
904	274
905	270
906	276
907	266
908	312
909	280
910	297
911	285
912	320
913	299
914	320
915	333
916	322
917	280
918	258
919	302
920	294
921	276
922	273
923	263
924	294
925	297
926	255
927	297
928	252
929	248
930	288
931	224
932	226
933	212
934	201
935	197
936	197
937	151
938	182
939	163
940	153
941	144
942	149
943	146
944	132
945	145
946	140
947	123
948	99
949	113
950	108
951	91
952	99
953	77
954	96
955	74
956	72
957	88
958	62
959	68
960	90
961	82
962	55
963	72
964	72
965	60
966	57
967	57
968	65
969	66
970	52
971	63
972	69
973	44
974	68
975	60
976	61
977	53
978	64
979	54
980	49
981	66
982	42
983	63
984	58
985	56
986	57
987	51
988	63
989	61
990	64
991	51
992	46
993	50
994	61
995	49
996	63
997	57
998	50
999	46
1000	59
1001	60
1002	54
1003	49
1004	56
1005	49
1006	73
1007	58
1008	52
1009	61
1010	61
1011	63
1012	48
1013	43
1014	45
1015	67
1016	55
1017	66
1018	50
1019	58
1020	57
1021	52
1022	51
1023	57
1024	47
1025	49
1026	74
1027	60
1028	59
1029	46
1030	48
1031	47
1032	52
1033	62
1034	69
1035	60
1036	60
1037	63
1038	58
1039	68
1040	58
1041	64
1042	56
1043	71
1044	64
1045	52
1046	62
1047	55
1048	60
1049	50
1050	63
1051	53
1052	56
1053	53
1054	55
1055	55
1056	61
1057	54
1058	56
1059	54
1060	68
1061	60
1062	58
1063	56
1064	64
1065	57
1066	57
1067	50
1068	65
1069	70
1070	64
1071	67
1072	57
1073	64
1074	68
1075	67
1076	54
1077	67
1078	63
1079	45
1080	63
1081	62
1082	59
1083	57
1084	51
1085	54
1086	53
1087	50
1088	58
1089	61
1090	62
1091	58
1092	51
1093	52
1094	47
1095	67
1096	56
1097	55
1098	52
1099	61
1100	58
1101	54
1102	59
1103	62
1104	47
1105	75
1106	63
1107	59
1108	53
1109	59
1110	68
1111	46
1112	67
1113	60
1114	54
1115	70
1116	49
1117	69
1118	46
1119	49
1120	58
1121	52
1122	51
1123	44
1124	60
1125	52
1126	47
1127	46
1128	48
1129	54
1130	49
1131	44
1132	48
1133	53
1134	56
1135	36
1136	47
1137	43
1138	44
1139	43
1140	45
1141	55
1142	44
1143	43
1144	42
1145	42
1146	34
1147	33
1148	38
1149	34
1150	51
1151	39
1152	36
1153	36
1154	43
1155	52
1156	41
1157	31
1158	41
1159	38
1160	29
1161	23
1162	35
1163	27
1164	25
1165	28
1166	31
1167	32
1168	31
1169	24
1170	24
1171	28
1172	17
1173	21
1174	28
1175	20
1176	20
1177	27
1178	23
1179	24
1180	20
1181	14
1182	22
1183	25
1184	19
1185	19
1186	12
1187	19
1188	17
1189	18
1190	17
1191	14
1192	16
1193	19
1194	15
1195	17
1196	16
1197	15
1198	12
1199	22
1200	16
1201	12
1202	18
1203	11
1204	13
1205	9
1206	12
1207	15
1208	15
1209	14
1210	7
1211	14
1212	17
1213	17
1214	14
1215	9
1216	18
1217	7
1218	11
1219	7
1220	12
1221	8
1222	18
1223	12
1224	11
1225	17
1226	10
1227	12
1228	9
1229	13
1230	9
1231	9
1232	11
1233	18
1234	14
1235	11
1236	15
1237	15
1238	14
1239	11
1240	19
1241	13
1242	17
1243	19
1244	16
1245	15
1246	21
1247	28
1248	26
1249	21
1250	24
1251	28
1252	22
1253	21
1254	39
1255	37
1256	38
1257	46
1258	52
1259	56
1260	54
1261	57
1262	48
1263	52
1264	61
1265	60
1266	72
1267	65
1268	55
1269	80
1270	88
1271	80
1272	90
1273	110
1274	106
1275	120
1276	127
1277	113
1278	130
1279	134
1280	140
1281	124
1282	144
1283	142
1284	154
1285	148
1286	163
1287	143
1288	157
1289	158
1290	164
1291	167
1292	173
1293	170
1294	165
1295	171
1296	168
1297	190
1298	199
1299	186
1300	182
1301	152
1302	183
1303	169
1304	194
1305	164
1306	171
1307	149
1308	169
1309	164
1310	152
1311	139
1312	141
1313	136
1314	132
1315	136
1316	113
1317	124
1318	128
1319	110
1320	121
1321	88
1322	106
1323	94
1324	79
1325	88
1326	92
1327	70
1328	71
1329	65
1330	67
1331	51
1332	55
1333	52
1334	44
1335	54
1336	36
1337	40
1338	36
1339	34
1340	31
1341	24
1342	22
1343	32
1344	28
1345	11
1346	16
1347	20
1348	13
1349	12
1350	13
1351	9
1352	9
1353	6
1354	6
1355	2
1356	7
1357	6
1358	7
1359	4
1360	5
1361	1
1362	8
1363	3
1364	3
1365	1
1366	7
1367	2
1368	3
1369	4
1370	1
1371	2
1372	1
1373	1
1374	1
1375	2
1376	3
1377	2
1378	0
1379	2
1380	3
1381	2
1382	1
1383	1
1384	2
1385	2
1386	0
1387	0
1388	2
1389	1
1390	1
1391	2
1392	3
1393	1
1394	0
1395	4
1396	2
1397	2
1398	1
1399	0
1400	2
1401	0
1402	0
1403	1
1404	1
1405	4
1406	1
1407	5
1408	0
1409	0
1410	3
1411	1
1412	0
1413	0
1414	3
1415	2
1416	1
1417	1
1418	1
1419	1
1420	0
1421	1
1422	0
1423	4
1424	0
1425	1
1426	1
1427	1
1428	1
1429	0
1430	4
1431	0
1432	1
1433	3
1434	0
1435	3
1436	5
1437	3
1438	6
1439	1
1440	1
1441	0
1442	0
1443	2
1444	2
1445	2
1446	1
1447	2
1448	2
1449	4
1450	2
1451	3
1452	1
1453	2
1454	2
1455	2
1456	1
1457	0
1458	0
1459	1
1460	3
1461	2
1462	4
1463	2
1464	4
1465	3
1466	2
1467	4
1468	4
1469	2
1470	1
1471	1
1472	1
1473	1
1474	3
1475	1
1476	0
1477	0
1478	0
1479	2
1480	0
1481	2
1482	1
1483	2
1484	1
1485	3
1486	1
1487	1
1488	1
1489	1
1490	1
1491	2
1492	2
1493	0
1494	0
1495	1
1496	0
1497	0
1498	2
1499	1
1500	1
1501	1
1502	1
1503	1
1504	1
1505	1
1506	1
1507	1
1508	0
1509	2
1510	0
1511	0
1512	0
1513	1
1514	1
1515	1
1516	0
1517	0
1518	1
1519	1
1520	1
1521	0
1522	1
1523	0
1524	2
1525	0
1526	0
1527	1
1528	0
1529	1
1530	0
1531	2
1532	1
1533	2
1534	2
1535	2
1536	1
1537	2
1538	0
1539	0
1540	0
1541	0
1542	3
1543	0
1544	1
1545	1
1546	0
1547	0
1548	0
1549	0
1550	0
1551	1
1552	0
1553	0
1554	1
1555	1
1556	0
1557	0
1558	0
1559	1
1560	2
1561	0
1562	0
1563	1
1564	1
1565	1
1566	0
1567	0
1568	0
1569	3
1570	0
1571	1
1572	0
1573	0
1574	0
1575	0
1576	0
1577	0
1578	1
1579	0
1580	0
1581	0
1582	0
1583	0
1584	1
1585	0
1586	0
1587	0
1588	0
1589	0
1590	1
1591	0
1592	1
1593	1
1594	1
1595	0
1596	0
1597	0
1598	0
1599	0
1600	0
1601	0
1602	0
1603	0
1604	0
1605	1
1606	0
1607	0
1608	1
1609	0
1610	0
1611	0
1612	0
1613	0
1614	0
1615	1
1616	2
1617	1
1618	0
1619	0
1620	0
1621	0
1622	0
1623	0
1624	1
1625	0
1626	0
1627	0
1628	1
1629	0
1630	0
1631	1
1632	0
1633	0
1634	0
1635	0
1636	1
1637	0
1638	0
1639	0
1640	1
1641	0
1642	0
1643	0
1644	0
1645	0
1646	0
1647	0
1648	1
1649	0
1650	0
1651	0
1652	1
1653	0
1654	0
1655	0
1656	0
1657	0
1658	1
1659	0
1660	0
1661	0
1662	1
1663	0
1664	0
1665	0
1666	0
1667	0
1668	0
1669	0
1670	0
1671	0
1672	0
1673	0
1674	0
1675	0
1676	0
1677	0
1678	0
1679	0
1680	0
1681	0
1682	0
1683	0
1684	0
1685	0
1686	1
1687	0
1688	0
1689	0
1690	0
1691	1
1692	0
1693	1
1694	0
1695	0
1696	1
1697	0
1698	0
1699	0
1700	0
1701	0
1702	0
1703	0
1704	0
1705	0
1706	0
1707	0
1708	0
1709	0
1710	0
1711	0
1712	0
1713	0
1714	1
1715	0
1716	0
1717	0
1718	0
1719	0
1720	0
1721	0
1722	0
1723	1
1724	0
1725	0
1726	0
1727	0
1728	0
1729	0
1730	0
1731	0
1732	0
1733	0
1734	0
1735	0
1736	0
1737	0
1738	0
1739	0
1740	0
1741	0
1742	0
1743	0
1744	1
1745	0
1746	0
1747	0
1748	0
1749	0
1750	0
1751	0
1752	0
1753	1
1754	0
1755	0
1756	0
1757	0
1758	0
1759	0
1760	0
1761	0
1762	0
1763	0
1764	0
1765	0
1766	0
1767	0
1768	0
1769	0
1770	0
1771	0
1772	0
1773	0
1774	0
1775	0
1776	0
1777	0
1778	0
1779	0
1780	0
1781	0
1782	0
1783	0
1784	0
1785	0
1786	0
1787	0
1788	1
1789	0
1790	2
1791	0
1792	0
1793	0
1794	0
1795	0
1796	0
1797	0
1798	0
1799	0
1800	0
1801	0
1802	0
1803	1
1804	0
1805	1
1806	0
1807	0
1808	1
1809	0
1810	0
1811	0
1812	0
1813	0
1814	0
1815	0
1816	0
1817	0
1818	0
1819	0
1820	0
1821	0
1822	0
1823	0
1824	0
1825	0
1826	0
1827	1
1828	0
1829	0
1830	0
1831	0
1832	0
1833	0
1834	0
1835	0
1836	0
1837	0
1838	0
1839	0
1840	1
1841	0
1842	0
1843	0
1844	1
1845	1
1846	0
1847	0
1848	0
1849	0
1850	0
1851	1
1852	0
1853	0
1854	0
1855	0
1856	1
1857	1
1858	0
1859	0
1860	0
1861	0
1862	0
1863	0
1864	0
1865	0
1866	0
1867	0
1868	1
1869	0
1870	0
1871	0
1872	0
1873	0
1874	1
1875	0
1876	0
1877	0
1878	0
1879	0
1880	0
1881	0
1882	0
1883	0
1884	2
1885	0
1886	0
1887	0
1888	0
1889	0
1890	0
1891	0
1892	0
1893	0
1894	1
1895	0
1896	0
1897	0
1898	0
1899	0
1900	0
1901	0
1902	0
1903	0
1904	0
1905	0
1906	0
1907	0
1908	1
1909	0
1910	0
1911	0
1912	0
1913	0
1914	0
1915	0
1916	1
1917	0
1918	0
1919	0
1920	0
1921	1
1922	0
1923	0
1924	0
1925	0
1926	0
1927	0
1928	0
1929	0
1930	0
1931	0
1932	0
1933	0
1934	0
1935	0
1936	0
1937	1
1938	0
1939	0
1940	0
1941	0
1942	0
1943	1
1944	0
1945	0
1946	0
1947	0
1948	0
1949	1
1950	0
1951	1
1952	0
1953	1
1954	0
1955	0
1956	0
1957	0
1958	0
1959	0
1960	0
1961	0
1962	0
1963	1
1964	1
1965	0
1966	0
1967	0
1968	0
1969	0
1970	0
1971	0
1972	0
1973	0
1974	1
1975	0
1976	0
1977	0
1978	0
1979	0
1980	0
1981	0
1982	0
1983	0
1984	0
1985	0
1986	0
1987	0
1988	0
1989	0
1990	0
1991	0
1992	0
1993	0
1994	0
1995	0
1996	0
1997	0
1998	0
1999	0
2000	0
2001	0
2002	0
2003	0
2004	0
2005	0
2006	0
2007	0
2008	0
2009	1
2010	0
2011	0
2012	0
2013	0
2014	0
2015	0
2016	0
2017	0
2018	0
2019	0
2020	0
2021	0
2022	0
2023	0
2024	1
2025	0
2026	0
2027	0
2028	0
2029	0
2030	0
2031	0
2032	0
2033	0
2034	0
2035	0
2036	0
2037	0
2038	0
2039	0
2040	0
2041	0
2042	0
2043	0
2044	0
2045	0
2046	0
2047	0
