0	0
1	0
2	0
3	0
4	0
5	0
6	0
7	0
8	0
9	0
10	131
11	376
12	412
13	434
14	391
15	469
16	410
17	441
18	427
19	415
20	470
21	422
22	407
23	467
24	495
25	469
26	498
27	460
28	480
29	457
30	434
31	447
32	449
33	457
34	503
35	483
36	493
37	453
38	490
39	456
40	496
41	469
42	482
43	490
44	464
45	484
46	479
47	500
48	452
49	476
50	478
51	464
52	449
53	482
54	484
55	521
56	499
57	488
58	496
59	440
60	486
61	480
62	479
63	501
64	449
65	468
66	519
67	486
68	486
69	500
70	464
71	507
72	496
73	453
74	431
75	485
76	464
77	469
78	441
79	471
80	465
81	480
82	523
83	508
84	446
85	512
86	482
87	455
88	474
89	486
90	466
91	522
92	478
93	471
94	503
95	467
96	491
97	517
98	498
99	503
100	461
101	482
102	465
103	492
104	538
105	462
106	484
107	520
108	504
109	485
110	513
111	472
112	532
113	512
114	477
115	509
116	477
117	520
118	468
119	496
120	494
121	469
122	507
123	459
124	482
125	494
126	511
127	479
128	516
129	489
130	485
131	498
132	478
133	500
134	422
135	479
136	486
137	505
138	476
139	512
140	495
141	467
142	493
143	482
144	516
145	502
146	501
147	507
148	466
149	523
150	525
151	535
152	527
153	545
154	552
155	589
156	610
157	587
158	645
159	640
160	614
161	629
162	717
163	646
164	702
165	689
166	699
167	663
168	670
169	639
170	723
171	683
172	689
173	650
174	714
175	703
176	671
177	712
178	672
179	634
180	626
181	648
182	610
183	662
184	654
185	650
186	645
187	658
188	609
189	612
190	668
191	599
192	633
193	612
194	613
195	649
196	602
197	604
198	600
199	608
200	598
201	622
202	616
203	530
204	601
205	550
206	555
207	581
208	539
209	574
210	586
211	590
212	575
213	580
214	568
215	592
216	566
217	615
218	562
219	596
220	556
221	557
222	546
223	549
224	533
225	575
226	533
227	542
228	570
229	548
230	566
231	563
232	578
233	586
234	582
235	548
236	545
237	559
238	579
239	564
240	539
241	534
242	555
243	526
244	533
245	532
246	584
247	580
248	546
249	504
250	490
251	546
252	522
253	514
254	536
255	511
256	576
257	526
258	521
259	542
260	525
261	547
262	529
263	474
264	531
265	530
266	513
267	514
268	547
269	528
270	477
271	518
272	496
273	524
274	546
275	513
276	494
277	558
278	528
279	545
280	508
281	510
282	520
283	509
284	488
285	513
286	497
287	519
288	513
289	495
290	500
291	529
292	493
293	513
294	482
295	502
296	485
297	508
298	510
299	497
300	515
301	470
302	474
303	486
304	536
305	512
306	502
307	511
308	496
309	500
310	473
311	546
312	512
313	523
314	514
315	509
316	471
317	514
318	464
319	539
320	482
321	501
322	511
323	507
324	521
325	484
326	465
327	534
328	522
329	513
330	488
331	512
332	489
333	491
334	562
335	466
336	487
337	459
338	545
339	533
340	469
341	471
342	501
343	491
344	489
345	449
346	541
347	513
348	464
349	526
350	491
351	507
352	490
353	491
354	455
355	436
356	557
357	514
358	530
359	485
360	496
361	497
362	528
363	516
364	522
365	528
366	485
367	496
368	502
369	481
370	516
371	500
372	471
373	516
374	466
375	516
376	515
377	466
378	516
379	474
380	492
381	506
382	529
383	493
384	497
385	515
386	495
387	479
388	477
389	513
390	494
391	484
392	504
393	497
394	470
395	450
396	512
397	466
398	471
399	523
400	523
401	525
402	460
403	489
404	503
405	486
406	509
407	455
408	501
409	523
410	512
411	489
412	531
413	468
414	450
415	464
416	484
417	485
418	522
419	530
420	515
421	470
422	468
423	447
424	526
425	493
426	476
427	510
428	470
429	486
430	482
431	444
432	551
433	509
434	478
435	490
436	501
437	469
438	511
439	489
440	485
441	519
442	474
443	479
444	491
445	483
446	501
447	483
448	468
449	554
450	476
451	492
452	524
453	503
454	478
455	499
456	536
457	491
458	510
459	476
460	524
461	517
462	520
463	482
464	514
465	527
466	507
467	490
468	502
469	502
470	479
471	514
472	546
473	518
474	459
475	494
476	491
477	483
478	491
479	524
480	501
481	469
482	490
483	536
484	515
485	500
486	538
487	474
488	487
489	536
490	519
491	514
492	530
493	502
494	515
495	517
496	513
497	477
498	505
499	497
500	526
501	518
502	514
503	539
504	544
505	511
506	519
507	533
508	554
509	545
510	517
511	498
512	534
513	501
514	566
515	486
516	524
517	527
518	493
519	492
520	540
521	533
522	564
523	513
524	517
525	492
526	503
527	513
528	551
529	508
530	472
531	512
532	522
533	529
534	554
535	526
536	499
537	539
538	454
539	505
540	521
541	471
542	534
543	501
544	504
545	524
546	567
547	522
548	600
549	590
550	526
551	529
552	483
553	552
554	517
555	508
556	528
557	571
558	535
559	525
560	562
561	530
562	553
563	560
564	541
565	545
566	533
567	551
568	553
569	509
570	562
571	528
572	500
573	558
574	531
575	536
576	541
577	534
578	563
579	547
580	571
581	582
582	574
583	538
584	544
585	526
586	576
587	523
588	550
589	547
590	618
591	525
592	558
593	558
594	579
595	606
596	573
597	555
598	628
599	549
600	583
601	611
602	628
603	602
604	638
605	579
606	580
607	590
608	629
609	589
610	616
611	589
612	618
613	614
614	612
615	623
616	571
617	624
618	621
619	631
620	567
621	597
622	580
623	592
624	581
625	617
626	601
627	581
628	584
629	595
630	606
631	606
632	571
633	632
634	592
635	610
636	587
637	675
638	601
639	649
640	636
641	534
642	674
643	640
644	635
645	626
646	581
647	588
648	602
649	620
650	638
651	598
652	606
653	615
654	595
655	595
656	580
657	635
658	600
659	606
660	565
661	581
662	638
663	654
664	614
665	610
666	603
667	568
668	617
669	587
670	586
671	585
672	618
673	591
674	577
675	604
676	585
677	555
678	551
679	602
680	565
681	535
682	543
683	536
684	516
685	494
686	528
687	523
688	508
689	505
690	550
691	501
692	514
693	482
694	497
695	476
696	505
697	453
698	457
699	484
700	446
701	463
702	478
703	435
704	466
705	452
706	423
707	445
708	393
709	412
710	432
711	423
712	415
713	456
714	419
715	433
716	411
717	409
718	390
719	395
720	420
721	417
722	440
723	417
724	409
725	426
726	446
727	423
728	400
729	413
730	403
731	413
732	376
733	392
734	367
735	364
736	418
737	338
738	435
739	393
740	380
741	410
742	390
743	371
744	413
745	351
746	341
747	386
748	397
749	361
750	384
751	360
752	381
753	371
754	405
755	399
756	369
757	359
758	365
759	364
760	439
761	373
762	339
763	362
764	378
765	369
766	398
767	389
768	380
769	368
770	397
771	387
772	337
773	357
774	380
775	338
776	341
777	360
778	322
779	349
780	356
781	346
782	349
783	345
784	348
785	308
786	339
787	363
788	288
789	331
790	354
791	309
792	282
793	347
794	337
795	330
796	298
797	367
798	315
799	364
800	364
801	431
802	380
803	418
804	419
805	475
806	458
807	495
808	546
809	537
810	615
811	592
812	627
813	678
814	685
815	774
816	779
817	873
818	969
819	1072
820	1061
821	1111
822	1193
823	1280
824	1379
825	1417
826	1488
827	1570
828	1670
829	1777
830	1777
831	1904
832	1937
833	2024
834	2164
835	2200
836	2184
837	2349
838	2345
839	2406
840	2331
841	2363
842	2476
843	2528
844	2402
845	2420
846	2478
847	2491
848	2491
849	2451
850	2373
851	2320
852	2315
853	2247
854	2158
855	2156
856	2156
857	1967
858	2025
859	2036
860	1853
861	1714
862	1653
863	1522
864	1388
865	1406
866	1331
867	1219
868	1149
869	1092
870	993
871	933
872	908
873	818
874	786
875	724
876	632
877	605
878	559
879	546
880	417
881	411
882	387
883	376
884	353
885	309
886	260
887	261
888	234
889	233
890	225
891	185
892	189
893	202
894	187
895	157
896	132
897	160
898	139
899	148
900	192
901	170
902	143
903	178
904	152
905	180
906	173
907	170
908	170
909	200
910	220
911	203
912	228
913	256
914	282
915	285
916	334
917	366
918	393
919	412
920	416
921	431
922	469
923	542
924	518
925	549
926	608
927	724
928	709
929	786
930	791
931	878
932	973
933	1001
934	1022
935	1117
936	1122
937	1200
938	1300
939	1302
940	1416
941	1443
942	1507
943	1572
944	1692
945	1737
946	1659
947	1808
948	1740
949	1918
950	1925
951	1889
952	1952
953	2048
954	1998
955	2047
956	2013
957	2071
958	2060
959	1987
960	2034
961	1986
962	1990
963	1937
964	1915
965	1932
966	1821
967	1759
968	1765
969	1746
970	1695
971	1685
972	1555
973	1457
974	1438
975	1427
976	1283
977	1228
978	1142
979	1169
980	1109
981	944
982	994
983	844
984	854
985	792
986	765
987	706
988	658
989	562
990	567
991	503
992	470
993	457
994	413
995	384
996	370
997	332
998	299
999	276
1000	280
1001	235
1002	236
1003	221
1004	206
1005	206
1006	179
1007	145
1008	161
1009	145
1010	164
1011	159
1012	142
1013	135
1014	144
1015	126
1016	120
1017	114
1018	127
1019	112
1020	119
1021	99
1022	113
1023	123
1024	119
1025	105
1026	101
1027	111
1028	121
1029	97
1030	117
1031	108
1032	100
1033	123
1034	89
1035	112
1036	88
1037	95
1038	98
1039	107
1040	107
1041	101
1042	120
1043	98
1044	94
1045	95
1046	105
1047	99
1048	106
1049	123
1050	100
1051	116
1052	104
1053	107
1054	116
1055	82
1056	109
1057	114
1058	81
1059	94
1060	85
1061	98
1062	88
1063	104
1064	88
1065	110
1066	97
1067	99
1068	102
1069	104
1070	95
1071	92
1072	108
1073	94
1074	111
1075	97
1076	86
1077	94
1078	84
1079	92
1080	88
1081	88
1082	99
1083	113
1084	91
1085	99
1086	86
1087	96
1088	78
1089	92
1090	85
1091	100
1092	88
1093	89
1094	110
1095	102
1096	98
1097	90
1098	98
1099	81
1100	86
1101	91
1102	100
1103	80
1104	77
1105	102
1106	89
1107	96
1108	82
1109	90
1110	90
1111	96
1112	86
1113	103
1114	107
1115	79
1116	87
1117	83
1118	84
1119	97
1120	98
1121	107
1122	95
1123	82
1124	95
1125	92
1126	96
1127	93
1128	100
1129	95
1130	90
1131	98
1132	99
1133	94
1134	86
1135	88
1136	85
1137	103
1138	91
1139	107
1140	87
1141	118
1142	104
1143	96
1144	113
1145	97
1146	86
1147	95
1148	90
1149	110
1150	98
1151	78
1152	92
1153	93
1154	87
1155	93
1156	96
1157	106
1158	106
1159	85
1160	83
1161	94
1162	78
1163	116
1164	93
1165	96
1166	85
1167	82
1168	92
1169	88
1170	105
1171	83
1172	74
1173	83
1174	72
1175	93
1176	98
1177	85
1178	90
1179	81
1180	81
1181	79
1182	90
1183	68
1184	99
1185	71
1186	92
1187	80
1188	94
1189	85
1190	91
1191	100
1192	90
1193	89
1194	86
1195	90
1196	88
1197	86
1198	85
1199	93
1200	100
1201	93
1202	99
1203	77
1204	82
1205	78
1206	83
1207	80
1208	63
1209	77
1210	85
1211	80
1212	101
1213	76
1214	89
1215	85
1216	88
1217	78
1218	76
1219	82
1220	81
1221	77
1222	86
1223	86
1224	83
1225	85
1226	74
1227	80
1228	88
1229	88
1230	77
1231	77
1232	95
1233	58
1234	86
1235	73
1236	87
1237	93
1238	89
1239	71
1240	87
1241	75
1242	82
1243	95
1244	76
1245	84
1246	91
1247	73
1248	96
1249	73
1250	57
1251	97
1252	97
1253	86
1254	75
1255	72
1256	86
1257	82
1258	82
1259	84
1260	98
1261	78
1262	83
1263	81
1264	94
1265	80
1266	92
1267	74
1268	84
1269	78
1270	86
1271	70
1272	63
1273	88
1274	76
1275	83
1276	68
1277	66
1278	91
1279	68
1280	70
1281	68
1282	67
1283	61
1284	82
1285	77
1286	68
1287	78
1288	75
1289	57
1290	78
1291	72
1292	67
1293	79
1294	80
1295	79
1296	86
1297	82
1298	71
1299	76
1300	60
1301	73
1302	74
1303	81
1304	60
1305	69
1306	76
1307	54
1308	73
1309	73
1310	82
1311	53
1312	73
1313	69
1314	83
1315	55
1316	70
1317	63
1318	58
1319	88
1320	81
1321	75
1322	82
1323	74
1324	82
1325	74
1326	88
1327	63
1328	69
1329	82
1330	59
1331	62
1332	74
1333	78
1334	72
1335	61
1336	77
1337	75
1338	48
1339	82
1340	58
1341	81
1342	77
1343	72
1344	65
1345	62
1346	73
1347	60
1348	64
1349	76
1350	83
1351	80
1352	67
1353	57
1354	56
1355	51
1356	77
1357	85
1358	74
1359	59
1360	78
1361	81
1362	82
1363	80
1364	58
1365	68
1366	56
1367	77
1368	68
1369	77
1370	55
1371	69
1372	72
1373	63
1374	56
1375	58
1376	85
1377	65
1378	78
1379	75
1380	66
1381	70
1382	67
1383	79
1384	73
1385	86
1386	63
1387	60
1388	56
1389	58
1390	67
1391	88
1392	56
1393	72
1394	65
1395	51
1396	63
1397	66
1398	78
1399	54
1400	68
1401	71
1402	68
1403	60
1404	66
1405	64
1406	93
1407	62
1408	61
1409	83
1410	72
1411	76
1412	75
1413	65
1414	78
1415	66
1416	58
1417	75
1418	69
1419	65
1420	75
1421	80
1422	60
1423	76
1424	67
1425	60
1426	56
1427	57
1428	73
1429	69
1430	74
1431	72
1432	68
1433	61
1434	68
1435	50
1436	67
1437	64
1438	61
1439	77
1440	50
1441	56
1442	73
1443	63
1444	62
1445	67
1446	76
1447	80
1448	60
1449	69
1450	62
1451	73
1452	71
1453	69
1454	59
1455	64
1456	74
1457	67
1458	77
1459	72
1460	70
1461	65
1462	66
1463	73
1464	65
1465	74
1466	58
1467	60
1468	65
1469	71
1470	69
1471	60
1472	59
1473	75
1474	78
1475	68
1476	59
1477	74
1478	69
1479	72
1480	65
1481	74
1482	55
1483	61
1484	67
1485	52
1486	85
1487	74
1488	53
1489	77
1490	60
1491	74
1492	57
1493	68
1494	82
1495	59
1496	71
1497	59
1498	61
1499	62
1500	53
1501	60
1502	60
1503	70
1504	68
1505	65
1506	77
1507	63
1508	65
1509	54
1510	68
1511	72
1512	51
1513	55
1514	63
1515	64
1516	58
1517	60
1518	83
1519	60
1520	67
1521	68
1522	53
1523	64
1524	72
1525	64
1526	67
1527	68
1528	77
1529	66
1530	71
1531	67
1532	61
1533	61
1534	64
1535	71
1536	50
1537	59
1538	70
1539	57
1540	88
1541	71
1542	65
1543	77
1544	58
1545	53
1546	63
1547	73
1548	73
1549	69
1550	66
1551	64
1552	76
1553	58
1554	79
1555	63
1556	66
1557	67
1558	62
1559	63
1560	72
1561	74
1562	84
1563	61
1564	70
1565	55
1566	76
1567	75
1568	59
1569	74
1570	57
1571	62
1572	68
1573	47
1574	63
1575	76
1576	62
1577	81
1578	61
1579	64
1580	57
1581	66
1582	67
1583	59
1584	67
1585	75
1586	79
1587	70
1588	76
1589	84
1590	46
1591	62
1592	62
1593	85
1594	73
1595	64
1596	57
1597	70
1598	61
1599	94
1600	66
1601	76
1602	69
1603	56
1604	70
1605	69
1606	63
1607	65
1608	72
1609	77
1610	67
1611	61
1612	74
1613	63
1614	69
1615	72
1616	60
1617	70
1618	49
1619	65
1620	67
1621	70
1622	68
1623	58
1624	80
1625	66
1626	48
1627	42
1628	66
1629	49
1630	62
1631	62
1632	72
1633	71
1634	75
1635	51
1636	54
1637	50
1638	57
1639	60
1640	51
1641	60
1642	58
1643	48
1644	44
1645	51
1646	57
1647	53
1648	52
1649	49
1650	48
1651	43
1652	44
1653	46
1654	49
1655	49
1656	36
1657	49
1658	29
1659	36
1660	41
1661	46
1662	29
1663	29
1664	27
1665	43
1666	43
1667	29
1668	33
1669	28
1670	24
1671	30
1672	31
1673	23
1674	29
1675	32
1676	22
1677	25
1678	28
1679	36
1680	25
1681	31
1682	23
1683	14
1684	24
1685	32
1686	20
1687	22
1688	20
1689	17
1690	17
1691	20
1692	29
1693	25
1694	36
1695	18
1696	16
1697	16
1698	25
1699	8
1700	21
1701	23
1702	11
1703	25
1704	17
1705	11
1706	15
1707	19
1708	20
1709	13
1710	14
1711	12
1712	14
1713	22
1714	11
1715	13
1716	9
1717	18
1718	15
1719	7
1720	11
1721	19
1722	11
1723	10
1724	9
1725	12
1726	15
1727	14
1728	10
1729	14
1730	13
1731	13
1732	12
1733	15
1734	7
1735	11
1736	14
1737	12
1738	10
1739	16
1740	12
1741	7
1742	15
1743	10
1744	16
1745	17
1746	9
1747	15
1748	17
1749	15
1750	17
1751	21
1752	24
1753	29
1754	28
1755	32
1756	29
1757	28
1758	31
1759	20
1760	24
1761	31
1762	34
1763	40
1764	32
1765	39
1766	40
1767	44
1768	48
1769	46
1770	68
1771	65
1772	61
1773	64
1774	65
1775	70
1776	76
1777	73
1778	83
1779	69
1780	82
1781	80
1782	82
1783	95
1784	97
1785	92
1786	130
1787	111
1788	129
1789	123
1790	116
1791	110
1792	115
1793	151
1794	127
1795	148
1796	133
1797	134
1798	124
1799	138
1800	148
1801	176
1802	164
1803	158
1804	150
1805	144
1806	143
1807	172
1808	176
1809	169
1810	166
1811	198
1812	173
1813	146
1814	165
1815	159
1816	161
1817	191
1818	159
1819	169
1820	187
1821	129
1822	161
1823	150
1824	154
1825	140
1826	149
1827	164
1828	137
1829	133
1830	128
1831	147
1832	127
1833	110
1834	146
1835	99
1836	121
1837	108
1838	101
1839	103
1840	95
1841	91
1842	106
1843	107
1844	92
1845	83
1846	75
1847	63
1848	67
1849	74
1850	53
1851	63
1852	65
1853	69
1854	74
1855	46
1856	56
1857	59
1858	44
1859	32
1860	38
1861	41
1862	28
1863	42
1864	24
1865	39
1866	22
1867	28
1868	28
1869	18
1870	32
1871	18
1872	14
1873	20
1874	13
1875	15
1876	13
1877	10
1878	10
1879	8
1880	8
1881	6
1882	6
1883	4
1884	6
1885	6
1886	4
1887	4
1888	8
1889	3
1890	5
1891	4
1892	4
1893	1
1894	5
1895	8
1896	0
1897	4
1898	1
1899	2
1900	3
1901	1
1902	0
1903	3
1904	3
1905	2
1906	1
1907	3
1908	2
1909	0
1910	2
1911	1
1912	4
1913	2
1914	1
1915	1
1916	2
1917	0
1918	0
1919	1
1920	1
1921	0
1922	0
1923	0
1924	2
1925	1
1926	1
1927	0
1928	1
1929	4
1930	1
1931	0
1932	0
1933	2
1934	0
1935	1
1936	0
1937	0
1938	0
1939	1
1940	0
1941	1
1942	1
1943	2
1944	1
1945	0
1946	3
1947	0
1948	0
1949	0
1950	0
1951	1
1952	0
1953	1
1954	0
1955	0
1956	3
1957	0
1958	1
1959	0
1960	0
1961	0
1962	1
1963	2
1964	1
1965	1
1966	1
1967	0
1968	0
1969	1
1970	0
1971	0
1972	0
1973	2
1974	0
1975	2
1976	0
1977	0
1978	1
1979	0
1980	0
1981	0
1982	0
1983	0
1984	1
1985	0
1986	2
1987	0
1988	2
1989	0
1990	0
1991	0
1992	0
1993	2
1994	0
1995	0
1996	0
1997	0
1998	0
1999	0
2000	0
2001	0
2002	1
2003	2
2004	0
2005	0
2006	1
2007	3
2008	0
2009	0
2010	0
2011	0
2012	0
2013	0
2014	0
2015	0
2016	1
2017	2
2018	3
2019	1
2020	0
2021	0
2022	1
2023	0
2024	0
2025	1
2026	2
2027	0
2028	2
2029	0
2030	2
2031	0
2032	0
2033	1
2034	0
2035	0
2036	0
2037	1
2038	1
2039	0
2040	1
2041	0
2042	1
2043	0
2044	0
2045	0
2046	2
2047	0
