0	0
1	0
2	0
3	0
4	0
5	0
6	0
7	0
8	0
9	0
10	127
11	230
12	245
13	245
14	234
15	226
16	271
17	267
18	221
19	252
20	238
21	248
22	249
23	242
24	275
25	271
26	286
27	252
28	268
29	244
30	237
31	248
32	248
33	273
34	283
35	275
36	274
37	274
38	282
39	258
40	275
41	299
42	267
43	283
44	245
45	245
46	255
47	287
48	279
49	281
50	253
51	279
52	257
53	272
54	245
55	257
56	288
57	264
58	262
59	269
60	251
61	260
62	234
63	261
64	275
65	246
66	282
67	296
68	297
69	264
70	283
71	256
72	260
73	283
74	264
75	271
76	256
77	266
78	285
79	242
80	254
81	269
82	231
83	274
84	252
85	254
86	261
87	274
88	255
89	287
90	278
91	274
92	266
93	246
94	269
95	243
96	268
97	246
98	275
99	240
100	250
101	269
102	255
103	271
104	272
105	282
106	264
107	271
108	267
109	276
110	233
111	257
112	277
113	262
114	252
115	220
116	282
117	272
118	270
119	276
120	256
121	278
122	278
123	278
124	254
125	278
126	301
127	265
128	288
129	303
130	303
131	292
132	325
133	319
134	307
135	317
136	332
137	365
138	313
139	342
140	342
141	348
142	339
143	320
144	320
145	320
146	308
147	336
148	314
149	337
150	303
151	355
152	329
153	300
154	312
155	311
156	312
157	325
158	309
159	308
160	312
161	319
162	315
163	322
164	327
165	350
166	297
167	312
168	304
169	302
170	307
171	278
172	301
173	318
174	317
175	286
176	304
177	309
178	308
179	275
180	295
181	299
182	303
183	303
184	291
185	272
186	288
187	296
188	317
189	269
190	282
191	303
192	279
193	288
194	306
195	260
196	296
197	282
198	265
199	276
200	275
201	266
202	301
203	301
204	274
205	277
206	305
207	274
208	291
209	265
210	292
211	284
212	288
213	261
214	263
215	277
216	302
217	312
218	294
219	318
220	272
221	288
222	291
223	292
224	287
225	263
226	295
227	279
228	290
229	303
230	295
231	254
232	264
233	292
234	300
235	279
236	305
237	285
238	270
239	275
240	272
241	263
242	265
243	248
244	251
245	223
246	220
247	245
248	217
249	232
250	191
251	185
252	184
253	167
254	169
255	142
256	166
257	169
258	142
259	148
260	154
261	144
262	156
263	132
264	147
265	134
266	131
267	139
268	131
269	140
270	127
271	110
272	119
273	116
274	125
275	134
276	109
277	109
278	116
279	114
280	120
281	109
282	109
283	113
284	110
285	128
286	104
287	116
288	108
289	115
290	95
291	93
292	109
293	94
294	93
295	101
296	105
297	78
298	85
299	94
300	109
301	97
302	106
303	103
304	101
305	93
306	115
307	99
308	95
309	96
310	107
311	96
312	101
313	95
314	95
315	93
316	83
317	120
318	124
319	90
320	97
321	101
322	108
323	105
324	107
325	98
326	99
327	109
328	110
329	104
330	97
331	104
332	88
333	90
334	107
335	128
336	105
337	119
338	120
339	117
340	104
341	130
342	107
343	159
344	158
345	162
346	173
347	197
348	221
349	267
350	326
351	336
352	387
353	440
354	532
355	596
356	727
357	790
358	919
359	976
360	1075
361	1247
362	1338
363	1528
364	1641
365	1887
366	2003
367	2077
368	2245
369	2477
370	2505
371	2656
372	2720
373	2994
374	3016
375	3017
376	3146
377	3127
378	3227
379	3100
380	3095
381	3022
382	2832
383	2894
384	2726
385	2626
386	2451
387	2252
388	2023
389	1920
390	1723
391	1577
392	1456
393	1265
394	1123
395	959
396	838
397	745
398	642
399	578
400	481
401	390
402	349
403	283
404	246
405	212
406	197
407	157
408	133
409	119
410	114
411	91
412	101
413	88
414	90
415	91
416	95
417	97
418	94
419	80
420	77
421	93
422	81
423	70
424	64
425	82
426	66
427	91
428	68
429	71
430	84
431	89
432	79
433	69
434	77
435	85
436	73
437	75
438	68
439	68
440	67
441	69
442	83
443	72
444	81
445	90
446	61
447	85
448	73
449	86
450	75
451	75
452	87
453	70
454	91
455	84
456	70
457	71
458	74
459	65
460	80
461	83
462	76
463	59
464	67
465	71
466	77
467	61
468	86
469	74
470	84
471	71
472	93
473	76
474	68
475	80
476	84
477	83
478	82
479	76
480	84
481	80
482	62
483	81
484	66
485	81
486	75
487	70
488	76
489	89
490	84
491	86
492	76
493	68
494	78
495	90
496	81
497	88
498	90
499	66
500	76
501	98
502	88
503	68
504	91
505	86
506	88
507	93
508	80
509	94
510	94
511	88
512	80
513	105
514	90
515	95
516	77
517	99
518	96
519	104
520	96
521	98
522	93
523	98
524	114
525	87
526	102
527	85
528	87
529	77
530	88
531	84
532	72
533	93
534	92
535	99
536	88
537	92
538	84
539	75
540	68
541	90
542	82
543	84
544	89
545	77
546	76
547	81
548	74
549	95
550	84
551	89
552	74
553	99
554	81
555	102
556	80
557	100
558	78
559	90
560	74
561	101
562	96
563	90
564	70
565	82
566	82
567	100
568	91
569	91
570	85
571	83
572	101
573	67
574	80
575	95
576	84
577	89
578	67
579	78
580	75
581	80
582	87
583	73
584	84
585	73
586	85
587	67
588	90
589	82
590	95
591	73
592	90
593	78
594	80
595	75
596	81
597	70
598	86
599	77
600	64
601	81
602	95
603	70
604	103
605	90
606	63
607	85
608	76
609	71
610	73
611	80
612	63
613	88
614	77
615	67
616	99
617	84
618	73
619	83
620	81
621	93
622	101
623	70
624	80
625	72
626	78
627	66
628	77
629	82
630	78
631	66
632	84
633	85
634	77
635	82
636	86
637	76
638	75
639	80
640	83
641	69
642	91
643	82
644	61
645	80
646	78
647	84
648	81
649	92
650	80
651	73
652	70
653	82
654	65
655	89
656	92
657	75
658	57
659	74
660	65
661	72
662	80
663	85
664	77
665	87
666	76
667	73
668	82
669	85
670	81
671	79
672	86
673	85
674	57
675	78
676	85
677	87
678	83
679	75
680	73
681	73
682	73
683	65
684	72
685	80
686	71
687	75
688	75
689	89
690	71
691	68
692	83
693	72
694	66
695	78
696	70
697	75
698	67
699	75
700	77
701	69
702	78
703	79
704	67
705	72
706	81
707	76
708	80
709	75
710	81
711	87
712	90
713	96
714	64
715	85
716	85
717	74
718	62
719	74
720	78
721	85
722	73
723	78
724	80
725	73
726	78
727	91
728	70
729	84
730	72
731	89
732	75
733	75
734	58
735	77
736	80
737	88
738	86
739	78
740	78
741	67
742	76
743	78
744	63
745	67
746	70
747	86
748	67
749	78
750	70
751	66
752	75
753	62
754	63
755	75
756	57
757	64
758	63
759	45
760	65
761	54
762	62
763	68
764	49
765	57
766	59
767	70
768	49
769	69
770	54
771	61
772	56
773	51
774	65
775	57
776	53
777	56
778	60
779	56
780	44
781	65
782	51
783	47
784	50
785	53
786	45
787	78
788	50
789	70
790	53
791	42
792	39
793	51
794	42
795	50
796	45
797	60
798	53
799	48
800	48
801	38
802	46
803	49
804	43
805	45
806	36
807	64
808	43
809	52
810	34
811	43
812	51
813	42
814	45
815	48
816	44
817	42
818	41
819	49
820	48
821	60
822	46
823	49
824	40
825	41
826	42
827	49
828	33
829	41
830	57
831	53
832	40
833	49
834	55
835	53
836	28
837	36
838	32
839	45
840	39
841	36
842	40
843	46
844	44
845	39
846	39
847	43
848	54
849	33
850	41
851	44
852	50
853	38
854	45
855	41
856	47
857	33
858	46
859	49
860	41
861	39
862	36
863	38
864	57
865	37
866	44
867	55
868	49
869	69
870	61
871	42
872	53
873	65
874	59
875	75
876	86
877	82
878	68
879	83
880	88
881	96
882	90
883	89
884	110
885	129
886	117
887	116
888	120
889	124
890	143
891	138
892	140
893	145
894	150
895	164
896	178
897	179
898	206
899	216
900	222
901	276
902	215
903	241
904	244
905	256
906	251
907	261
908	269
909	263
910	297
911	285
912	343
913	306
914	320
915	312
916	291
917	306
918	276
919	269
920	304
921	306
922	299
923	298
924	294
925	283
926	286
927	306
928	312
929	277
930	247
931	229
932	243
933	227
934	221
935	214
936	240
937	190
938	210
939	172
940	147
941	165
942	173
943	146
944	159
945	123
946	129
947	113
948	129
949	109
950	109
951	83
952	91
953	101
954	85
955	89
956	78
957	75
958	74
959	71
960	74
961	71
962	75
963	66
964	80
965	77
966	55
967	63
968	80
969	56
970	51
971	59
972	69
973	55
974	69
975	65
976	53
977	54
978	63
979	46
980	65
981	51
982	50
983	56
984	59
985	67
986	56
987	53
988	48
989	59
990	62
991	55
992	56
993	57
994	58
995	77
996	56
997	56
998	50
999	72
1000	61
1001	53
1002	59
1003	50
1004	56
1005	65
1006	60
1007	59
1008	49
1009	56
1010	42
1011	43
1012	70
1013	55
1014	53
1015	58
1016	45
1017	63
1018	63
1019	53
1020	53
1021	54
1022	54
1023	58
1024	60
1025	52
1026	55
1027	46
1028	63
1029	64
1030	54
1031	58
1032	53
1033	59
1034	66
1035	58
1036	52
1037	50
1038	57
1039	52
1040	66
1041	48
1042	60
1043	60
1044	59
1045	51
1046	69
1047	44
1048	55
1049	60
1050	55
1051	58
1052	56
1053	62
1054	64
1055	61
1056	71
1057	64
1058	51
1059	62
1060	56
1061	50
1062	58
1063	59
1064	45
1065	53
1066	49
1067	68
1068	55
1069	53
1070	62
1071	56
1072	62
1073	45
1074	71
1075	63
1076	59
1077	57
1078	65
1079	58
1080	66
1081	67
1082	59
1083	51
1084	55
1085	48
1086	63
1087	46
1088	56
1089	65
1090	59
1091	52
1092	45
1093	50
1094	55
1095	50
1096	72
1097	46
1098	52
1099	59
1100	57
1101	40
1102	50
1103	54
1104	60
1105	49
1106	43
1107	53
1108	59
1109	54
1110	49
1111	65
1112	52
1113	61
1114	59
1115	56
1116	55
1117	72
1118	57
1119	44
1120	39
1121	61
1122	60
1123	45
1124	51
1125	53
1126	41
1127	61
1128	40
1129	36
1130	54
1131	55
1132	48
1133	48
1134	41
1135	42
1136	28
1137	52
1138	48
1139	62
1140	58
1141	51
1142	43
1143	40
1144	39
1145	42
1146	43
1147	45
1148	40
1149	62
1150	46
1151	43
1152	35
1153	35
1154	40
1155	26
1156	38
1157	36
1158	44
1159	39
1160	35
1161	23
1162	35
1163	35
1164	25
1165	25
1166	29
1167	35
1168	27
1169	31
1170	39
1171	27
1172	33
1173	27
1174	25
1175	27
1176	37
1177	24
1178	16
1179	26
1180	23
1181	21
1182	20
1183	14
1184	25
1185	16
1186	19
1187	15
1188	18
1189	15
1190	18
1191	17
1192	12
1193	12
1194	21
1195	17
1196	15
1197	16
1198	13
1199	10
1200	12
1201	21
1202	14
1203	13
1204	13
1205	16
1206	8
1207	12
1208	10
1209	18
1210	8
1211	12
1212	13
1213	12
1214	10
1215	9
1216	16
1217	9
1218	7
1219	11
1220	12
1221	11
1222	13
1223	8
1224	10
1225	10
1226	8
1227	10
1228	15
1229	9
1230	11
1231	18
1232	15
1233	12
1234	15
1235	7
1236	20
1237	17
1238	7
1239	9
1240	19
1241	15
1242	17
1243	13
1244	14
1245	21
1246	20
1247	24
1248	29
1249	20
1250	20
1251	25
1252	25
1253	23
1254	24
1255	28
1256	36
1257	39
1258	44
1259	43
1260	42
1261	43
1262	54
1263	50
1264	44
1265	53
1266	52
1267	65
1268	85
1269	71
1270	81
1271	89
1272	83
1273	97
1274	108
1275	99
1276	103
1277	118
1278	114
1279	132
1280	138
1281	129
1282	133
1283	114
1284	150
1285	139
1286	126
1287	160
1288	133
1289	159
1290	159
1291	155
1292	155
1293	178
1294	189
1295	190
1296	174
1297	182
1298	164
1299	179
1300	159
1301	183
1302	183
1303	158
1304	168
1305	171
1306	156
1307	176
1308	171
1309	166
1310	156
1311	153
1312	150
1313	164
1314	148
1315	138
1316	131
1317	132
1318	117
1319	129
1320	104
1321	101
1322	91
1323	66
1324	88
1325	85
1326	92
1327	92
1328	74
1329	78
1330	81
1331	64
1332	63
1333	58
1334	55
1335	61
1336	53
1337	50
1338	38
1339	36
1340	34
1341	30
1342	34
1343	25
1344	28
1345	21
1346	16
1347	18
1348	13
1349	17
1350	10
1351	12
1352	11
1353	6
1354	9
1355	8
1356	11
1357	10
1358	6
1359	2
1360	5
1361	8
1362	2
1363	3
1364	4
1365	3
1366	1
1367	4
1368	1
1369	2
1370	1
1371	1
1372	2
1373	2
1374	4
1375	0
1376	2
1377	2
1378	3
1379	3
1380	1
1381	2
1382	0
1383	3
1384	2
1385	0
1386	3
1387	0
1388	0
1389	0
1390	1
1391	1
1392	2
1393	1
1394	2
1395	2
1396	0
1397	2
1398	2
1399	4
1400	1
1401	1
1402	0
1403	1
1404	2
1405	0
1406	1
1407	1
1408	1
1409	2
1410	0
1411	1
1412	3
1413	2
1414	3
1415	1
1416	5
1417	0
1418	4
1419	0
1420	1
1421	3
1422	0
1423	1
1424	1
1425	1
1426	1
1427	2
1428	2
1429	2
1430	2
1431	0
1432	0
1433	5
1434	2
1435	1
1436	1
1437	6
1438	0
1439	1
1440	4
1441	2
1442	5
1443	0
1444	2
1445	1
1446	2
1447	1
1448	0
1449	1
1450	3
1451	5
1452	2
1453	4
1454	4
1455	2
1456	1
1457	5
1458	3
1459	5
1460	1
1461	1
1462	4
1463	2
1464	2
1465	1
1466	0
1467	1
1468	3
1469	1
1470	4
1471	7
1472	3
1473	2
1474	3
1475	1
1476	0
1477	0
1478	1
1479	1
1480	2
1481	2
1482	0
1483	0
1484	0
1485	1
1486	1
1487	0
1488	1
1489	2
1490	0
1491	0
1492	2
1493	1
1494	4
1495	0
1496	2
1497	0
1498	1
1499	2
1500	4
1501	1
1502	0
1503	0
1504	2
1505	1
1506	1
1507	0
1508	0
1509	0
1510	0
1511	1
1512	1
1513	0
1514	1
1515	0
1516	1
1517	1
1518	0
1519	0
1520	3
1521	0
1522	1
1523	0
1524	2
1525	1
1526	2
1527	0
1528	1
1529	1
1530	1
1531	2
1532	1
1533	1
1534	0
1535	0
1536	1
1537	0
1538	1
1539	0
1540	0
1541	1
1542	1
1543	0
1544	2
1545	0
1546	0
1547	0
1548	0
1549	0
1550	1
1551	2
1552	0
1553	1
1554	1
1555	0
1556	1
1557	1
1558	2
1559	1
1560	0
1561	1
1562	1
1563	1
1564	0
1565	1
1566	0
1567	0
1568	0
1569	1
1570	1
1571	0
1572	1
1573	0
1574	0
1575	1
1576	1
1577	0
1578	2
1579	0
1580	0
1581	0
1582	0
1583	0
1584	0
1585	0
1586	0
1587	0
1588	0
1589	0
1590	0
1591	0
1592	0
1593	0
1594	0
1595	0
1596	1
1597	0
1598	0
1599	0
1600	0
1601	0
1602	0
1603	0
1604	0
1605	0
1606	0
1607	0
1608	1
1609	0
1610	0
1611	1
1612	0
1613	0
1614	1
1615	0
1616	0
1617	0
1618	0
1619	0
1620	0
1621	0
1622	0
1623	0
1624	0
1625	0
1626	0
1627	1
1628	0
1629	0
1630	0
1631	1
1632	0
1633	1
1634	1
1635	0
1636	0
1637	1
1638	0
1639	1
1640	0
1641	0
1642	0
1643	0
1644	1
1645	0
1646	0
1647	0
1648	0
1649	1
1650	0
1651	0
1652	0
1653	0
1654	0
1655	1
1656	1
1657	0
1658	0
1659	0
1660	0
1661	1
1662	0
1663	0
1664	0
1665	0
1666	1
1667	0
1668	1
1669	1
1670	0
1671	0
1672	0
1673	0
1674	0
1675	0
1676	1
1677	0
1678	1
1679	0
1680	0
1681	0
1682	0
1683	0
1684	0
1685	1
1686	1
1687	0
1688	0
1689	0
1690	0
1691	1
1692	0
1693	0
1694	0
1695	1
1696	1
1697	0
1698	0
1699	1
1700	1
1701	1
1702	0
1703	1
1704	1
1705	0
1706	0
1707	1
1708	0
1709	0
1710	0
1711	0
1712	0
1713	0
1714	0
1715	0
1716	0
1717	0
1718	0
1719	0
1720	1
1721	0
1722	0
1723	0
1724	0
1725	0
1726	0
1727	0
1728	0
1729	0
1730	0
1731	0
1732	0
1733	0
1734	0
1735	0
1736	0
1737	0
1738	0
1739	0
1740	0
1741	0
1742	0
1743	0
1744	0
1745	0
1746	0
1747	0
1748	0
1749	0
1750	0
1751	0
1752	0
1753	0
1754	0
1755	0
1756	0
1757	0
1758	0
1759	0
1760	0
1761	0
1762	1
1763	1
1764	0
1765	0
1766	0
1767	0
1768	0
1769	0
1770	0
1771	0
1772	0
1773	0
1774	0
1775	0
1776	1
1777	2
1778	0
1779	0
1780	0
1781	0
1782	0
1783	0
1784	0
1785	0
1786	0
1787	0
1788	0
1789	0
1790	0
1791	0
1792	0
1793	1
1794	0
1795	0
1796	0
1797	0
1798	0
1799	1
1800	0
1801	0
1802	1
1803	1
1804	0
1805	0
1806	0
1807	0
1808	0
1809	0
1810	1
1811	0
1812	0
1813	0
1814	0
1815	1
1816	0
1817	1
1818	1
1819	0
1820	0
1821	0
1822	1
1823	0
1824	1
1825	0
1826	0
1827	1
1828	1
1829	1
1830	0
1831	0
1832	0
1833	0
1834	0
1835	0
1836	0
1837	0
1838	0
1839	0
1840	1
1841	0
1842	0
1843	0
1844	1
1845	1
1846	0
1847	0
1848	0
1849	1
1850	0
1851	0
1852	1
1853	0
1854	0
1855	0
1856	0
1857	0
1858	2
1859	0
1860	1
1861	0
1862	0
1863	0
1864	0
1865	2
1866	0
1867	0
1868	0
1869	0
1870	0
1871	0
1872	1
1873	0
1874	0
1875	0
1876	0
1877	0
1878	0
1879	0
1880	0
1881	1
1882	0
1883	0
1884	0
1885	0
1886	0
1887	0
1888	0
1889	0
1890	1
1891	0
1892	0
1893	0
1894	0
1895	0
1896	0
1897	0
1898	0
1899	0
1900	0
1901	1
1902	0
1903	0
1904	0
1905	0
1906	0
1907	0
1908	0
1909	0
1910	0
1911	0
1912	0
1913	0
1914	0
1915	0
1916	0
1917	0
1918	0
1919	0
1920	0
1921	0
1922	0
1923	0
1924	0
1925	0
1926	0
1927	0
1928	1
1929	0
1930	1
1931	0
1932	0
1933	0
1934	0
1935	0
1936	0
1937	0
1938	0
1939	1
1940	0
1941	2
1942	0
1943	0
1944	0
1945	0
1946	0
1947	0
1948	0
1949	0
1950	0
1951	1
1952	1
1953	1
1954	0
1955	0
1956	0
1957	0
1958	0
1959	0
1960	1
1961	0
1962	0
1963	0
1964	0
1965	0
1966	0
1967	0
1968	2
1969	0
1970	0
1971	0
1972	0
1973	0
1974	0
1975	0
1976	0
1977	0
1978	0
1979	0
1980	2
1981	0
1982	0
1983	0
1984	0
1985	0
1986	0
1987	0
1988	0
1989	0
1990	0
1991	0
1992	0
1993	0
1994	0
1995	0
1996	0
1997	0
1998	0
1999	0
2000	0
2001	0
2002	0
2003	0
2004	0
2005	0
2006	0
2007	0
2008	1
2009	1
2010	0
2011	0
2012	0
2013	0
2014	0
2015	0
2016	0
2017	0
2018	0
2019	0
2020	0
2021	0
2022	0
2023	0
2024	0
2025	0
2026	0
2027	0
2028	0
2029	0
2030	0
2031	0
2032	0
2033	0
2034	0
2035	0
2036	0
2037	0
2038	0
2039	0
2040	0
2041	0
2042	0
2043	0
2044	0
2045	0
2046	0
2047	0
