0	0
1	0
2	0
3	0
4	0
5	0
6	0
7	0
8	0
9	0
10	29
11	69
12	76
13	56
14	92
15	151
16	340
17	910
18	1433
19	1503
20	1068
21	750
22	392
23	144
24	38
25	7
26	9
27	7
28	4
29	7
30	6
31	5
32	8
33	5
34	5
35	12
36	10
37	5
38	8
39	12
40	11
41	11
42	18
43	20
44	29
45	41
46	39
47	56
48	33
49	26
50	18
51	20
52	25
53	24
54	18
55	20
56	25
57	29
58	28
59	31
60	21
61	38
62	33
63	39
64	55
65	89
66	132
67	148
68	238
69	291
70	301
71	332
72	342
73	277
74	145
75	77
76	47
77	28
78	9
79	8
80	9
81	10
82	3
83	7
84	7
85	4
86	6
87	8
88	3
89	5
90	3
91	8
92	8
93	9
94	16
95	6
96	6
97	8
98	5
99	3
100	6
101	9
102	6
103	10
104	8
105	5
106	8
107	6
108	12
109	4
110	8
111	7
112	6
113	10
114	5
115	3
116	7
117	3
118	5
119	7
120	5
121	12
122	11
123	2
124	5
125	6
126	8
127	5
128	5
129	4
130	3
131	7
132	9
133	6
134	4
135	8
136	4
137	8
138	3
139	5
140	4
141	5
142	6
143	4
144	8
145	4
146	5
147	5
148	5
149	5
150	2
151	3
152	5
153	6
154	3
155	8
156	4
157	9
158	5
159	2
160	2
161	2
162	4
163	5
164	6
165	5
166	5
167	5
168	6
169	4
170	7
171	5
172	2
173	3
174	4
175	5
176	6
177	9
178	3
179	3
180	7
181	4
182	3
183	4
184	5
185	4
186	2
187	5
188	4
189	2
190	4
191	2
192	1
193	3
194	1
195	5
196	5
197	6
198	3
199	3
200	1
201	3
202	5
203	2
204	6
205	3
206	4
207	3
208	3
209	6
210	4
211	2
212	3
213	3
214	2
215	4
216	2
217	6
218	3
219	4
220	4
221	1
222	5
223	4
224	1
225	5
226	5
227	3
228	3
229	3
230	3
231	3
232	1
233	5
234	2
235	2
236	1
237	3
238	2
239	2
240	2
241	4
242	4
243	1
244	4
245	6
246	3
247	1
248	3
249	1
250	3
251	2
252	5
253	5
254	2
255	1
256	1
257	3
258	1
259	2
260	0
261	1
262	1
263	1
264	3
265	2
266	3
267	0
268	3
269	1
270	3
271	4
272	1
273	1
274	1
275	2
276	1
277	5
278	2
279	2
280	2
281	7
282	4
283	2
284	2
285	2
286	4
287	2
288	1
289	2
290	0
291	3
292	3
293	2
294	3
295	2
296	1
297	3
298	2
299	3
300	3
301	1
302	2
303	1
304	1
305	3
306	0
307	1
308	0
309	2
310	1
311	1
312	2
313	0
314	1
315	2
316	3
317	3
318	0
319	0
320	1
321	1
322	1
323	4
324	0
325	2
326	2
327	2
328	5
329	3
330	1
331	0
332	0
333	3
334	0
335	1
336	3
337	3
338	1
339	4
340	2
341	1
342	0
343	3
344	2
345	2
346	1
347	1
348	0
349	1
350	2
351	2
352	3
353	1
354	4
355	2
356	3
357	3
358	3
359	2
360	1
361	3
362	1
363	1
364	2
365	1
366	2
367	2
368	1
369	1
370	4
371	2
372	2
373	1
374	2
375	1
376	1
377	1
378	0
379	0
380	3
381	2
382	2
383	1
384	4
385	1
386	0
387	3
388	0
389	0
390	2
391	0
392	4
393	0
394	0
395	4
396	1
397	2
398	0
399	2
400	2
401	1
402	1
403	0
404	0
405	0
406	2
407	2
408	3
409	2
410	3
411	1
412	0
413	0
414	0
415	0
416	1
417	1
418	2
419	0
420	1
421	0
422	2
423	0
424	1
425	0
426	1
427	2
428	3
429	0
430	2
431	3
432	1
433	0
434	0
435	1
436	2
437	3
438	0
439	1
440	2
441	0
442	1
443	0
444	2
445	1
446	1
447	0
448	1
449	0
450	2
451	0
452	0
453	0
454	0
455	0
456	0
457	1
458	2
459	0
460	0
461	2
462	1
463	1
464	1
465	0
466	0
467	1
468	2
469	0
470	0
471	1
472	1
473	0
474	1
475	0
476	0
477	2
478	3
479	1
480	0
481	2
482	2
483	2
484	2
485	0
486	0
487	2
488	0
489	0
490	1
491	0
492	0
493	0
494	1
495	0
496	1
497	2
498	1
499	0
500	1
501	0
502	1
503	0
504	1
505	1
506	0
507	1
508	0
509	2
510	0
511	3
512	1
513	0
514	0
515	1
516	2
517	1
518	0
519	2
520	1
521	0
522	1
523	0
524	0
525	2
526	2
527	1
528	3
529	2
530	0
531	0
532	0
533	1
534	0
535	4
536	1
537	0
538	0
539	0
540	1
541	0
542	1
543	1
544	1
545	1
546	0
547	1
548	3
549	1
550	1
551	0
552	2
553	0
554	1
555	1
556	1
557	1
558	0
559	0
560	2
561	0
562	1
563	1
564	0
565	1
566	0
567	0
568	1
569	0
570	0
571	0
572	1
573	0
574	0
575	0
576	1
577	0
578	1
579	1
580	1
581	1
582	1
583	3
584	0
585	1
586	1
587	0
588	0
589	0
590	0
591	1
592	0
593	0
594	1
595	0
596	0
597	0
598	0
599	1
600	0
601	0
602	2
603	0
604	0
605	1
606	0
607	0
608	1
609	1
610	1
611	0
612	2
613	1
614	0
615	0
616	0
617	1
618	1
619	0
620	2
621	2
622	0
623	1
624	1
625	0
626	1
627	0
628	2
629	0
630	1
631	0
632	1
633	0
634	0
635	1
636	1
637	0
638	2
639	0
640	1
641	0
642	2
643	0
644	3
645	1
646	1
647	0
648	1
649	0
650	0
651	6
652	1
653	0
654	0
655	1
656	0
657	0
658	2
659	1
660	0
661	1
662	1
663	0
664	2
665	0
666	1
667	1
668	1
669	1
670	1
671	1
672	3
673	0
674	0
675	1
676	0
677	1
678	2
679	1
680	3
681	1
682	2
683	0
684	1
685	1
686	0
687	0
688	0
689	1
690	3
691	1
692	1
693	0
694	1
695	1
696	0
697	1
698	0
699	1
700	1
701	0
702	1
703	0
704	1
705	0
706	1
707	0
708	0
709	0
710	0
711	2
712	0
713	0
714	1
715	0
716	2
717	0
718	0
719	0
720	0
721	0
722	0
723	0
724	0
725	0
726	0
727	0
728	0
729	2
730	0
731	0
732	0
733	2
734	0
735	2
736	1
737	0
738	0
739	1
740	0
741	0
742	0
743	1
744	2
745	1
746	0
747	0
748	0
749	0
750	0
751	0
752	0
753	0
754	0
755	0
756	2
757	0
758	1
759	1
760	1
761	0
762	1
763	1
764	0
765	0
766	0
767	1
768	0
769	0
770	0
771	0
772	0
773	1
774	1
775	1
776	0
777	0
778	1
779	0
780	0
781	0
782	0
783	0
784	0
785	0
786	0
787	1
788	0
789	0
790	0
791	1
792	1
793	1
794	1
795	0
796	1
797	1
798	0
799	0
800	0
801	0
802	2
803	1
804	0
805	1
806	0
807	0
808	1
809	1
810	0
811	0
812	1
813	2
814	0
815	1
816	0
817	0
818	0
819	0
820	0
821	2
822	1
823	1
824	0
825	0
826	1
827	1
828	0
829	0
830	0
831	0
832	0
833	0
834	0
835	0
836	1
837	0
838	0
839	1
840	1
841	1
842	0
843	0
844	1
845	1
846	0
847	0
848	1
849	1
850	0
851	0
852	0
853	0
854	0
855	0
856	0
857	1
858	0
859	0
860	1
861	0
862	0
863	0
864	0
865	0
866	0
867	0
868	0
869	0
870	0
871	0
872	0
873	0
874	1
875	0
876	0
877	0
878	0
879	0
880	1
881	1
882	0
883	0
884	2
885	0
886	0
887	0
888	0
889	1
890	0
891	0
892	1
893	0
894	1
895	0
896	0
897	0
898	1
899	0
900	0
901	0
902	0
903	1
904	0
905	0
906	0
907	0
908	0
909	0
910	1
911	0
912	0
913	0
914	0
915	0
916	1
917	0
918	0
919	0
920	1
921	0
922	2
923	1
924	0
925	2
926	1
927	0
928	0
929	1
930	0
931	0
932	1
933	0
934	0
935	0
936	1
937	0
938	1
939	1
940	0
941	0
942	1
943	2
944	0
945	0
946	0
947	0
948	0
949	0
950	0
951	0
952	0
953	1
954	0
955	0
956	2
957	0
958	0
959	0
960	0
961	0
962	1
963	0
964	0
965	0
966	0
967	0
968	0
969	0
970	0
971	0
972	0
973	0
974	0
975	0
976	1
977	0
978	1
979	0
980	0
981	2
982	0
983	0
984	1
985	0
986	0
987	0
988	0
989	0
990	0
991	0
992	0
993	0
994	0
995	1
996	0
997	0
998	0
999	0
1000	0
1001	1
1002	0
1003	0
1004	0
1005	2
1006	1
1007	0
1008	0
1009	1
1010	0
1011	0
1012	1
1013	1
1014	0
1015	1
1016	0
1017	1
1018	0
1019	0
1020	1
1021	1
1022	1
1023	0
1024	1
1025	2
1026	1
1027	0
1028	0
1029	2
1030	0
1031	1
1032	0
1033	0
1034	0
1035	1
1036	1
1037	0
1038	0
1039	0
1040	1
1041	0
1042	0
1043	0
1044	1
1045	0
1046	1
1047	0
1048	0
1049	0
1050	0
1051	1
1052	0
1053	1
1054	0
1055	0
1056	1
1057	1
1058	0
1059	0
1060	0
1061	1
1062	1
1063	0
1064	0
1065	1
1066	0
1067	0
1068	1
1069	1
1070	0
1071	0
1072	0
1073	0
1074	0
1075	0
1076	0
1077	0
1078	0
1079	1
1080	1
1081	0
1082	0
1083	0
1084	0
1085	0
1086	1
1087	0
1088	0
1089	0
1090	0
1091	0
1092	0
1093	0
1094	0
1095	0
1096	0
1097	0
1098	1
1099	0
1100	0
1101	0
1102	1
1103	0
1104	0
1105	0
1106	1
1107	0
1108	0
1109	1
1110	0
1111	0
1112	0
1113	0
1114	0
1115	0
1116	0
1117	1
1118	0
1119	0
1120	0
1121	0
1122	0
1123	0
1124	0
1125	0
1126	0
1127	0
1128	0
1129	0
1130	0
1131	0
1132	2
1133	0
1134	0
1135	1
1136	2
1137	0
1138	1
1139	0
1140	1
1141	1
1142	1
1143	0
1144	0
1145	0
1146	0
1147	0
1148	1
1149	0
1150	0
1151	0
1152	0
1153	0
1154	0
1155	0
1156	1
1157	0
1158	0
1159	0
1160	0
1161	1
1162	0
1163	0
1164	0
1165	0
1166	0
1167	1
1168	1
1169	3
1170	0
1171	0
1172	0
1173	1
1174	0
1175	0
1176	0
1177	0
1178	0
1179	0
1180	0
1181	0
1182	1
1183	0
1184	0
1185	0
1186	0
1187	0
1188	0
1189	0
1190	1
1191	1
1192	1
1193	0
1194	0
1195	0
1196	0
1197	0
1198	0
1199	1
1200	0
1201	0
1202	1
1203	0
1204	0
1205	0
1206	0
1207	0
1208	0
1209	0
1210	0
1211	0
1212	0
1213	0
1214	1
1215	1
1216	0
1217	0
1218	0
1219	2
1220	0
1221	0
1222	0
1223	0
1224	0
1225	1
1226	0
1227	0
1228	1
1229	0
1230	0
1231	0
1232	0
1233	0
1234	0
1235	0
1236	0
1237	0
1238	1
1239	0
1240	0
1241	1
1242	0
1243	0
1244	0
1245	0
1246	0
1247	0
1248	0
1249	0
1250	0
1251	0
1252	0
1253	0
1254	1
1255	0
1256	1
1257	0
1258	0
1259	0
1260	0
1261	0
1262	0
1263	0
1264	0
1265	0
1266	0
1267	0
1268	0
1269	1
1270	0
1271	0
1272	0
1273	1
1274	0
1275	0
1276	0
1277	0
1278	0
1279	0
1280	0
1281	0
1282	0
1283	1
1284	0
1285	0
1286	1
1287	0
1288	0
1289	0
1290	0
1291	0
1292	0
1293	1
1294	0
1295	0
1296	0
1297	0
1298	0
1299	0
1300	1
1301	0
1302	0
1303	0
1304	0
1305	0
1306	0
1307	0
1308	1
1309	0
1310	1
1311	0
1312	0
1313	0
1314	0
1315	0
1316	0
1317	0
1318	0
1319	0
1320	0
1321	0
1322	0
1323	0
1324	0
1325	0
1326	1
1327	0
1328	0
1329	0
1330	0
1331	0
1332	0
1333	0
1334	1
1335	0
1336	0
1337	0
1338	1
1339	0
1340	0
1341	0
1342	0
1343	1
1344	0
1345	0
1346	0
1347	1
1348	0
1349	0
1350	0
1351	0
1352	0
1353	0
1354	0
1355	0
1356	0
1357	0
1358	0
1359	0
1360	0
1361	0
1362	0
1363	1
1364	0
1365	0
1366	0
1367	0
1368	0
1369	0
1370	0
1371	0
1372	0
1373	0
1374	0
1375	0
1376	0
1377	0
1378	0
1379	0
1380	0
1381	0
1382	0
1383	0
1384	0
1385	0
1386	0
1387	0
1388	0
1389	0
1390	1
1391	0
1392	0
1393	0
1394	0
1395	1
1396	0
1397	0
1398	0
1399	0
1400	0
1401	0
1402	0
1403	0
1404	0
1405	0
1406	0
1407	0
1408	0
1409	0
1410	0
1411	0
1412	0
1413	0
1414	0
1415	0
1416	0
1417	1
1418	0
1419	0
1420	0
1421	1
1422	0
1423	0
1424	0
1425	0
1426	0
1427	0
1428	1
1429	0
1430	1
1431	0
1432	0
1433	0
1434	0
1435	1
1436	0
1437	0
1438	0
1439	0
1440	0
1441	0
1442	1
1443	0
1444	0
1445	0
1446	0
1447	0
1448	0
1449	0
1450	0
1451	0
1452	0
1453	0
1454	0
1455	0
1456	0
1457	0
1458	0
1459	0
1460	0
1461	0
1462	0
1463	0
1464	0
1465	0
1466	0
1467	0
1468	0
1469	0
1470	0
1471	0
1472	0
1473	0
1474	0
1475	0
1476	0
1477	0
1478	0
1479	0
1480	0
1481	0
1482	0
1483	0
1484	0
1485	0
1486	0
1487	0
1488	0
1489	0
1490	0
1491	0
1492	0
1493	1
1494	0
1495	0
1496	0
1497	0
1498	0
1499	0
1500	1
1501	0
1502	0
1503	0
1504	0
1505	0
1506	0
1507	0
1508	0
1509	0
1510	0
1511	0
1512	0
1513	0
1514	0
1515	0
1516	0
1517	0
1518	0
1519	0
1520	0
1521	0
1522	0
1523	0
1524	0
1525	0
1526	0
1527	0
1528	0
1529	0
1530	0
1531	1
1532	0
1533	0
1534	0
1535	1
1536	0
1537	1
1538	0
1539	0
1540	0
1541	0
1542	0
1543	0
1544	0
1545	0
1546	0
1547	0
1548	0
1549	1
1550	0
1551	0
1552	1
1553	0
1554	0
1555	0
1556	1
1557	1
1558	0
1559	0
1560	1
1561	0
1562	0
1563	0
1564	0
1565	0
1566	0
1567	0
1568	0
1569	0
1570	0
1571	0
1572	0
1573	1
1574	0
1575	0
1576	0
1577	0
1578	0
1579	0
1580	0
1581	1
1582	0
1583	0
1584	0
1585	0
1586	0
1587	0
1588	0
1589	0
1590	0
1591	0
1592	0
1593	0
1594	0
1595	0
1596	0
1597	0
1598	1
1599	0
1600	0
1601	0
1602	0
1603	0
1604	0
1605	0
1606	0
1607	0
1608	1
1609	0
1610	0
1611	0
1612	0
1613	0
1614	0
1615	1
1616	0
1617	0
1618	0
1619	0
1620	0
1621	0
1622	0
1623	0
1624	0
1625	0
1626	0
1627	0
1628	0
1629	0
1630	1
1631	0
1632	0
1633	0
1634	1
1635	0
1636	0
1637	0
1638	0
1639	0
1640	0
1641	0
1642	0
1643	0
1644	0
1645	0
1646	0
1647	1
1648	0
1649	0
1650	0
1651	0
1652	0
1653	0
1654	0
1655	1
1656	0
1657	0
1658	0
1659	0
1660	0
1661	0
1662	0
1663	0
1664	1
1665	0
1666	0
1667	0
1668	0
1669	1
1670	0
1671	0
1672	0
1673	0
1674	0
1675	0
1676	0
1677	0
1678	0
1679	0
1680	0
1681	0
1682	0
1683	0
1684	0
1685	0
1686	0
1687	0
1688	0
1689	0
1690	0
1691	0
1692	0
1693	0
1694	0
1695	0
1696	0
1697	1
1698	0
1699	0
1700	0
1701	0
1702	0
1703	0
1704	0
1705	0
1706	0
1707	0
1708	0
1709	0
1710	0
1711	0
1712	0
1713	0
1714	0
1715	0
1716	0
1717	0
1718	0
1719	0
1720	0
1721	0
1722	0
1723	1
1724	0
1725	0
1726	1
1727	0
1728	0
1729	0
1730	0
1731	0
1732	0
1733	0
1734	0
1735	0
1736	0
1737	0
1738	0
1739	0
1740	0
1741	0
1742	0
1743	0
1744	0
1745	0
1746	0
1747	0
1748	0
1749	0
1750	0
1751	0
1752	0
1753	0
1754	0
1755	0
1756	0
1757	0
1758	0
1759	0
1760	0
1761	0
1762	0
1763	0
1764	0
1765	0
1766	0
1767	1
1768	0
1769	0
1770	0
1771	0
1772	1
1773	0
1774	0
1775	0
1776	0
1777	0
1778	0
1779	0
1780	0
1781	0
1782	0
1783	0
1784	0
1785	0
1786	0
1787	0
1788	0
1789	1
1790	0
1791	0
1792	0
1793	0
1794	0
1795	0
1796	0
1797	0
1798	0
1799	0
1800	0
1801	0
1802	0
1803	0
1804	0
1805	0
1806	0
1807	1
1808	0
1809	0
1810	0
1811	0
1812	0
1813	0
1814	0
1815	0
1816	0
1817	0
1818	0
1819	0
1820	0
1821	0
1822	0
1823	0
1824	0
1825	1
1826	1
1827	1
1828	0
1829	0
1830	0
1831	0
1832	2
1833	0
1834	0
1835	0
1836	1
1837	0
1838	0
1839	0
1840	0
1841	0
1842	0
1843	0
1844	0
1845	0
1846	0
1847	0
1848	0
1849	0
1850	0
1851	0
1852	0
1853	0
1854	0
1855	0
1856	0
1857	1
1858	0
1859	0
1860	1
1861	0
1862	0
1863	0
1864	0
1865	0
1866	0
1867	1
1868	0
1869	0
1870	0
1871	0
1872	1
1873	0
1874	0
1875	0
1876	0
1877	0
1878	1
1879	0
1880	0
1881	1
1882	0
1883	0
1884	0
1885	0
1886	0
1887	0
1888	0
1889	0
1890	0
1891	0
1892	0
1893	0
1894	0
1895	0
1896	0
1897	0
1898	0
1899	0
1900	1
1901	0
1902	0
1903	0
1904	0
1905	0
1906	0
1907	0
1908	0
1909	0
1910	0
1911	0
1912	0
1913	0
1914	0
1915	0
1916	0
1917	0
1918	0
1919	0
1920	0
1921	0
1922	0
1923	0
1924	0
1925	0
1926	0
1927	0
1928	0
1929	0
1930	0
1931	0
1932	0
1933	0
1934	0
1935	0
1936	0
1937	0
1938	0
1939	1
1940	0
1941	0
1942	0
1943	0
1944	0
1945	0
1946	0
1947	0
1948	0
1949	0
1950	0
1951	0
1952	0
1953	0
1954	0
1955	0
1956	0
1957	0
1958	0
1959	0
1960	0
1961	0
1962	0
1963	0
1964	0
1965	0
1966	0
1967	0
1968	0
1969	0
1970	0
1971	0
1972	0
1973	0
1974	0
1975	0
1976	0
1977	0
1978	0
1979	0
1980	0
1981	0
1982	0
1983	0
1984	0
1985	0
1986	0
1987	0
1988	0
1989	0
1990	0
1991	0
1992	0
1993	0
1994	0
1995	0
1996	0
1997	0
1998	0
1999	0
2000	0
2001	0
2002	0
2003	0
2004	0
2005	0
2006	0
2007	0
2008	0
2009	0
2010	0
2011	0
2012	0
2013	0
2014	0
2015	0
2016	0
2017	0
2018	0
2019	0
2020	0
2021	0
2022	0
2023	0
2024	1
2025	0
2026	0
2027	0
2028	0
2029	0
2030	0
2031	0
2032	0
2033	0
2034	0
2035	0
2036	0
2037	0
2038	0
2039	0
2040	0
2041	0
2042	0
2043	0
2044	0
2045	0
2046	0
2047	0
