0	0
1	0
2	0
3	0
4	0
5	0
6	0
7	0
8	0
9	0
10	31
11	71
12	78
13	64
14	96
15	151
16	317
17	879
18	1466
19	1511
20	1081
21	734
22	385
23	157
24	30
25	11
26	6
27	12
28	2
29	8
30	7
31	6
32	4
33	8
34	6
35	7
36	8
37	10
38	9
39	8
40	10
41	12
42	16
43	27
44	31
45	49
46	47
47	32
48	30
49	19
50	22
51	18
52	23
53	19
54	18
55	24
56	28
57	25
58	30
59	36
60	31
61	35
62	33
63	52
64	54
65	68
66	111
67	142
68	222
69	290
70	315
71	364
72	319
73	263
74	154
75	97
76	51
77	26
78	9
79	19
80	10
81	7
82	5
83	6
84	3
85	7
86	7
87	3
88	8
89	12
90	8
91	1
92	8
93	5
94	2
95	3
96	7
97	4
98	8
99	11
100	8
101	7
102	5
103	1
104	5
105	5
106	9
107	7
108	4
109	8
110	7
111	4
112	6
113	7
114	6
115	7
116	8
117	10
118	3
119	3
120	4
121	5
122	1
123	6
124	7
125	4
126	11
127	4
128	8
129	8
130	12
131	7
132	9
133	4
134	7
135	3
136	4
137	5
138	12
139	5
140	3
141	4
142	7
143	9
144	4
145	10
146	7
147	1
148	5
149	5
150	5
151	4
152	3
153	4
154	5
155	7
156	4
157	4
158	6
159	7
160	6
161	5
162	4
163	1
164	6
165	8
166	4
167	3
168	6
169	2
170	3
171	7
172	3
173	7
174	4
175	6
176	5
177	2
178	6
179	3
180	1
181	4
182	7
183	5
184	2
185	2
186	3
187	6
188	2
189	7
190	6
191	9
192	5
193	3
194	3
195	1
196	7
197	3
198	5
199	6
200	1
201	1
202	4
203	3
204	1
205	3
206	1
207	7
208	5
209	4
210	4
211	6
212	3
213	5
214	3
215	1
216	5
217	6
218	0
219	2
220	5
221	1
222	4
223	2
224	6
225	2
226	2
227	1
228	4
229	1
230	3
231	3
232	1
233	7
234	4
235	2
236	2
237	3
238	4
239	2
240	0
241	5
242	2
243	3
244	3
245	3
246	0
247	1
248	1
249	1
250	2
251	4
252	3
253	2
254	1
255	0
256	3
257	2
258	4
259	3
260	2
261	2
262	5
263	2
264	1
265	3
266	1
267	3
268	4
269	4
270	2
271	1
272	1
273	2
274	4
275	0
276	5
277	3
278	3
279	1
280	1
281	0
282	0
283	0
284	2
285	2
286	0
287	5
288	1
289	2
290	0
291	0
292	3
293	0
294	2
295	5
296	0
297	2
298	2
299	1
300	0
301	0
302	3
303	0
304	2
305	2
306	3
307	3
308	1
309	2
310	2
311	1
312	2
313	0
314	2
315	1
316	2
317	4
318	0
319	2
320	1
321	2
322	2
323	2
324	1
325	0
326	0
327	0
328	0
329	3
330	1
331	3
332	0
333	1
334	2
335	3
336	1
337	3
338	2
339	1
340	2
341	2
342	4
343	1
344	2
345	1
346	2
347	4
348	4
349	5
350	0
351	1
352	1
353	3
354	2
355	2
356	1
357	1
358	4
359	1
360	1
361	6
362	2
363	1
364	1
365	2
366	2
367	1
368	2
369	0
370	0
371	3
372	4
373	2
374	1
375	0
376	2
377	1
378	4
379	3
380	6
381	3
382	2
383	4
384	0
385	2
386	1
387	0
388	4
389	2
390	1
391	3
392	2
393	1
394	1
395	0
396	2
397	0
398	1
399	2
400	0
401	1
402	2
403	0
404	0
405	2
406	1
407	3
408	1
409	0
410	2
411	1
412	2
413	0
414	1
415	3
416	0
417	1
418	3
419	0
420	2
421	1
422	1
423	3
424	1
425	1
426	0
427	0
428	2
429	4
430	0
431	1
432	1
433	1
434	0
435	0
436	1
437	1
438	1
439	0
440	2
441	0
442	2
443	2
444	2
445	1
446	4
447	0
448	1
449	1
450	0
451	2
452	0
453	0
454	2
455	1
456	0
457	1
458	3
459	0
460	1
461	3
462	1
463	1
464	1
465	2
466	0
467	0
468	1
469	2
470	0
471	1
472	1
473	1
474	3
475	2
476	0
477	1
478	1
479	0
480	2
481	3
482	0
483	1
484	1
485	0
486	2
487	0
488	3
489	1
490	2
491	0
492	1
493	1
494	0
495	0
496	1
497	1
498	1
499	1
500	1
501	0
502	1
503	1
504	2
505	0
506	1
507	1
508	0
509	0
510	0
511	1
512	1
513	0
514	0
515	1
516	2
517	1
518	0
519	0
520	0
521	2
522	0
523	1
524	1
525	0
526	0
527	1
528	0
529	1
530	0
531	0
532	3
533	0
534	0
535	1
536	0
537	1
538	0
539	0
540	1
541	0
542	0
543	2
544	1
545	0
546	0
547	2
548	0
549	0
550	2
551	1
552	0
553	0
554	1
555	1
556	0
557	1
558	0
559	0
560	1
561	0
562	0
563	0
564	0
565	1
566	1
567	1
568	1
569	0
570	0
571	0
572	2
573	1
574	0
575	1
576	0
577	0
578	0
579	3
580	0
581	3
582	2
583	0
584	1
585	0
586	0
587	0
588	0
589	1
590	0
591	0
592	1
593	0
594	3
595	1
596	1
597	2
598	0
599	1
600	2
601	0
602	1
603	2
604	0
605	1
606	2
607	0
608	1
609	0
610	0
611	1
612	2
613	1
614	1
615	2
616	2
617	0
618	0
619	1
620	0
621	0
622	0
623	2
624	0
625	0
626	0
627	1
628	3
629	1
630	0
631	3
632	2
633	3
634	1
635	0
636	0
637	0
638	1
639	0
640	1
641	0
642	2
643	0
644	1
645	0
646	0
647	3
648	0
649	1
650	0
651	0
652	0
653	0
654	0
655	1
656	0
657	0
658	0
659	0
660	0
661	1
662	0
663	0
664	0
665	0
666	1
667	0
668	2
669	0
670	0
671	0
672	2
673	0
674	0
675	0
676	0
677	2
678	0
679	2
680	0
681	1
682	1
683	1
684	1
685	0
686	0
687	1
688	0
689	0
690	0
691	0
692	2
693	1
694	1
695	1
696	1
697	3
698	0
699	1
700	0
701	0
702	1
703	0
704	0
705	1
706	0
707	0
708	3
709	0
710	2
711	1
712	0
713	1
714	1
715	0
716	1
717	0
718	0
719	2
720	0
721	0
722	0
723	0
724	0
725	0
726	0
727	3
728	1
729	0
730	0
731	0
732	0
733	2
734	0
735	2
736	1
737	0
738	0
739	1
740	0
741	0
742	0
743	0
744	0
745	2
746	0
747	0
748	0
749	1
750	0
751	0
752	1
753	1
754	0
755	0
756	0
757	0
758	0
759	0
760	0
761	0
762	0
763	0
764	1
765	0
766	2
767	0
768	1
769	1
770	2
771	0
772	0
773	1
774	0
775	1
776	1
777	0
778	0
779	1
780	0
781	0
782	0
783	0
784	0
785	0
786	0
787	0
788	0
789	0
790	0
791	1
792	1
793	0
794	0
795	0
796	0
797	0
798	0
799	0
800	0
801	0
802	1
803	2
804	0
805	0
806	0
807	0
808	0
809	0
810	1
811	1
812	1
813	0
814	0
815	1
816	0
817	1
818	0
819	0
820	2
821	0
822	0
823	3
824	2
825	0
826	0
827	0
828	1
829	0
830	0
831	0
832	0
833	0
834	0
835	0
836	0
837	0
838	1
839	1
840	1
841	0
842	1
843	0
844	0
845	0
846	1
847	2
848	0
849	0
850	0
851	0
852	0
853	0
854	0
855	2
856	0
857	2
858	0
859	0
860	0
861	1
862	0
863	0
864	0
865	0
866	1
867	1
868	0
869	0
870	2
871	0
872	1
873	1
874	0
875	0
876	0
877	0
878	0
879	0
880	0
881	0
882	1
883	0
884	0
885	0
886	0
887	1
888	0
889	1
890	0
891	0
892	0
893	0
894	0
895	0
896	0
897	0
898	0
899	0
900	0
901	1
902	1
903	0
904	1
905	0
906	1
907	0
908	2
909	0
910	0
911	0
912	0
913	0
914	1
915	0
916	0
917	1
918	0
919	0
920	0
921	0
922	0
923	0
924	0
925	1
926	0
927	0
928	0
929	0
930	0
931	0
932	0
933	1
934	0
935	1
936	0
937	0
938	0
939	0
940	1
941	1
942	0
943	0
944	1
945	0
946	0
947	0
948	0
949	0
950	0
951	0
952	0
953	0
954	1
955	0
956	0
957	0
958	0
959	1
960	0
961	1
962	0
963	0
964	0
965	1
966	0
967	1
968	0
969	0
970	1
971	0
972	0
973	0
974	0
975	0
976	0
977	1
978	1
979	0
980	0
981	0
982	1
983	1
984	0
985	0
986	1
987	0
988	1
989	1
990	0
991	0
992	2
993	1
994	0
995	0
996	0
997	0
998	0
999	0
1000	0
1001	1
1002	0
1003	1
1004	0
1005	0
1006	1
1007	0
1008	0
1009	0
1010	0
1011	1
1012	0
1013	0
1014	0
1015	0
1016	0
1017	0
1018	0
1019	1
1020	2
1021	2
1022	0
1023	0
1024	0
1025	1
1026	0
1027	0
1028	0
1029	0
1030	0
1031	1
1032	0
1033	0
1034	0
1035	0
1036	0
1037	0
1038	0
1039	0
1040	0
1041	1
1042	0
1043	1
1044	0
1045	0
1046	1
1047	0
1048	0
1049	0
1050	0
1051	1
1052	1
1053	0
1054	0
1055	0
1056	1
1057	0
1058	1
1059	1
1060	0
1061	0
1062	0
1063	0
1064	1
1065	0
1066	0
1067	0
1068	0
1069	0
1070	0
1071	1
1072	0
1073	0
1074	0
1075	0
1076	0
1077	0
1078	0
1079	0
1080	0
1081	0
1082	0
1083	0
1084	0
1085	0
1086	1
1087	0
1088	0
1089	1
1090	0
1091	0
1092	0
1093	0
1094	1
1095	0
1096	0
1097	0
1098	0
1099	1
1100	0
1101	1
1102	0
1103	0
1104	0
1105	0
1106	0
1107	1
1108	0
1109	0
1110	0
1111	0
1112	0
1113	0
1114	0
1115	0
1116	0
1117	0
1118	0
1119	0
1120	0
1121	0
1122	0
1123	1
1124	1
1125	0
1126	0
1127	0
1128	0
1129	0
1130	1
1131	0
1132	0
1133	0
1134	0
1135	0
1136	0
1137	0
1138	0
1139	0
1140	1
1141	1
1142	0
1143	0
1144	1
1145	0
1146	0
1147	2
1148	0
1149	0
1150	0
1151	0
1152	0
1153	0
1154	0
1155	0
1156	0
1157	1
1158	0
1159	0
1160	0
1161	1
1162	0
1163	1
1164	0
1165	0
1166	0
1167	0
1168	0
1169	0
1170	0
1171	0
1172	0
1173	1
1174	0
1175	0
1176	0
1177	0
1178	0
1179	0
1180	0
1181	0
1182	0
1183	0
1184	0
1185	2
1186	0
1187	0
1188	0
1189	0
1190	0
1191	0
1192	0
1193	0
1194	0
1195	0
1196	0
1197	0
1198	0
1199	0
1200	0
1201	1
1202	0
1203	0
1204	0
1205	0
1206	0
1207	0
1208	0
1209	0
1210	0
1211	0
1212	0
1213	0
1214	1
1215	1
1216	0
1217	1
1218	0
1219	0
1220	0
1221	0
1222	0
1223	0
1224	2
1225	1
1226	0
1227	0
1228	0
1229	0
1230	0
1231	0
1232	0
1233	0
1234	1
1235	1
1236	1
1237	0
1238	0
1239	0
1240	0
1241	1
1242	0
1243	0
1244	0
1245	0
1246	0
1247	0
1248	1
1249	0
1250	1
1251	0
1252	1
1253	0
1254	1
1255	0
1256	0
1257	0
1258	0
1259	0
1260	1
1261	0
1262	0
1263	0
1264	0
1265	0
1266	0
1267	1
1268	0
1269	0
1270	0
1271	0
1272	1
1273	0
1274	0
1275	0
1276	0
1277	0
1278	0
1279	0
1280	0
1281	1
1282	0
1283	0
1284	0
1285	0
1286	0
1287	0
1288	1
1289	0
1290	0
1291	0
1292	0
1293	0
1294	0
1295	0
1296	0
1297	0
1298	0
1299	1
1300	0
1301	0
1302	0
1303	0
1304	0
1305	0
1306	0
1307	0
1308	0
1309	0
1310	0
1311	0
1312	1
1313	0
1314	1
1315	1
1316	0
1317	0
1318	0
1319	0
1320	1
1321	0
1322	1
1323	0
1324	1
1325	0
1326	0
1327	0
1328	0
1329	2
1330	0
1331	0
1332	0
1333	0
1334	0
1335	0
1336	0
1337	0
1338	1
1339	0
1340	1
1341	0
1342	0
1343	0
1344	0
1345	1
1346	0
1347	0
1348	0
1349	0
1350	1
1351	0
1352	0
1353	0
1354	0
1355	0
1356	1
1357	1
1358	1
1359	0
1360	0
1361	0
1362	0
1363	0
1364	0
1365	0
1366	1
1367	1
1368	0
1369	0
1370	0
1371	0
1372	0
1373	0
1374	0
1375	0
1376	0
1377	0
1378	1
1379	0
1380	0
1381	0
1382	0
1383	1
1384	0
1385	1
1386	0
1387	0
1388	0
1389	0
1390	0
1391	0
1392	0
1393	0
1394	0
1395	0
1396	0
1397	0
1398	0
1399	1
1400	0
1401	0
1402	0
1403	0
1404	1
1405	0
1406	0
1407	0
1408	0
1409	0
1410	0
1411	0
1412	0
1413	1
1414	0
1415	0
1416	0
1417	0
1418	0
1419	0
1420	0
1421	0
1422	0
1423	0
1424	0
1425	0
1426	0
1427	0
1428	0
1429	1
1430	0
1431	0
1432	0
1433	0
1434	0
1435	0
1436	0
1437	0
1438	0
1439	0
1440	0
1441	0
1442	0
1443	0
1444	0
1445	0
1446	0
1447	0
1448	0
1449	1
1450	0
1451	1
1452	0
1453	0
1454	0
1455	0
1456	0
1457	0
1458	0
1459	1
1460	0
1461	0
1462	1
1463	0
1464	0
1465	0
1466	0
1467	0
1468	1
1469	0
1470	0
1471	1
1472	0
1473	0
1474	0
1475	0
1476	0
1477	1
1478	0
1479	0
1480	0
1481	0
1482	1
1483	1
1484	0
1485	0
1486	0
1487	0
1488	0
1489	0
1490	0
1491	0
1492	0
1493	0
1494	0
1495	0
1496	0
1497	0
1498	1
1499	0
1500	1
1501	0
1502	0
1503	0
1504	0
1505	0
1506	0
1507	0
1508	0
1509	0
1510	0
1511	0
1512	0
1513	0
1514	0
1515	1
1516	0
1517	0
1518	0
1519	0
1520	0
1521	0
1522	0
1523	0
1524	0
1525	0
1526	0
1527	0
1528	1
1529	0
1530	0
1531	0
1532	0
1533	0
1534	0
1535	0
1536	0
1537	0
1538	0
1539	0
1540	0
1541	0
1542	0
1543	1
1544	0
1545	0
1546	1
1547	0
1548	0
1549	0
1550	0
1551	0
1552	0
1553	0
1554	1
1555	0
1556	0
1557	0
1558	1
1559	0
1560	0
1561	0
1562	0
1563	1
1564	0
1565	0
1566	0
1567	0
1568	0
1569	0
1570	0
1571	0
1572	0
1573	1
1574	0
1575	0
1576	1
1577	0
1578	2
1579	0
1580	0
1581	0
1582	0
1583	0
1584	0
1585	1
1586	1
1587	0
1588	0
1589	0
1590	0
1591	0
1592	0
1593	0
1594	0
1595	0
1596	0
1597	0
1598	0
1599	0
1600	0
1601	0
1602	0
1603	0
1604	0
1605	0
1606	0
1607	0
1608	0
1609	0
1610	0
1611	0
1612	0
1613	0
1614	0
1615	0
1616	0
1617	0
1618	0
1619	0
1620	0
1621	0
1622	0
1623	0
1624	1
1625	0
1626	1
1627	0
1628	0
1629	0
1630	0
1631	0
1632	0
1633	0
1634	0
1635	0
1636	0
1637	0
1638	0
1639	0
1640	0
1641	0
1642	0
1643	0
1644	0
1645	0
1646	0
1647	0
1648	0
1649	0
1650	0
1651	0
1652	0
1653	0
1654	0
1655	0
1656	0
1657	0
1658	0
1659	0
1660	0
1661	0
1662	0
1663	0
1664	0
1665	0
1666	0
1667	0
1668	0
1669	0
1670	0
1671	0
1672	0
1673	0
1674	0
1675	0
1676	0
1677	0
1678	0
1679	0
1680	0
1681	0
1682	1
1683	0
1684	0
1685	1
1686	0
1687	0
1688	0
1689	0
1690	0
1691	0
1692	0
1693	1
1694	0
1695	0
1696	0
1697	0
1698	1
1699	0
1700	0
1701	1
1702	0
1703	0
1704	0
1705	0
1706	0
1707	0
1708	0
1709	0
1710	0
1711	0
1712	0
1713	0
1714	0
1715	0
1716	0
1717	0
1718	0
1719	0
1720	0
1721	0
1722	1
1723	0
1724	0
1725	0
1726	0
1727	0
1728	0
1729	1
1730	0
1731	0
1732	1
1733	0
1734	0
1735	0
1736	0
1737	0
1738	0
1739	0
1740	0
1741	0
1742	0
1743	0
1744	0
1745	0
1746	0
1747	0
1748	0
1749	0
1750	0
1751	0
1752	0
1753	0
1754	1
1755	0
1756	0
1757	0
1758	0
1759	0
1760	0
1761	2
1762	0
1763	0
1764	0
1765	0
1766	0
1767	0
1768	1
1769	0
1770	1
1771	0
1772	0
1773	0
1774	0
1775	0
1776	0
1777	0
1778	0
1779	0
1780	0
1781	0
1782	0
1783	0
1784	0
1785	0
1786	0
1787	1
1788	0
1789	0
1790	0
1791	0
1792	0
1793	0
1794	0
1795	0
1796	0
1797	0
1798	0
1799	0
1800	0
1801	0
1802	0
1803	0
1804	0
1805	0
1806	0
1807	0
1808	0
1809	0
1810	0
1811	0
1812	1
1813	0
1814	1
1815	0
1816	0
1817	0
1818	0
1819	0
1820	0
1821	0
1822	0
1823	0
1824	0
1825	0
1826	0
1827	0
1828	1
1829	0
1830	1
1831	0
1832	0
1833	0
1834	0
1835	0
1836	0
1837	0
1838	1
1839	0
1840	1
1841	0
1842	1
1843	0
1844	0
1845	0
1846	0
1847	0
1848	0
1849	1
1850	0
1851	0
1852	1
1853	0
1854	0
1855	0
1856	0
1857	0
1858	0
1859	0
1860	0
1861	0
1862	0
1863	1
1864	0
1865	0
1866	0
1867	0
1868	0
1869	0
1870	3
1871	0
1872	0
1873	0
1874	0
1875	0
1876	0
1877	0
1878	1
1879	0
1880	0
1881	0
1882	0
1883	0
1884	1
1885	0
1886	0
1887	0
1888	0
1889	0
1890	0
1891	0
1892	0
1893	0
1894	0
1895	0
1896	0
1897	0
1898	0
1899	0
1900	0
1901	0
1902	0
1903	1
1904	1
1905	0
1906	0
1907	0
1908	0
1909	0
1910	0
1911	1
1912	0
1913	0
1914	0
1915	0
1916	0
1917	0
1918	0
1919	0
1920	0
1921	0
1922	0
1923	0
1924	0
1925	0
1926	0
1927	0
1928	0
1929	0
1930	0
1931	0
1932	0
1933	0
1934	0
1935	0
1936	0
1937	0
1938	0
1939	0
1940	0
1941	0
1942	0
1943	0
1944	0
1945	0
1946	0
1947	0
1948	0
1949	0
1950	0
1951	0
1952	0
1953	0
1954	0
1955	0
1956	0
1957	0
1958	0
1959	0
1960	0
1961	0
1962	0
1963	0
1964	0
1965	0
1966	0
1967	0
1968	0
1969	0
1970	0
1971	0
1972	0
1973	0
1974	0
1975	0
1976	0
1977	0
1978	0
1979	0
1980	0
1981	0
1982	0
1983	0
1984	0
1985	0
1986	0
1987	0
1988	0
1989	0
1990	0
1991	0
1992	0
1993	0
1994	0
1995	0
1996	0
1997	0
1998	1
1999	0
2000	0
2001	0
2002	0
2003	0
2004	1
2005	0
2006	0
2007	0
2008	0
2009	0
2010	0
2011	0
2012	0
2013	0
2014	0
2015	1
2016	0
2017	0
2018	0
2019	1
2020	0
2021	0
2022	0
2023	0
2024	0
2025	0
2026	0
2027	0
2028	0
2029	1
2030	0
2031	0
2032	0
2033	0
2034	0
2035	0
2036	0
2037	0
2038	0
2039	0
2040	0
2041	0
2042	0
2043	0
2044	0
2045	0
2046	0
2047	0
