0	0
1	0
2	0
3	0
4	0
5	0
6	0
7	0
8	0
9	0
10	123
11	241
12	244
13	259
14	223
15	261
16	257
17	265
18	251
19	248
20	232
21	258
22	253
23	260
24	251
25	263
26	260
27	260
28	276
29	241
30	284
31	256
32	274
33	255
34	253
35	272
36	254
37	244
38	299
39	275
40	248
41	260
42	254
43	279
44	270
45	292
46	265
47	286
48	273
49	280
50	277
51	294
52	264
53	283
54	289
55	223
56	275
57	283
58	254
59	283
60	291
61	265
62	273
63	231
64	282
65	280
66	280
67	260
68	274
69	258
70	264
71	259
72	282
73	273
74	266
75	268
76	271
77	244
78	262
79	281
80	285
81	285
82	276
83	239
84	268
85	266
86	275
87	243
88	281
89	244
90	272
91	262
92	246
93	282
94	246
95	257
96	219
97	244
98	249
99	259
100	270
101	231
102	264
103	272
104	279
105	256
106	252
107	279
108	269
109	249
110	250
111	271
112	261
113	253
114	261
115	256
116	229
117	260
118	271
119	245
120	225
121	272
122	268
123	284
124	292
125	236
126	302
127	271
128	299
129	270
130	267
131	325
132	321
133	322
134	364
135	341
136	321
137	325
138	339
139	316
140	298
141	313
142	324
143	306
144	314
145	332
146	315
147	306
148	298
149	286
150	310
151	290
152	340
153	305
154	300
155	300
156	290
157	322
158	307
159	336
160	293
161	307
162	315
163	304
164	315
165	291
166	272
167	309
168	292
169	302
170	280
171	268
172	319
173	291
174	315
175	259
176	318
177	309
178	292
179	297
180	323
181	274
182	318
183	305
184	301
185	260
186	318
187	291
188	281
189	292
190	306
191	283
192	272
193	292
194	267
195	248
196	283
197	256
198	284
199	266
200	316
201	274
202	278
203	269
204	296
205	274
206	254
207	269
208	304
209	271
210	271
211	290
212	294
213	261
214	296
215	297
216	314
217	301
218	290
219	296
220	330
221	286
222	303
223	250
224	281
225	277
226	291
227	287
228	266
229	279
230	301
231	276
232	329
233	282
234	266
235	261
236	279
237	281
238	275
239	289
240	249
241	270
242	276
243	238
244	239
245	223
246	229
247	227
248	207
249	201
250	189
251	183
252	154
253	174
254	150
255	181
256	166
257	199
258	168
259	130
260	144
261	137
262	144
263	132
264	147
265	123
266	146
267	135
268	140
269	125
270	120
271	113
272	132
273	119
274	136
275	106
276	133
277	120
278	128
279	101
280	107
281	113
282	122
283	103
284	101
285	117
286	124
287	98
288	118
289	110
290	93
291	110
292	108
293	101
294	103
295	97
296	92
297	88
298	103
299	114
300	108
301	99
302	100
303	105
304	98
305	94
306	114
307	115
308	102
309	74
310	101
311	93
312	87
313	89
314	101
315	86
316	100
317	75
318	128
319	121
320	117
321	83
322	107
323	113
324	98
325	81
326	108
327	123
328	97
329	87
330	118
331	106
332	106
333	125
334	109
335	111
336	93
337	112
338	130
339	133
340	113
341	142
342	141
343	169
344	175
345	182
346	202
347	208
348	259
349	309
350	313
351	430
352	473
353	574
354	566
355	747
356	809
357	930
358	1023
359	1067
360	1280
361	1477
362	1652
363	1634
364	1827
365	2060
366	2240
367	2297
368	2368
369	2548
370	2620
371	2802
372	2900
373	3027
374	3050
375	3278
376	3154
377	3099
378	3152
379	3100
380	2939
381	3077
382	2783
383	2615
384	2578
385	2342
386	2141
387	2048
388	1855
389	1695
390	1542
391	1417
392	1215
393	1078
394	968
395	837
396	709
397	616
398	530
399	445
400	396
401	280
402	252
403	218
404	199
405	168
406	157
407	136
408	136
409	116
410	114
411	78
412	108
413	90
414	101
415	78
416	76
417	81
418	80
419	87
420	72
421	82
422	75
423	81
424	86
425	77
426	83
427	75
428	61
429	79
430	107
431	81
432	55
433	88
434	99
435	76
436	67
437	86
438	83
439	71
440	74
441	85
442	76
443	79
444	96
445	74
446	70
447	60
448	68
449	66
450	78
451	88
452	91
453	76
454	70
455	79
456	77
457	69
458	93
459	74
460	68
461	78
462	73
463	79
464	62
465	56
466	73
467	80
468	89
469	72
470	70
471	75
472	80
473	70
474	78
475	68
476	76
477	78
478	85
479	77
480	58
481	67
482	86
483	87
484	60
485	68
486	97
487	71
488	84
489	84
490	69
491	72
492	82
493	73
494	86
495	73
496	76
497	78
498	77
499	72
500	93
501	84
502	107
503	76
504	83
505	94
506	85
507	79
508	96
509	88
510	89
511	89
512	93
513	102
514	83
515	80
516	84
517	89
518	103
519	96
520	83
521	102
522	105
523	69
524	88
525	82
526	96
527	92
528	86
529	103
530	92
531	92
532	75
533	82
534	84
535	83
536	97
537	87
538	90
539	82
540	77
541	87
542	75
543	107
544	82
545	85
546	78
547	105
548	87
549	67
550	78
551	94
552	111
553	98
554	97
555	103
556	96
557	107
558	84
559	91
560	77
561	104
562	85
563	86
564	84
565	86
566	67
567	83
568	83
569	92
570	80
571	90
572	89
573	89
574	78
575	89
576	80
577	80
578	84
579	76
580	90
581	87
582	70
583	81
584	85
585	92
586	80
587	87
588	73
589	88
590	79
591	91
592	78
593	84
594	102
595	65
596	74
597	80
598	84
599	93
600	91
601	88
602	71
603	85
604	69
605	100
606	73
607	65
608	86
609	77
610	89
611	97
612	78
613	74
614	82
615	74
616	84
617	81
618	58
619	82
620	71
621	64
622	79
623	83
624	89
625	81
626	75
627	95
628	88
629	84
630	70
631	81
632	83
633	72
634	83
635	77
636	83
637	88
638	85
639	72
640	87
641	79
642	74
643	79
644	82
645	85
646	86
647	76
648	81
649	72
650	79
651	73
652	88
653	76
654	91
655	72
656	76
657	69
658	72
659	84
660	77
661	72
662	60
663	75
664	83
665	63
666	84
667	71
668	71
669	77
670	77
671	80
672	80
673	87
674	83
675	79
676	85
677	72
678	79
679	88
680	84
681	74
682	81
683	72
684	78
685	82
686	80
687	83
688	78
689	77
690	75
691	81
692	86
693	76
694	77
695	73
696	77
697	69
698	78
699	79
700	78
701	80
702	73
703	85
704	85
705	86
706	83
707	82
708	75
709	94
710	86
711	80
712	82
713	91
714	74
715	74
716	83
717	64
718	76
719	78
720	82
721	73
722	92
723	84
724	61
725	94
726	75
727	63
728	80
729	85
730	69
731	86
732	76
733	73
734	77
735	78
736	67
737	74
738	83
739	75
740	68
741	78
742	88
743	80
744	86
745	65
746	83
747	87
748	65
749	63
750	67
751	75
752	78
753	72
754	63
755	62
756	70
757	62
758	67
759	61
760	67
761	70
762	61
763	58
764	68
765	50
766	66
767	65
768	57
769	64
770	61
771	50
772	57
773	62
774	62
775	50
776	50
777	60
778	60
779	59
780	60
781	52
782	41
783	53
784	56
785	46
786	51
787	55
788	43
789	42
790	52
791	54
792	51
793	53
794	45
795	49
796	36
797	44
798	49
799	35
800	55
801	45
802	50
803	54
804	50
805	47
806	52
807	41
808	36
809	44
810	52
811	50
812	51
813	41
814	64
815	40
816	46
817	47
818	47
819	37
820	48
821	39
822	34
823	53
824	46
825	36
826	44
827	55
828	45
829	50
830	36
831	48
832	38
833	47
834	50
835	34
836	33
837	38
838	36
839	52
840	49
841	40
842	48
843	42
844	47
845	42
846	42
847	50
848	45
849	38
850	46
851	38
852	47
853	42
854	50
855	43
856	56
857	43
858	45
859	46
860	45
861	41
862	53
863	63
864	45
865	55
866	59
867	62
868	68
869	72
870	59
871	59
872	73
873	64
874	72
875	77
876	69
877	85
878	84
879	84
880	84
881	99
882	99
883	130
884	122
885	109
886	158
887	143
888	127
889	154
890	154
891	182
892	178
893	177
894	185
895	211
896	205
897	240
898	227
899	246
900	232
901	258
902	249
903	263
904	265
905	288
906	271
907	287
908	308
909	314
910	279
911	328
912	342
913	306
914	307
915	299
916	310
917	309
918	283
919	275
920	267
921	302
922	270
923	275
924	266
925	291
926	257
927	224
928	260
929	249
930	225
931	243
932	245
933	225
934	183
935	192
936	185
937	179
938	164
939	171
940	182
941	151
942	151
943	124
944	138
945	123
946	113
947	99
948	100
949	120
950	94
951	99
952	89
953	104
954	93
955	84
956	70
957	80
958	73
959	81
960	80
961	72
962	77
963	42
964	64
965	58
966	66
967	63
968	55
969	82
970	58
971	59
972	66
973	57
974	57
975	39
976	63
977	64
978	52
979	56
980	55
981	52
982	57
983	60
984	53
985	52
986	56
987	64
988	64
989	50
990	63
991	51
992	46
993	59
994	55
995	50
996	52
997	69
998	62
999	51
1000	49
1001	57
1002	50
1003	46
1004	51
1005	59
1006	56
1007	62
1008	55
1009	53
1010	61
1011	47
1012	65
1013	63
1014	60
1015	63
1016	63
1017	49
1018	65
1019	55
1020	53
1021	56
1022	73
1023	50
1024	54
1025	51
1026	57
1027	64
1028	52
1029	58
1030	73
1031	65
1032	50
1033	53
1034	44
1035	57
1036	57
1037	65
1038	67
1039	54
1040	61
1041	59
1042	48
1043	51
1044	59
1045	66
1046	44
1047	59
1048	53
1049	52
1050	59
1051	64
1052	54
1053	80
1054	51
1055	42
1056	67
1057	66
1058	64
1059	52
1060	54
1061	46
1062	64
1063	55
1064	62
1065	52
1066	74
1067	69
1068	59
1069	77
1070	46
1071	49
1072	55
1073	60
1074	60
1075	54
1076	58
1077	46
1078	69
1079	49
1080	51
1081	53
1082	63
1083	51
1084	43
1085	58
1086	55
1087	62
1088	36
1089	65
1090	53
1091	57
1092	65
1093	53
1094	53
1095	56
1096	54
1097	49
1098	48
1099	45
1100	52
1101	51
1102	60
1103	55
1104	70
1105	58
1106	53
1107	52
1108	72
1109	61
1110	52
1111	51
1112	42
1113	45
1114	47
1115	49
1116	58
1117	43
1118	54
1119	44
1120	34
1121	52
1122	47
1123	52
1124	65
1125	51
1126	55
1127	51
1128	41
1129	45
1130	45
1131	58
1132	42
1133	42
1134	49
1135	53
1136	46
1137	44
1138	36
1139	27
1140	31
1141	44
1142	48
1143	41
1144	49
1145	35
1146	32
1147	39
1148	29
1149	38
1150	31
1151	40
1152	29
1153	33
1154	38
1155	27
1156	30
1157	36
1158	37
1159	31
1160	27
1161	40
1162	39
1163	23
1164	28
1165	28
1166	23
1167	22
1168	26
1169	21
1170	26
1171	24
1172	24
1173	27
1174	30
1175	23
1176	22
1177	22
1178	24
1179	25
1180	20
1181	20
1182	23
1183	22
1184	20
1185	11
1186	22
1187	13
1188	15
1189	15
1190	15
1191	14
1192	12
1193	21
1194	12
1195	19
1196	12
1197	12
1198	12
1199	14
1200	16
1201	9
1202	12
1203	15
1204	10
1205	16
1206	9
1207	18
1208	11
1209	13
1210	10
1211	7
1212	11
1213	11
1214	14
1215	10
1216	9
1217	13
1218	6
1219	11
1220	10
1221	8
1222	17
1223	7
1224	12
1225	14
1226	9
1227	14
1228	3
1229	16
1230	16
1231	6
1232	11
1233	10
1234	16
1235	18
1236	15
1237	15
1238	14
1239	19
1240	17
1241	23
1242	8
1243	20
1244	27
1245	16
1246	21
1247	32
1248	33
1249	30
1250	22
1251	41
1252	28
1253	36
1254	25
1255	40
1256	42
1257	62
1258	55
1259	68
1260	45
1261	72
1262	73
1263	67
1264	84
1265	84
1266	82
1267	83
1268	74
1269	94
1270	86
1271	111
1272	113
1273	112
1274	105
1275	125
1276	133
1277	146
1278	139
1279	148
1280	139
1281	154
1282	137
1283	150
1284	148
1285	182
1286	161
1287	192
1288	179
1289	198
1290	155
1291	177
1292	183
1293	185
1294	191
1295	160
1296	164
1297	201
1298	183
1299	189
1300	144
1301	163
1302	173
1303	173
1304	154
1305	176
1306	154
1307	150
1308	141
1309	150
1310	149
1311	144
1312	143
1313	142
1314	143
1315	134
1316	125
1317	106
1318	104
1319	95
1320	110
1321	103
1322	98
1323	78
1324	82
1325	80
1326	70
1327	64
1328	61
1329	66
1330	77
1331	58
1332	60
1333	37
1334	37
1335	30
1336	41
1337	42
1338	23
1339	34
1340	24
1341	21
1342	19
1343	18
1344	14
1345	12
1346	13
1347	15
1348	13
1349	10
1350	10
1351	6
1352	7
1353	9
1354	7
1355	5
1356	4
1357	6
1358	1
1359	5
1360	6
1361	3
1362	4
1363	3
1364	2
1365	3
1366	3
1367	4
1368	1
1369	1
1370	2
1371	2
1372	1
1373	2
1374	0
1375	3
1376	4
1377	2
1378	1
1379	1
1380	1
1381	1
1382	0
1383	2
1384	0
1385	0
1386	1
1387	0
1388	3
1389	5
1390	2
1391	2
1392	3
1393	1
1394	0
1395	2
1396	3
1397	2
1398	2
1399	1
1400	2
1401	1
1402	1
1403	1
1404	1
1405	4
1406	1
1407	1
1408	2
1409	1
1410	1
1411	2
1412	0
1413	1
1414	0
1415	2
1416	1
1417	1
1418	5
1419	1
1420	0
1421	0
1422	4
1423	0
1424	3
1425	3
1426	1
1427	3
1428	0
1429	2
1430	1
1431	2
1432	3
1433	7
1434	2
1435	2
1436	2
1437	6
1438	3
1439	1
1440	3
1441	0
1442	1
1443	3
1444	2
1445	2
1446	3
1447	3
1448	1
1449	3
1450	0
1451	3
1452	0
1453	1
1454	0
1455	2
1456	0
1457	4
1458	4
1459	3
1460	3
1461	2
1462	2
1463	3
1464	3
1465	1
1466	2
1467	2
1468	0
1469	1
1470	1
1471	2
1472	2
1473	1
1474	3
1475	2
1476	1
1477	3
1478	2
1479	1
1480	0
1481	1
1482	2
1483	1
1484	0
1485	2
1486	1
1487	1
1488	3
1489	0
1490	1
1491	1
1492	2
1493	0
1494	1
1495	1
1496	0
1497	0
1498	1
1499	0
1500	1
1501	1
1502	3
1503	0
1504	2
1505	1
1506	0
1507	0
1508	2
1509	1
1510	3
1511	0
1512	0
1513	0
1514	2
1515	0
1516	1
1517	0
1518	0
1519	2
1520	0
1521	1
1522	0
1523	0
1524	0
1525	1
1526	1
1527	1
1528	0
1529	1
1530	0
1531	3
1532	0
1533	1
1534	0
1535	0
1536	0
1537	0
1538	0
1539	0
1540	0
1541	0
1542	0
1543	1
1544	1
1545	1
1546	0
1547	1
1548	0
1549	1
1550	0
1551	0
1552	0
1553	0
1554	1
1555	0
1556	0
1557	1
1558	0
1559	0
1560	0
1561	0
1562	1
1563	0
1564	0
1565	0
1566	0
1567	0
1568	1
1569	1
1570	0
1571	0
1572	1
1573	0
1574	1
1575	0
1576	0
1577	0
1578	0
1579	1
1580	1
1581	0
1582	0
1583	1
1584	0
1585	1
1586	0
1587	0
1588	0
1589	0
1590	0
1591	0
1592	1
1593	1
1594	1
1595	0
1596	0
1597	1
1598	0
1599	0
1600	0
1601	0
1602	0
1603	1
1604	0
1605	0
1606	0
1607	0
1608	0
1609	0
1610	0
1611	1
1612	0
1613	0
1614	0
1615	0
1616	1
1617	1
1618	0
1619	1
1620	0
1621	0
1622	0
1623	1
1624	0
1625	0
1626	1
1627	0
1628	0
1629	0
1630	1
1631	0
1632	0
1633	0
1634	0
1635	0
1636	1
1637	0
1638	0
1639	0
1640	0
1641	0
1642	0
1643	1
1644	0
1645	0
1646	1
1647	0
1648	1
1649	1
1650	0
1651	0
1652	0
1653	1
1654	0
1655	1
1656	0
1657	0
1658	0
1659	0
1660	1
1661	0
1662	0
1663	0
1664	0
1665	0
1666	0
1667	0
1668	1
1669	0
1670	0
1671	0
1672	0
1673	0
1674	0
1675	1
1676	1
1677	1
1678	0
1679	0
1680	0
1681	0
1682	0
1683	1
1684	0
1685	0
1686	0
1687	0
1688	0
1689	0
1690	0
1691	0
1692	0
1693	0
1694	0
1695	0
1696	0
1697	0
1698	0
1699	0
1700	0
1701	0
1702	0
1703	0
1704	0
1705	0
1706	0
1707	0
1708	0
1709	0
1710	0
1711	0
1712	0
1713	0
1714	0
1715	0
1716	0
1717	0
1718	0
1719	2
1720	0
1721	0
1722	0
1723	0
1724	0
1725	0
1726	0
1727	1
1728	0
1729	0
1730	0
1731	0
1732	0
1733	0
1734	0
1735	1
1736	0
1737	0
1738	1
1739	0
1740	0
1741	0
1742	0
1743	0
1744	0
1745	0
1746	0
1747	0
1748	0
1749	0
1750	1
1751	0
1752	0
1753	0
1754	0
1755	1
1756	0
1757	0
1758	1
1759	0
1760	0
1761	0
1762	0
1763	0
1764	0
1765	0
1766	1
1767	0
1768	0
1769	0
1770	0
1771	0
1772	0
1773	0
1774	0
1775	1
1776	0
1777	0
1778	0
1779	0
1780	0
1781	1
1782	0
1783	0
1784	0
1785	0
1786	0
1787	0
1788	0
1789	0
1790	0
1791	0
1792	0
1793	0
1794	0
1795	0
1796	0
1797	0
1798	0
1799	0
1800	0
1801	0
1802	0
1803	0
1804	0
1805	1
1806	0
1807	1
1808	0
1809	0
1810	1
1811	0
1812	0
1813	0
1814	0
1815	0
1816	0
1817	0
1818	1
1819	0
1820	0
1821	0
1822	0
1823	1
1824	0
1825	0
1826	0
1827	0
1828	0
1829	0
1830	0
1831	1
1832	0
1833	1
1834	1
1835	1
1836	0
1837	1
1838	1
1839	0
1840	0
1841	0
1842	0
1843	0
1844	0
1845	0
1846	0
1847	0
1848	0
1849	0
1850	0
1851	0
1852	0
1853	0
1854	0
1855	0
1856	0
1857	1
1858	0
1859	0
1860	1
1861	1
1862	0
1863	2
1864	0
1865	0
1866	0
1867	0
1868	1
1869	0
1870	0
1871	0
1872	0
1873	0
1874	0
1875	0
1876	0
1877	0
1878	0
1879	0
1880	0
1881	0
1882	0
1883	0
1884	0
1885	0
1886	0
1887	0
1888	0
1889	0
1890	0
1891	0
1892	0
1893	0
1894	0
1895	0
1896	0
1897	0
1898	0
1899	0
1900	0
1901	0
1902	1
1903	0
1904	0
1905	0
1906	0
1907	1
1908	0
1909	0
1910	0
1911	0
1912	0
1913	0
1914	1
1915	0
1916	0
1917	0
1918	0
1919	0
1920	0
1921	0
1922	1
1923	0
1924	0
1925	0
1926	0
1927	1
1928	0
1929	0
1930	0
1931	0
1932	0
1933	0
1934	0
1935	0
1936	0
1937	0
1938	0
1939	0
1940	0
1941	0
1942	0
1943	0
1944	0
1945	1
1946	0
1947	0
1948	0
1949	0
1950	0
1951	0
1952	0
1953	0
1954	0
1955	0
1956	0
1957	0
1958	0
1959	0
1960	0
1961	0
1962	0
1963	0
1964	0
1965	0
1966	1
1967	0
1968	0
1969	0
1970	0
1971	0
1972	0
1973	0
1974	0
1975	0
1976	0
1977	0
1978	0
1979	0
1980	0
1981	0
1982	0
1983	0
1984	0
1985	0
1986	0
1987	0
1988	0
1989	0
1990	0
1991	0
1992	0
1993	0
1994	0
1995	0
1996	0
1997	0
1998	0
1999	0
2000	0
2001	0
2002	0
2003	0
2004	0
2005	0
2006	0
2007	0
2008	0
2009	0
2010	0
2011	0
2012	0
2013	0
2014	0
2015	0
2016	0
2017	0
2018	0
2019	0
2020	0
2021	0
2022	0
2023	0
2024	0
2025	0
2026	0
2027	0
2028	0
2029	0
2030	1
2031	0
2032	0
2033	1
2034	0
2035	0
2036	0
2037	1
2038	0
2039	0
2040	0
2041	1
2042	0
2043	0
2044	0
2045	0
2046	0
2047	0
