0	0
1	0
2	0
3	0
4	0
5	0
6	0
7	0
8	0
9	0
10	45
11	61
12	65
13	78
14	106
15	162
16	373
17	929
18	1432
19	1437
20	1061
21	725
22	407
23	132
24	33
25	11
26	6
27	8
28	5
29	8
30	15
31	6
32	9
33	9
34	9
35	5
36	10
37	12
38	6
39	16
40	13
41	8
42	16
43	32
44	38
45	33
46	40
47	37
48	34
49	32
50	26
51	26
52	12
53	21
54	27
55	22
56	25
57	28
58	27
59	33
60	28
61	24
62	24
63	38
64	67
65	78
66	104
67	138
68	200
69	285
70	304
71	356
72	315
73	268
74	165
75	119
76	51
77	31
78	15
79	13
80	7
81	8
82	3
83	5
84	8
85	8
86	6
87	6
88	11
89	4
90	8
91	6
92	9
93	5
94	6
95	9
96	5
97	5
98	8
99	12
100	8
101	9
102	10
103	7
104	7
105	5
106	12
107	6
108	7
109	8
110	14
111	7
112	6
113	4
114	8
115	7
116	2
117	3
118	10
119	7
120	7
121	7
122	5
123	6
124	6
125	8
126	5
127	8
128	7
129	6
130	2
131	5
132	2
133	5
134	6
135	4
136	5
137	7
138	9
139	7
140	4
141	2
142	5
143	9
144	4
145	3
146	4
147	6
148	9
149	5
150	5
151	7
152	7
153	4
154	9
155	2
156	5
157	4
158	7
159	9
160	8
161	5
162	5
163	4
164	4
165	3
166	1
167	6
168	3
169	4
170	9
171	7
172	7
173	1
174	4
175	6
176	10
177	5
178	5
179	5
180	2
181	4
182	9
183	5
184	5
185	6
186	4
187	1
188	3
189	2
190	3
191	3
192	0
193	7
194	3
195	4
196	2
197	3
198	8
199	3
200	3
201	2
202	2
203	5
204	2
205	3
206	3
207	3
208	4
209	3
210	1
211	3
212	3
213	4
214	4
215	0
216	3
217	5
218	1
219	2
220	2
221	1
222	5
223	4
224	4
225	0
226	2
227	2
228	1
229	3
230	3
231	1
232	6
233	1
234	3
235	4
236	5
237	1
238	0
239	1
240	1
241	3
242	2
243	6
244	0
245	5
246	2
247	3
248	5
249	4
250	3
251	3
252	2
253	0
254	3
255	2
256	3
257	0
258	2
259	3
260	2
261	1
262	0
263	0
264	1
265	0
266	1
267	1
268	2
269	1
270	4
271	1
272	2
273	1
274	0
275	1
276	1
277	1
278	3
279	2
280	2
281	0
282	1
283	0
284	1
285	2
286	2
287	4
288	1
289	2
290	3
291	5
292	1
293	1
294	4
295	2
296	0
297	4
298	4
299	2
300	1
301	1
302	1
303	5
304	1
305	1
306	3
307	1
308	1
309	1
310	0
311	2
312	3
313	3
314	1
315	2
316	0
317	0
318	0
319	4
320	0
321	1
322	0
323	2
324	0
325	1
326	5
327	2
328	0
329	1
330	1
331	0
332	2
333	1
334	1
335	1
336	3
337	1
338	1
339	3
340	0
341	1
342	2
343	2
344	0
345	2
346	0
347	0
348	1
349	2
350	0
351	1
352	1
353	2
354	1
355	1
356	1
357	2
358	2
359	3
360	2
361	2
362	3
363	2
364	3
365	2
366	1
367	1
368	3
369	2
370	3
371	2
372	1
373	1
374	2
375	5
376	0
377	1
378	0
379	1
380	5
381	1
382	1
383	0
384	1
385	0
386	2
387	1
388	0
389	0
390	1
391	3
392	2
393	0
394	0
395	4
396	3
397	1
398	1
399	1
400	0
401	2
402	0
403	0
404	0
405	1
406	2
407	0
408	3
409	1
410	1
411	3
412	2
413	3
414	0
415	1
416	0
417	2
418	1
419	3
420	2
421	1
422	0
423	0
424	2
425	2
426	1
427	3
428	2
429	1
430	2
431	2
432	1
433	0
434	0
435	3
436	1
437	2
438	0
439	2
440	0
441	3
442	0
443	1
444	2
445	1
446	2
447	2
448	3
449	1
450	1
451	1
452	0
453	1
454	0
455	0
456	2
457	2
458	1
459	0
460	1
461	1
462	2
463	3
464	1
465	0
466	3
467	3
468	0
469	0
470	0
471	0
472	0
473	2
474	0
475	1
476	1
477	0
478	5
479	0
480	1
481	0
482	0
483	0
484	1
485	5
486	0
487	0
488	0
489	0
490	4
491	2
492	2
493	1
494	0
495	0
496	2
497	1
498	0
499	0
500	3
501	1
502	0
503	1
504	1
505	1
506	2
507	1
508	0
509	0
510	1
511	0
512	0
513	0
514	0
515	0
516	0
517	1
518	0
519	0
520	2
521	2
522	0
523	0
524	0
525	1
526	0
527	0
528	1
529	0
530	1
531	0
532	1
533	1
534	1
535	2
536	2
537	0
538	1
539	1
540	0
541	1
542	0
543	0
544	1
545	1
546	1
547	0
548	1
549	1
550	2
551	1
552	0
553	0
554	2
555	0
556	0
557	1
558	0
559	0
560	0
561	1
562	1
563	1
564	0
565	0
566	0
567	1
568	1
569	0
570	2
571	0
572	2
573	0
574	0
575	1
576	0
577	3
578	1
579	0
580	1
581	0
582	0
583	0
584	0
585	1
586	1
587	1
588	2
589	0
590	2
591	3
592	0
593	2
594	1
595	0
596	0
597	0
598	2
599	0
600	0
601	0
602	1
603	0
604	0
605	0
606	0
607	2
608	0
609	1
610	0
611	2
612	1
613	1
614	2
615	0
616	1
617	0
618	1
619	0
620	0
621	1
622	1
623	0
624	0
625	0
626	0
627	0
628	2
629	1
630	0
631	0
632	0
633	1
634	0
635	0
636	0
637	2
638	1
639	0
640	0
641	0
642	0
643	0
644	1
645	1
646	1
647	0
648	0
649	1
650	0
651	1
652	1
653	1
654	0
655	0
656	1
657	0
658	2
659	0
660	1
661	1
662	0
663	1
664	0
665	1
666	0
667	0
668	1
669	0
670	1
671	1
672	3
673	1
674	0
675	0
676	1
677	1
678	0
679	0
680	0
681	2
682	0
683	0
684	0
685	1
686	0
687	0
688	0
689	1
690	1
691	2
692	1
693	0
694	0
695	0
696	0
697	0
698	1
699	1
700	0
701	1
702	1
703	1
704	0
705	0
706	0
707	0
708	0
709	1
710	0
711	0
712	0
713	0
714	1
715	0
716	0
717	1
718	0
719	0
720	0
721	0
722	0
723	1
724	1
725	0
726	0
727	0
728	2
729	0
730	2
731	0
732	0
733	2
734	0
735	1
736	1
737	1
738	1
739	1
740	0
741	1
742	1
743	0
744	0
745	0
746	0
747	0
748	1
749	1
750	0
751	1
752	0
753	1
754	1
755	0
756	1
757	1
758	0
759	0
760	0
761	0
762	0
763	0
764	0
765	2
766	0
767	0
768	2
769	1
770	1
771	0
772	0
773	1
774	0
775	0
776	0
777	0
778	0
779	1
780	0
781	1
782	0
783	0
784	1
785	0
786	0
787	1
788	0
789	0
790	2
791	0
792	3
793	0
794	1
795	1
796	1
797	0
798	0
799	1
800	0
801	1
802	1
803	0
804	1
805	2
806	1
807	1
808	1
809	0
810	0
811	1
812	0
813	0
814	0
815	2
816	1
817	0
818	0
819	0
820	0
821	0
822	0
823	0
824	0
825	2
826	0
827	1
828	0
829	1
830	0
831	2
832	0
833	1
834	0
835	0
836	0
837	0
838	1
839	0
840	0
841	0
842	0
843	0
844	0
845	0
846	0
847	0
848	1
849	1
850	0
851	0
852	1
853	0
854	1
855	0
856	0
857	0
858	1
859	1
860	1
861	0
862	0
863	0
864	0
865	0
866	0
867	1
868	0
869	0
870	1
871	0
872	0
873	0
874	0
875	1
876	0
877	0
878	1
879	1
880	1
881	0
882	0
883	0
884	0
885	0
886	0
887	0
888	0
889	0
890	0
891	0
892	1
893	0
894	0
895	0
896	0
897	0
898	0
899	2
900	0
901	1
902	2
903	3
904	1
905	0
906	0
907	0
908	1
909	0
910	0
911	0
912	0
913	0
914	1
915	1
916	1
917	0
918	1
919	0
920	0
921	1
922	0
923	0
924	0
925	0
926	0
927	0
928	0
929	0
930	1
931	0
932	0
933	0
934	0
935	0
936	1
937	0
938	0
939	0
940	1
941	0
942	0
943	0
944	1
945	2
946	1
947	0
948	1
949	1
950	0
951	1
952	1
953	0
954	0
955	1
956	0
957	2
958	1
959	0
960	0
961	0
962	0
963	0
964	1
965	0
966	1
967	0
968	0
969	0
970	0
971	0
972	0
973	1
974	1
975	0
976	2
977	0
978	1
979	0
980	0
981	0
982	0
983	0
984	1
985	1
986	0
987	0
988	0
989	1
990	0
991	0
992	0
993	1
994	1
995	0
996	2
997	0
998	0
999	0
1000	0
1001	0
1002	0
1003	2
1004	1
1005	0
1006	0
1007	0
1008	1
1009	1
1010	0
1011	1
1012	0
1013	1
1014	1
1015	0
1016	1
1017	1
1018	0
1019	0
1020	2
1021	1
1022	0
1023	1
1024	0
1025	0
1026	0
1027	0
1028	1
1029	0
1030	0
1031	1
1032	0
1033	0
1034	0
1035	0
1036	0
1037	0
1038	1
1039	0
1040	0
1041	1
1042	0
1043	0
1044	1
1045	0
1046	0
1047	0
1048	0
1049	0
1050	0
1051	1
1052	0
1053	1
1054	0
1055	1
1056	0
1057	1
1058	0
1059	0
1060	0
1061	0
1062	0
1063	1
1064	0
1065	0
1066	0
1067	1
1068	0
1069	0
1070	0
1071	0
1072	0
1073	0
1074	0
1075	0
1076	0
1077	0
1078	0
1079	0
1080	0
1081	0
1082	0
1083	0
1084	0
1085	0
1086	0
1087	0
1088	0
1089	0
1090	1
1091	0
1092	2
1093	1
1094	0
1095	0
1096	1
1097	0
1098	0
1099	0
1100	2
1101	0
1102	0
1103	1
1104	0
1105	0
1106	1
1107	0
1108	0
1109	0
1110	0
1111	0
1112	0
1113	0
1114	1
1115	0
1116	0
1117	0
1118	0
1119	0
1120	0
1121	0
1122	0
1123	0
1124	0
1125	1
1126	0
1127	0
1128	0
1129	0
1130	0
1131	1
1132	0
1133	0
1134	0
1135	0
1136	0
1137	0
1138	0
1139	0
1140	0
1141	0
1142	0
1143	0
1144	0
1145	0
1146	0
1147	2
1148	0
1149	0
1150	0
1151	0
1152	0
1153	1
1154	0
1155	0
1156	0
1157	1
1158	0
1159	0
1160	0
1161	0
1162	0
1163	0
1164	0
1165	0
1166	0
1167	0
1168	0
1169	0
1170	0
1171	0
1172	0
1173	0
1174	1
1175	0
1176	0
1177	0
1178	2
1179	0
1180	2
1181	1
1182	0
1183	0
1184	0
1185	0
1186	0
1187	0
1188	0
1189	0
1190	0
1191	0
1192	0
1193	0
1194	0
1195	0
1196	0
1197	0
1198	0
1199	0
1200	0
1201	1
1202	0
1203	0
1204	0
1205	0
1206	1
1207	0
1208	0
1209	0
1210	1
1211	1
1212	0
1213	0
1214	0
1215	0
1216	0
1217	0
1218	0
1219	0
1220	1
1221	0
1222	0
1223	0
1224	1
1225	0
1226	0
1227	0
1228	0
1229	0
1230	0
1231	0
1232	0
1233	1
1234	0
1235	0
1236	0
1237	0
1238	0
1239	1
1240	0
1241	3
1242	0
1243	0
1244	0
1245	1
1246	0
1247	0
1248	0
1249	1
1250	0
1251	0
1252	0
1253	1
1254	0
1255	0
1256	0
1257	1
1258	0
1259	0
1260	0
1261	0
1262	2
1263	0
1264	0
1265	0
1266	1
1267	0
1268	0
1269	0
1270	0
1271	0
1272	0
1273	0
1274	0
1275	0
1276	0
1277	0
1278	0
1279	1
1280	0
1281	0
1282	0
1283	0
1284	0
1285	0
1286	0
1287	0
1288	0
1289	0
1290	0
1291	0
1292	0
1293	0
1294	0
1295	0
1296	0
1297	0
1298	0
1299	1
1300	0
1301	0
1302	0
1303	0
1304	0
1305	1
1306	1
1307	0
1308	0
1309	0
1310	0
1311	0
1312	1
1313	0
1314	1
1315	0
1316	0
1317	0
1318	1
1319	0
1320	0
1321	0
1322	0
1323	0
1324	0
1325	0
1326	0
1327	0
1328	0
1329	0
1330	0
1331	0
1332	0
1333	0
1334	0
1335	0
1336	0
1337	0
1338	0
1339	0
1340	0
1341	0
1342	0
1343	0
1344	0
1345	0
1346	0
1347	0
1348	0
1349	0
1350	0
1351	0
1352	0
1353	1
1354	0
1355	0
1356	0
1357	0
1358	0
1359	0
1360	0
1361	0
1362	1
1363	0
1364	1
1365	1
1366	0
1367	0
1368	0
1369	0
1370	0
1371	1
1372	0
1373	0
1374	0
1375	0
1376	0
1377	0
1378	0
1379	0
1380	0
1381	0
1382	0
1383	0
1384	0
1385	0
1386	0
1387	0
1388	0
1389	0
1390	0
1391	0
1392	0
1393	0
1394	0
1395	0
1396	0
1397	0
1398	0
1399	0
1400	0
1401	0
1402	0
1403	0
1404	0
1405	0
1406	0
1407	0
1408	0
1409	0
1410	0
1411	0
1412	0
1413	0
1414	0
1415	0
1416	1
1417	0
1418	0
1419	0
1420	0
1421	0
1422	0
1423	0
1424	1
1425	0
1426	0
1427	0
1428	2
1429	0
1430	0
1431	0
1432	0
1433	0
1434	0
1435	0
1436	0
1437	0
1438	0
1439	0
1440	0
1441	0
1442	0
1443	0
1444	0
1445	0
1446	0
1447	0
1448	0
1449	0
1450	0
1451	0
1452	0
1453	0
1454	0
1455	0
1456	0
1457	0
1458	0
1459	0
1460	0
1461	0
1462	0
1463	0
1464	0
1465	0
1466	0
1467	0
1468	0
1469	0
1470	0
1471	0
1472	0
1473	0
1474	0
1475	0
1476	0
1477	0
1478	1
1479	0
1480	0
1481	1
1482	0
1483	0
1484	0
1485	0
1486	0
1487	0
1488	1
1489	0
1490	0
1491	0
1492	0
1493	0
1494	0
1495	0
1496	0
1497	0
1498	1
1499	0
1500	0
1501	1
1502	0
1503	0
1504	0
1505	0
1506	0
1507	0
1508	0
1509	0
1510	0
1511	0
1512	0
1513	0
1514	0
1515	0
1516	0
1517	0
1518	0
1519	0
1520	0
1521	0
1522	0
1523	0
1524	0
1525	1
1526	0
1527	0
1528	1
1529	0
1530	0
1531	0
1532	0
1533	0
1534	0
1535	0
1536	0
1537	0
1538	0
1539	0
1540	1
1541	1
1542	0
1543	0
1544	0
1545	0
1546	0
1547	0
1548	0
1549	2
1550	0
1551	0
1552	0
1553	0
1554	0
1555	0
1556	0
1557	0
1558	0
1559	0
1560	0
1561	0
1562	0
1563	0
1564	1
1565	0
1566	0
1567	0
1568	0
1569	0
1570	0
1571	1
1572	0
1573	0
1574	0
1575	0
1576	0
1577	0
1578	0
1579	0
1580	0
1581	0
1582	0
1583	0
1584	0
1585	0
1586	0
1587	0
1588	0
1589	0
1590	0
1591	0
1592	0
1593	0
1594	0
1595	0
1596	0
1597	0
1598	0
1599	0
1600	1
1601	0
1602	1
1603	0
1604	1
1605	0
1606	0
1607	0
1608	0
1609	0
1610	0
1611	0
1612	0
1613	0
1614	1
1615	0
1616	0
1617	2
1618	0
1619	1
1620	0
1621	0
1622	0
1623	0
1624	1
1625	1
1626	0
1627	0
1628	0
1629	0
1630	0
1631	0
1632	0
1633	0
1634	0
1635	1
1636	0
1637	0
1638	0
1639	0
1640	1
1641	1
1642	1
1643	1
1644	1
1645	1
1646	0
1647	0
1648	0
1649	0
1650	0
1651	0
1652	0
1653	0
1654	0
1655	0
1656	1
1657	0
1658	0
1659	0
1660	0
1661	0
1662	0
1663	0
1664	0
1665	0
1666	0
1667	0
1668	0
1669	0
1670	0
1671	0
1672	0
1673	0
1674	0
1675	1
1676	0
1677	0
1678	1
1679	0
1680	1
1681	0
1682	0
1683	0
1684	0
1685	0
1686	0
1687	0
1688	0
1689	0
1690	0
1691	0
1692	0
1693	1
1694	0
1695	0
1696	0
1697	0
1698	0
1699	0
1700	0
1701	1
1702	0
1703	0
1704	0
1705	0
1706	0
1707	0
1708	0
1709	1
1710	0
1711	0
1712	0
1713	0
1714	0
1715	0
1716	0
1717	0
1718	0
1719	0
1720	0
1721	0
1722	0
1723	0
1724	0
1725	0
1726	0
1727	0
1728	1
1729	0
1730	0
1731	0
1732	1
1733	0
1734	0
1735	1
1736	0
1737	0
1738	0
1739	0
1740	0
1741	0
1742	2
1743	0
1744	0
1745	0
1746	1
1747	0
1748	0
1749	0
1750	0
1751	0
1752	0
1753	0
1754	0
1755	0
1756	1
1757	0
1758	0
1759	0
1760	0
1761	0
1762	0
1763	0
1764	1
1765	0
1766	0
1767	0
1768	0
1769	0
1770	0
1771	0
1772	0
1773	0
1774	0
1775	0
1776	0
1777	0
1778	1
1779	0
1780	0
1781	0
1782	0
1783	0
1784	0
1785	0
1786	0
1787	0
1788	0
1789	0
1790	0
1791	0
1792	0
1793	0
1794	0
1795	1
1796	0
1797	0
1798	0
1799	0
1800	0
1801	0
1802	1
1803	0
1804	0
1805	0
1806	0
1807	0
1808	0
1809	0
1810	0
1811	0
1812	0
1813	0
1814	0
1815	0
1816	0
1817	0
1818	0
1819	0
1820	0
1821	0
1822	0
1823	0
1824	0
1825	0
1826	0
1827	0
1828	0
1829	1
1830	0
1831	0
1832	0
1833	0
1834	0
1835	0
1836	0
1837	0
1838	0
1839	1
1840	0
1841	1
1842	0
1843	0
1844	0
1845	0
1846	0
1847	0
1848	0
1849	0
1850	0
1851	0
1852	0
1853	0
1854	1
1855	1
1856	0
1857	0
1858	0
1859	0
1860	3
1861	0
1862	0
1863	0
1864	0
1865	0
1866	0
1867	0
1868	1
1869	0
1870	0
1871	1
1872	0
1873	0
1874	0
1875	0
1876	1
1877	0
1878	0
1879	0
1880	0
1881	0
1882	0
1883	0
1884	0
1885	0
1886	0
1887	0
1888	0
1889	0
1890	0
1891	0
1892	0
1893	1
1894	0
1895	0
1896	0
1897	0
1898	0
1899	1
1900	0
1901	0
1902	0
1903	0
1904	0
1905	0
1906	0
1907	0
1908	0
1909	0
1910	0
1911	0
1912	0
1913	0
1914	0
1915	0
1916	0
1917	0
1918	0
1919	0
1920	0
1921	0
1922	0
1923	0
1924	0
1925	0
1926	0
1927	0
1928	0
1929	0
1930	0
1931	0
1932	0
1933	0
1934	0
1935	0
1936	0
1937	0
1938	0
1939	0
1940	0
1941	0
1942	0
1943	0
1944	0
1945	1
1946	0
1947	0
1948	0
1949	0
1950	0
1951	0
1952	0
1953	0
1954	0
1955	0
1956	0
1957	0
1958	0
1959	0
1960	0
1961	0
1962	0
1963	0
1964	0
1965	0
1966	0
1967	0
1968	0
1969	0
1970	0
1971	0
1972	0
1973	0
1974	0
1975	0
1976	0
1977	0
1978	0
1979	0
1980	0
1981	0
1982	0
1983	0
1984	0
1985	0
1986	0
1987	0
1988	1
1989	0
1990	0
1991	0
1992	0
1993	0
1994	0
1995	0
1996	0
1997	0
1998	0
1999	0
2000	0
2001	0
2002	0
2003	0
2004	0
2005	0
2006	0
2007	0
2008	0
2009	0
2010	0
2011	0
2012	1
2013	0
2014	1
2015	0
2016	0
2017	0
2018	0
2019	0
2020	0
2021	0
2022	0
2023	0
2024	0
2025	1
2026	0
2027	0
2028	0
2029	0
2030	0
2031	0
2032	0
2033	0
2034	0
2035	0
2036	0
2037	0
2038	0
2039	0
2040	0
2041	0
2042	0
2043	0
2044	0
2045	0
2046	0
2047	0
