0	0
1	0
2	0
3	0
4	0
5	0
6	0
7	0
8	0
9	0
10	106
11	216
12	215
13	226
14	240
15	230
16	262
17	238
18	267
19	275
20	262
21	244
22	285
23	253
24	264
25	258
26	259
27	289
28	292
29	249
30	264
31	236
32	280
33	229
34	274
35	253
36	229
37	294
38	261
39	246
40	290
41	300
42	296
43	274
44	307
45	269
46	272
47	275
48	267
49	287
50	306
51	258
52	266
53	273
54	265
55	264
56	280
57	273
58	297
59	256
60	274
61	279
62	254
63	263
64	270
65	261
66	281
67	269
68	292
69	262
70	279
71	297
72	301
73	273
74	273
75	255
76	246
77	262
78	261
79	268
80	248
81	266
82	256
83	250
84	287
85	288
86	273
87	264
88	264
89	276
90	271
91	293
92	284
93	263
94	246
95	262
96	293
97	264
98	282
99	280
100	275
101	245
102	292
103	269
104	261
105	260
106	257
107	273
108	249
109	272
110	251
111	246
112	229
113	251
114	262
115	235
116	267
117	266
118	260
119	268
120	268
121	277
122	245
123	252
124	325
125	293
126	264
127	285
128	295
129	291
130	282
131	279
132	308
133	330
134	310
135	333
136	296
137	326
138	318
139	323
140	298
141	293
142	317
143	326
144	300
145	340
146	322
147	319
148	347
149	281
150	341
151	314
152	295
153	311
154	304
155	316
156	306
157	304
158	254
159	317
160	342
161	316
162	293
163	313
164	335
165	314
166	314
167	306
168	297
169	299
170	298
171	335
172	325
173	306
174	314
175	271
176	303
177	286
178	297
179	257
180	276
181	295
182	303
183	275
184	296
185	276
186	322
187	276
188	303
189	298
190	300
191	293
192	305
193	284
194	268
195	305
196	285
197	282
198	294
199	294
200	289
201	297
202	273
203	287
204	287
205	298
206	301
207	264
208	271
209	311
210	258
211	298
212	324
213	282
214	295
215	294
216	311
217	265
218	298
219	295
220	282
221	297
222	327
223	287
224	324
225	274
226	328
227	302
228	280
229	338
230	286
231	316
232	299
233	310
234	278
235	267
236	284
237	242
238	308
239	264
240	254
241	231
242	249
243	257
244	273
245	219
246	204
247	197
248	216
249	175
250	193
251	190
252	187
253	162
254	174
255	180
256	195
257	177
258	148
259	143
260	144
261	146
262	146
263	140
264	147
265	111
266	131
267	137
268	121
269	121
270	123
271	127
272	117
273	123
274	133
275	115
276	103
277	103
278	115
279	102
280	132
281	128
282	117
283	114
284	110
285	77
286	119
287	117
288	108
289	102
290	107
291	107
292	88
293	92
294	90
295	100
296	94
297	122
298	96
299	105
300	107
301	108
302	110
303	98
304	111
305	104
306	110
307	105
308	103
309	97
310	87
311	130
312	101
313	98
314	78
315	112
316	98
317	101
318	104
319	82
320	106
321	92
322	104
323	105
324	103
325	89
326	115
327	107
328	107
329	99
330	102
331	85
332	98
333	98
334	97
335	111
336	102
337	126
338	122
339	107
340	116
341	143
342	139
343	139
344	153
345	163
346	196
347	222
348	220
349	269
350	326
351	346
352	418
353	496
354	547
355	677
356	699
357	801
358	940
359	1049
360	1154
361	1207
362	1364
363	1528
364	1762
365	1873
366	1951
367	2130
368	2331
369	2437
370	2679
371	2720
372	2890
373	2973
374	3092
375	3160
376	3224
377	3181
378	3109
379	3183
380	3058
381	3038
382	2962
383	2806
384	2730
385	2524
386	2420
387	2139
388	2107
389	1842
390	1695
391	1490
392	1381
393	1194
394	1052
395	930
396	804
397	681
398	572
399	510
400	443
401	344
402	290
403	269
404	252
405	173
406	148
407	162
408	127
409	121
410	119
411	101
412	93
413	100
414	94
415	78
416	88
417	76
418	77
419	74
420	69
421	81
422	91
423	91
424	88
425	67
426	82
427	89
428	76
429	64
430	79
431	89
432	75
433	87
434	74
435	54
436	71
437	83
438	88
439	74
440	65
441	95
442	71
443	61
444	62
445	78
446	69
447	72
448	73
449	66
450	68
451	88
452	88
453	68
454	66
455	84
456	64
457	66
458	80
459	72
460	76
461	71
462	68
463	74
464	82
465	79
466	62
467	67
468	86
469	72
470	73
471	81
472	76
473	87
474	81
475	67
476	80
477	80
478	57
479	91
480	82
481	68
482	71
483	68
484	68
485	74
486	67
487	66
488	72
489	96
490	78
491	85
492	102
493	77
494	83
495	77
496	79
497	91
498	76
499	78
500	73
501	78
502	79
503	78
504	103
505	88
506	89
507	94
508	101
509	98
510	83
511	89
512	87
513	83
514	83
515	93
516	96
517	104
518	88
519	84
520	94
521	105
522	91
523	94
524	91
525	99
526	71
527	97
528	85
529	93
530	85
531	97
532	73
533	85
534	103
535	80
536	94
537	97
538	91
539	87
540	92
541	96
542	88
543	95
544	88
545	117
546	87
547	78
548	85
549	94
550	96
551	73
552	76
553	95
554	103
555	102
556	80
557	98
558	85
559	91
560	97
561	103
562	78
563	90
564	86
565	79
566	83
567	88
568	78
569	86
570	86
571	90
572	80
573	71
574	77
575	69
576	90
577	84
578	89
579	73
580	82
581	82
582	75
583	90
584	71
585	74
586	77
587	79
588	87
589	97
590	86
591	80
592	73
593	85
594	83
595	74
596	74
597	72
598	92
599	65
600	81
601	72
602	80
603	89
604	73
605	92
606	77
607	91
608	82
609	82
610	84
611	86
612	72
613	81
614	80
615	65
616	89
617	87
618	97
619	82
620	60
621	82
622	70
623	77
624	87
625	68
626	84
627	102
628	68
629	88
630	74
631	92
632	84
633	80
634	72
635	81
636	59
637	90
638	73
639	78
640	80
641	62
642	88
643	84
644	60
645	70
646	97
647	87
648	75
649	69
650	94
651	77
652	61
653	78
654	75
655	85
656	77
657	83
658	82
659	93
660	96
661	74
662	71
663	69
664	76
665	87
666	69
667	62
668	88
669	74
670	79
671	75
672	59
673	83
674	80
675	75
676	78
677	69
678	75
679	80
680	75
681	76
682	72
683	74
684	80
685	85
686	69
687	70
688	78
689	78
690	72
691	81
692	67
693	88
694	89
695	83
696	80
697	77
698	68
699	75
700	71
701	77
702	83
703	70
704	86
705	79
706	87
707	88
708	80
709	88
710	78
711	70
712	80
713	72
714	78
715	79
716	87
717	74
718	89
719	87
720	95
721	75
722	72
723	92
724	74
725	67
726	83
727	90
728	96
729	83
730	80
731	78
732	71
733	84
734	61
735	79
736	79
737	80
738	78
739	79
740	81
741	61
742	57
743	55
744	79
745	80
746	72
747	72
748	82
749	85
750	77
751	68
752	69
753	64
754	75
755	81
756	69
757	62
758	72
759	76
760	56
761	79
762	61
763	61
764	56
765	66
766	56
767	67
768	66
769	76
770	67
771	68
772	50
773	48
774	60
775	54
776	61
777	67
778	57
779	68
780	55
781	47
782	62
783	42
784	61
785	48
786	60
787	52
788	48
789	54
790	54
791	44
792	54
793	53
794	52
795	56
796	67
797	49
798	42
799	57
800	49
801	41
802	52
803	43
804	36
805	52
806	44
807	51
808	48
809	47
810	47
811	46
812	43
813	46
814	33
815	39
816	38
817	54
818	34
819	44
820	45
821	37
822	40
823	44
824	50
825	55
826	34
827	46
828	52
829	51
830	32
831	46
832	33
833	40
834	52
835	31
836	54
837	43
838	35
839	45
840	40
841	36
842	53
843	41
844	37
845	43
846	40
847	41
848	42
849	44
850	38
851	42
852	55
853	36
854	37
855	47
856	44
857	38
858	43
859	36
860	62
861	42
862	40
863	47
864	46
865	49
866	49
867	61
868	51
869	62
870	53
871	56
872	52
873	60
874	71
875	67
876	80
877	78
878	77
879	96
880	87
881	105
882	91
883	94
884	111
885	105
886	128
887	123
888	117
889	132
890	149
891	134
892	148
893	169
894	187
895	190
896	194
897	187
898	215
899	248
900	218
901	233
902	252
903	277
904	245
905	250
906	247
907	273
908	264
909	299
910	298
911	327
912	323
913	278
914	306
915	309
916	327
917	301
918	255
919	324
920	292
921	290
922	308
923	304
924	266
925	284
926	291
927	274
928	260
929	275
930	236
931	206
932	240
933	214
934	215
935	203
936	193
937	219
938	188
939	188
940	185
941	153
942	163
943	147
944	157
945	155
946	138
947	112
948	101
949	111
950	105
951	113
952	92
953	108
954	87
955	98
956	85
957	81
958	90
959	82
960	55
961	69
962	56
963	71
964	72
965	72
966	69
967	59
968	72
969	64
970	55
971	70
972	45
973	63
974	74
975	58
976	61
977	66
978	49
979	57
980	70
981	44
982	64
983	56
984	56
985	57
986	48
987	54
988	45
989	63
990	60
991	43
992	55
993	59
994	52
995	53
996	49
997	65
998	44
999	47
1000	46
1001	53
1002	57
1003	56
1004	61
1005	64
1006	47
1007	62
1008	55
1009	62
1010	62
1011	49
1012	47
1013	72
1014	60
1015	36
1016	45
1017	54
1018	66
1019	50
1020	60
1021	47
1022	59
1023	69
1024	62
1025	65
1026	49
1027	54
1028	47
1029	55
1030	49
1031	48
1032	45
1033	69
1034	61
1035	62
1036	60
1037	49
1038	42
1039	60
1040	50
1041	69
1042	46
1043	59
1044	47
1045	60
1046	59
1047	57
1048	63
1049	62
1050	56
1051	62
1052	49
1053	54
1054	69
1055	73
1056	65
1057	63
1058	57
1059	65
1060	62
1061	62
1062	65
1063	53
1064	63
1065	65
1066	60
1067	53
1068	65
1069	56
1070	66
1071	55
1072	48
1073	67
1074	53
1075	54
1076	59
1077	60
1078	58
1079	61
1080	60
1081	54
1082	63
1083	53
1084	61
1085	50
1086	57
1087	63
1088	55
1089	44
1090	62
1091	63
1092	56
1093	58
1094	60
1095	66
1096	58
1097	55
1098	58
1099	67
1100	55
1101	59
1102	66
1103	50
1104	60
1105	73
1106	71
1107	48
1108	59
1109	54
1110	54
1111	52
1112	54
1113	51
1114	61
1115	54
1116	66
1117	45
1118	55
1119	47
1120	50
1121	46
1122	59
1123	50
1124	43
1125	65
1126	62
1127	51
1128	54
1129	68
1130	45
1131	49
1132	41
1133	54
1134	34
1135	41
1136	50
1137	45
1138	43
1139	28
1140	35
1141	41
1142	33
1143	47
1144	56
1145	36
1146	43
1147	46
1148	37
1149	43
1150	39
1151	40
1152	40
1153	29
1154	33
1155	34
1156	34
1157	50
1158	35
1159	31
1160	34
1161	26
1162	31
1163	41
1164	23
1165	23
1166	19
1167	20
1168	25
1169	30
1170	30
1171	21
1172	31
1173	31
1174	26
1175	24
1176	20
1177	22
1178	23
1179	17
1180	24
1181	19
1182	20
1183	25
1184	20
1185	16
1186	16
1187	20
1188	12
1189	11
1190	16
1191	17
1192	16
1193	15
1194	9
1195	16
1196	11
1197	18
1198	9
1199	12
1200	11
1201	13
1202	16
1203	13
1204	13
1205	9
1206	16
1207	16
1208	9
1209	12
1210	9
1211	9
1212	15
1213	10
1214	12
1215	11
1216	12
1217	13
1218	14
1219	16
1220	14
1221	7
1222	11
1223	9
1224	11
1225	11
1226	16
1227	7
1228	21
1229	16
1230	11
1231	13
1232	17
1233	17
1234	9
1235	13
1236	17
1237	22
1238	14
1239	16
1240	15
1241	18
1242	17
1243	28
1244	22
1245	15
1246	21
1247	26
1248	13
1249	33
1250	24
1251	37
1252	29
1253	27
1254	37
1255	43
1256	30
1257	35
1258	53
1259	54
1260	51
1261	46
1262	53
1263	53
1264	70
1265	67
1266	73
1267	71
1268	78
1269	71
1270	82
1271	89
1272	102
1273	93
1274	105
1275	93
1276	116
1277	113
1278	132
1279	142
1280	127
1281	141
1282	135
1283	127
1284	133
1285	172
1286	156
1287	141
1288	160
1289	159
1290	170
1291	168
1292	174
1293	144
1294	150
1295	148
1296	185
1297	143
1298	171
1299	193
1300	176
1301	199
1302	174
1303	189
1304	155
1305	154
1306	151
1307	168
1308	159
1309	159
1310	160
1311	161
1312	142
1313	151
1314	136
1315	146
1316	127
1317	119
1318	118
1319	132
1320	111
1321	105
1322	120
1323	93
1324	115
1325	93
1326	93
1327	69
1328	68
1329	78
1330	72
1331	71
1332	73
1333	71
1334	48
1335	51
1336	42
1337	40
1338	31
1339	31
1340	23
1341	33
1342	31
1343	21
1344	29
1345	16
1346	15
1347	15
1348	13
1349	11
1350	15
1351	9
1352	9
1353	9
1354	13
1355	6
1356	8
1357	3
1358	6
1359	9
1360	3
1361	5
1362	3
1363	6
1364	4
1365	2
1366	6
1367	1
1368	1
1369	2
1370	5
1371	3
1372	5
1373	5
1374	5
1375	1
1376	4
1377	1
1378	2
1379	1
1380	1
1381	0
1382	4
1383	0
1384	0
1385	0
1386	7
1387	0
1388	4
1389	2
1390	4
1391	1
1392	1
1393	1
1394	0
1395	2
1396	2
1397	2
1398	1
1399	1
1400	5
1401	0
1402	1
1403	1
1404	0
1405	4
1406	4
1407	1
1408	2
1409	2
1410	0
1411	0
1412	1
1413	0
1414	0
1415	3
1416	1
1417	0
1418	1
1419	1
1420	0
1421	1
1422	1
1423	2
1424	0
1425	2
1426	0
1427	2
1428	1
1429	2
1430	2
1431	4
1432	4
1433	4
1434	1
1435	1
1436	1
1437	3
1438	3
1439	2
1440	2
1441	0
1442	3
1443	2
1444	3
1445	1
1446	1
1447	4
1448	0
1449	1
1450	3
1451	4
1452	1
1453	1
1454	1
1455	2
1456	0
1457	3
1458	3
1459	3
1460	2
1461	3
1462	4
1463	1
1464	2
1465	5
1466	3
1467	2
1468	5
1469	0
1470	1
1471	0
1472	0
1473	1
1474	3
1475	2
1476	0
1477	1
1478	1
1479	0
1480	2
1481	0
1482	1
1483	1
1484	3
1485	2
1486	2
1487	2
1488	1
1489	2
1490	0
1491	0
1492	0
1493	0
1494	3
1495	1
1496	1
1497	0
1498	2
1499	1
1500	2
1501	0
1502	2
1503	1
1504	0
1505	1
1506	0
1507	2
1508	0
1509	1
1510	1
1511	0
1512	1
1513	3
1514	0
1515	0
1516	0
1517	4
1518	0
1519	1
1520	0
1521	0
1522	0
1523	2
1524	0
1525	0
1526	0
1527	1
1528	0
1529	1
1530	1
1531	0
1532	0
1533	1
1534	1
1535	0
1536	0
1537	0
1538	1
1539	2
1540	0
1541	2
1542	1
1543	0
1544	0
1545	1
1546	0
1547	1
1548	0
1549	0
1550	0
1551	0
1552	1
1553	0
1554	0
1555	0
1556	2
1557	0
1558	0
1559	0
1560	2
1561	0
1562	0
1563	0
1564	1
1565	0
1566	0
1567	1
1568	0
1569	0
1570	0
1571	1
1572	0
1573	1
1574	0
1575	2
1576	0
1577	0
1578	0
1579	0
1580	0
1581	1
1582	0
1583	1
1584	0
1585	0
1586	0
1587	2
1588	0
1589	0
1590	0
1591	2
1592	1
1593	0
1594	0
1595	0
1596	0
1597	0
1598	0
1599	2
1600	1
1601	0
1602	0
1603	0
1604	0
1605	1
1606	1
1607	1
1608	0
1609	0
1610	0
1611	0
1612	1
1613	0
1614	0
1615	0
1616	1
1617	0
1618	0
1619	1
1620	0
1621	1
1622	0
1623	0
1624	0
1625	0
1626	0
1627	0
1628	1
1629	0
1630	0
1631	0
1632	0
1633	1
1634	0
1635	0
1636	0
1637	1
1638	1
1639	0
1640	0
1641	1
1642	1
1643	0
1644	1
1645	0
1646	0
1647	0
1648	1
1649	0
1650	0
1651	0
1652	0
1653	0
1654	0
1655	0
1656	0
1657	0
1658	1
1659	0
1660	0
1661	0
1662	0
1663	1
1664	0
1665	0
1666	0
1667	0
1668	0
1669	0
1670	0
1671	0
1672	0
1673	0
1674	0
1675	0
1676	0
1677	0
1678	0
1679	1
1680	0
1681	1
1682	0
1683	0
1684	0
1685	0
1686	0
1687	0
1688	0
1689	1
1690	0
1691	0
1692	0
1693	0
1694	0
1695	0
1696	0
1697	0
1698	0
1699	0
1700	0
1701	0
1702	0
1703	0
1704	0
1705	0
1706	0
1707	0
1708	0
1709	0
1710	0
1711	0
1712	0
1713	0
1714	0
1715	0
1716	0
1717	0
1718	0
1719	0
1720	0
1721	0
1722	0
1723	1
1724	0
1725	0
1726	0
1727	0
1728	0
1729	0
1730	0
1731	0
1732	0
1733	0
1734	0
1735	1
1736	0
1737	0
1738	0
1739	0
1740	0
1741	0
1742	0
1743	1
1744	0
1745	0
1746	0
1747	0
1748	1
1749	0
1750	0
1751	0
1752	0
1753	0
1754	0
1755	0
1756	0
1757	0
1758	0
1759	0
1760	0
1761	0
1762	0
1763	0
1764	0
1765	0
1766	0
1767	0
1768	0
1769	0
1770	0
1771	0
1772	0
1773	0
1774	0
1775	0
1776	0
1777	1
1778	0
1779	0
1780	0
1781	0
1782	0
1783	0
1784	1
1785	0
1786	0
1787	1
1788	0
1789	1
1790	1
1791	1
1792	0
1793	0
1794	0
1795	0
1796	0
1797	0
1798	1
1799	0
1800	0
1801	0
1802	0
1803	0
1804	0
1805	0
1806	0
1807	0
1808	0
1809	1
1810	0
1811	0
1812	0
1813	1
1814	0
1815	0
1816	0
1817	0
1818	0
1819	0
1820	0
1821	0
1822	0
1823	0
1824	0
1825	0
1826	1
1827	0
1828	0
1829	0
1830	0
1831	1
1832	0
1833	0
1834	0
1835	0
1836	0
1837	0
1838	0
1839	0
1840	0
1841	0
1842	0
1843	1
1844	0
1845	0
1846	0
1847	0
1848	0
1849	0
1850	0
1851	0
1852	0
1853	0
1854	0
1855	1
1856	1
1857	0
1858	0
1859	0
1860	0
1861	0
1862	0
1863	0
1864	0
1865	0
1866	0
1867	0
1868	1
1869	0
1870	0
1871	0
1872	0
1873	0
1874	0
1875	1
1876	0
1877	0
1878	0
1879	0
1880	1
1881	0
1882	0
1883	0
1884	0
1885	0
1886	0
1887	0
1888	0
1889	0
1890	0
1891	0
1892	1
1893	0
1894	0
1895	0
1896	0
1897	0
1898	0
1899	0
1900	0
1901	0
1902	0
1903	1
1904	0
1905	0
1906	0
1907	0
1908	0
1909	0
1910	0
1911	1
1912	0
1913	0
1914	0
1915	0
1916	0
1917	0
1918	0
1919	0
1920	0
1921	0
1922	0
1923	0
1924	0
1925	0
1926	0
1927	0
1928	0
1929	0
1930	0
1931	0
1932	0
1933	0
1934	0
1935	0
1936	0
1937	0
1938	0
1939	1
1940	1
1941	0
1942	0
1943	1
1944	0
1945	0
1946	0
1947	0
1948	0
1949	1
1950	0
1951	0
1952	0
1953	0
1954	0
1955	1
1956	0
1957	0
1958	0
1959	0
1960	0
1961	0
1962	0
1963	0
1964	0
1965	0
1966	0
1967	0
1968	0
1969	0
1970	0
1971	0
1972	0
1973	0
1974	0
1975	0
1976	0
1977	0
1978	0
1979	0
1980	0
1981	0
1982	0
1983	0
1984	0
1985	0
1986	0
1987	0
1988	0
1989	0
1990	0
1991	0
1992	0
1993	0
1994	1
1995	0
1996	0
1997	0
1998	0
1999	0
2000	0
2001	0
2002	0
2003	0
2004	0
2005	0
2006	0
2007	0
2008	0
2009	0
2010	0
2011	1
2012	0
2013	0
2014	0
2015	0
2016	0
2017	0
2018	0
2019	0
2020	0
2021	0
2022	0
2023	0
2024	0
2025	0
2026	0
2027	0
2028	0
2029	0
2030	1
2031	0
2032	0
2033	0
2034	0
2035	1
2036	0
2037	0
2038	0
2039	0
2040	0
2041	0
2042	0
2043	0
2044	0
2045	0
2046	0
2047	0
