0	0
1	0
2	0
3	0
4	0
5	0
6	0
7	0
8	0
9	0
10	133
11	270
12	269
13	288
14	270
15	288
16	275
17	292
18	285
19	297
20	289
21	278
22	303
23	352
24	340
25	347
26	409
27	406
28	365
29	381
30	381
31	407
32	426
33	440
34	434
35	400
36	463
37	485
38	499
39	518
40	571
41	523
42	549
43	557
44	570
45	633
46	658
47	625
48	677
49	684
50	673
51	664
52	667
53	716
54	702
55	715
56	685
57	708
58	684
59	710
60	749
61	737
62	715
63	746
64	762
65	666
66	728
67	741
68	699
69	745
70	775
71	739
72	715
73	774
74	721
75	688
76	667
77	666
78	682
79	704
80	702
81	664
82	687
83	638
84	679
85	651
86	686
87	656
88	651
89	625
90	626
91	628
92	602
93	603
94	613
95	576
96	636
97	560
98	627
99	651
100	617
101	590
102	633
103	592
104	593
105	538
106	554
107	568
108	549
109	566
110	544
111	567
112	534
113	554
114	495
115	514
116	497
117	517
118	467
119	490
120	487
121	520
122	469
123	427
124	478
125	475
126	465
127	474
128	467
129	476
130	426
131	455
132	435
133	414
134	407
135	473
136	492
137	464
138	466
139	377
140	419
141	430
142	399
143	423
144	449
145	387
146	409
147	435
148	402
149	446
150	453
151	437
152	447
153	414
154	423
155	407
156	442
157	462
158	414
159	447
160	462
161	409
162	444
163	449
164	459
165	467
166	465
167	489
168	458
169	461
170	447
171	468
172	437
173	463
174	483
175	485
176	435
177	420
178	423
179	445
180	429
181	400
182	398
183	397
184	416
185	387
186	407
187	346
188	386
189	360
190	381
191	345
192	380
193	345
194	329
195	372
196	353
197	364
198	373
199	336
200	306
201	321
202	336
203	268
204	326
205	344
206	283
207	325
208	310
209	317
210	259
211	317
212	293
213	269
214	313
215	302
216	310
217	268
218	249
219	287
220	285
221	270
222	260
223	261
224	258
225	264
226	255
227	272
228	264
229	243
230	227
231	251
232	232
233	261
234	239
235	239
236	250
237	235
238	238
239	221
240	278
241	258
242	230
243	227
244	213
245	245
246	231
247	216
248	237
249	241
250	210
251	205
252	217
253	251
254	218
255	229
256	234
257	245
258	216
259	227
260	212
261	196
262	230
263	189
264	229
265	193
266	210
267	194
268	203
269	217
270	221
271	190
272	185
273	200
274	214
275	179
276	194
277	212
278	206
279	184
280	174
281	188
282	169
283	170
284	194
285	177
286	177
287	178
288	188
289	199
290	194
291	192
292	199
293	181
294	174
295	168
296	180
297	177
298	151
299	171
300	162
301	187
302	189
303	165
304	130
305	172
306	191
307	179
308	171
309	183
310	181
311	161
312	163
313	174
314	179
315	183
316	199
317	179
318	175
319	156
320	164
321	162
322	177
323	182
324	173
325	177
326	171
327	183
328	174
329	179
330	170
331	159
332	164
333	161
334	138
335	165
336	171
337	166
338	177
339	173
340	165
341	182
342	171
343	166
344	159
345	162
346	153
347	143
348	122
349	152
350	156
351	154
352	164
353	166
354	138
355	150
356	149
357	155
358	162
359	194
360	171
361	174
362	163
363	159
364	171
365	164
366	158
367	159
368	170
369	167
370	173
371	172
372	170
373	148
374	169
375	147
376	173
377	169
378	166
379	184
380	170
381	153
382	165
383	167
384	153
385	162
386	140
387	145
388	143
389	161
390	152
391	172
392	163
393	125
394	152
395	130
396	160
397	139
398	145
399	141
400	136
401	129
402	121
403	131
404	130
405	147
406	144
407	126
408	147
409	130
410	166
411	119
412	136
413	120
414	139
415	137
416	117
417	141
418	116
419	122
420	154
421	113
422	144
423	113
424	125
425	131
426	145
427	143
428	126
429	131
430	136
431	119
432	132
433	138
434	144
435	146
436	139
437	136
438	134
439	145
440	119
441	136
442	143
443	143
444	126
445	131
446	134
447	126
448	135
449	136
450	127
451	136
452	121
453	129
454	145
455	143
456	131
457	113
458	108
459	125
460	124
461	147
462	120
463	116
464	94
465	128
466	126
467	117
468	137
469	125
470	114
471	137
472	122
473	132
474	124
475	104
476	118
477	131
478	131
479	106
480	135
481	122
482	109
483	108
484	106
485	116
486	107
487	120
488	123
489	116
490	112
491	127
492	111
493	107
494	126
495	109
496	102
497	122
498	130
499	112
500	119
501	111
502	125
503	113
504	130
505	124
506	111
507	113
508	111
509	108
510	105
511	124
512	123
513	129
514	115
515	110
516	118
517	107
518	133
519	117
520	105
521	116
522	122
523	102
524	126
525	111
526	124
527	136
528	102
529	103
530	117
531	118
532	130
533	106
534	123
535	125
536	124
537	119
538	131
539	112
540	112
541	111
542	112
543	119
544	119
545	114
546	107
547	125
548	145
549	123
550	122
551	106
552	119
553	98
554	123
555	118
556	123
557	108
558	126
559	122
560	114
561	130
562	109
563	116
564	108
565	126
566	117
567	124
568	111
569	103
570	101
571	114
572	118
573	122
574	121
575	104
576	98
577	94
578	108
579	115
580	111
581	110
582	119
583	133
584	117
585	128
586	125
587	106
588	108
589	111
590	120
591	114
592	110
593	108
594	119
595	115
596	104
597	110
598	88
599	126
600	108
601	110
602	106
603	108
604	95
605	117
606	138
607	122
608	129
609	104
610	104
611	124
612	123
613	107
614	119
615	120
616	106
617	131
618	123
619	132
620	122
621	119
622	111
623	126
624	119
625	122
626	119
627	114
628	116
629	112
630	107
631	125
632	109
633	120
634	122
635	120
636	113
637	122
638	108
639	127
640	137
641	116
642	112
643	111
644	118
645	124
646	127
647	110
648	107
649	108
650	108
651	121
652	119
653	124
654	114
655	115
656	114
657	124
658	132
659	120
660	113
661	115
662	140
663	110
664	124
665	140
666	113
667	143
668	105
669	130
670	96
671	115
672	135
673	120
674	123
675	123
676	128
677	115
678	139
679	105
680	141
681	130
682	146
683	132
684	126
685	122
686	147
687	133
688	140
689	136
690	115
691	138
692	133
693	158
694	122
695	132
696	114
697	138
698	147
699	156
700	140
701	130
702	161
703	133
704	140
705	127
706	153
707	140
708	159
709	126
710	133
711	137
712	145
713	143
714	147
715	136
716	127
717	137
718	133
719	136
720	101
721	137
722	132
723	117
724	148
725	150
726	141
727	138
728	114
729	123
730	121
731	143
732	135
733	108
734	134
735	134
736	131
737	118
738	134
739	131
740	121
741	113
742	132
743	142
744	132
745	120
746	164
747	133
748	127
749	148
750	142
751	135
752	126
753	132
754	122
755	123
756	137
757	120
758	118
759	120
760	133
761	129
762	141
763	156
764	135
765	138
766	131
767	128
768	140
769	161
770	142
771	121
772	131
773	136
774	126
775	155
776	128
777	133
778	126
779	141
780	135
781	143
782	144
783	140
784	142
785	133
786	132
787	154
788	145
789	153
790	153
791	166
792	147
793	153
794	155
795	141
796	163
797	140
798	131
799	152
800	126
801	123
802	144
803	140
804	145
805	171
806	146
807	147
808	143
809	138
810	148
811	147
812	154
813	146
814	157
815	132
816	164
817	150
818	123
819	152
820	150
821	139
822	150
823	143
824	149
825	153
826	143
827	140
828	149
829	124
830	145
831	155
832	137
833	149
834	151
835	141
836	142
837	129
838	157
839	152
840	124
841	151
842	145
843	165
844	156
845	143
846	137
847	168
848	138
849	153
850	142
851	156
852	153
853	139
854	115
855	144
856	148
857	143
858	146
859	125
860	140
861	148
862	121
863	132
864	119
865	107
866	124
867	134
868	104
869	126
870	136
871	124
872	120
873	132
874	113
875	106
876	127
877	104
878	115
879	92
880	98
881	97
882	101
883	88
884	77
885	81
886	87
887	86
888	76
889	85
890	61
891	72
892	73
893	71
894	82
895	72
896	55
897	71
898	78
899	65
900	64
901	58
902	65
903	53
904	51
905	51
906	50
907	52
908	57
909	55
910	63
911	52
912	68
913	46
914	47
915	62
916	53
917	55
918	49
919	53
920	38
921	46
922	51
923	49
924	39
925	47
926	40
927	41
928	35
929	36
930	32
931	40
932	41
933	31
934	45
935	38
936	46
937	31
938	36
939	33
940	38
941	34
942	30
943	25
944	43
945	43
946	34
947	44
948	28
949	27
950	47
951	26
952	35
953	35
954	30
955	23
956	22
957	30
958	18
959	28
960	23
961	31
962	30
963	30
964	27
965	27
966	22
967	21
968	28
969	26
970	27
971	31
972	33
973	27
974	34
975	31
976	35
977	29
978	36
979	26
980	34
981	38
982	32
983	37
984	56
985	55
986	45
987	45
988	68
989	57
990	62
991	59
992	75
993	86
994	56
995	85
996	80
997	99
998	91
999	103
1000	96
1001	116
1002	130
1003	152
1004	147
1005	132
1006	161
1007	195
1008	215
1009	210
1010	216
1011	260
1012	258
1013	276
1014	291
1015	325
1016	290
1017	342
1018	336
1019	374
1020	359
1021	423
1022	454
1023	483
1024	491
1025	508
1026	531
1027	534
1028	553
1029	563
1030	606
1031	580
1032	597
1033	584
1034	693
1035	666
1036	711
1037	666
1038	687
1039	673
1040	716
1041	745
1042	752
1043	756
1044	724
1045	721
1046	730
1047	772
1048	699
1049	691
1050	707
1051	654
1052	693
1053	647
1054	630
1055	669
1056	681
1057	595
1058	592
1059	585
1060	598
1061	512
1062	509
1063	521
1064	498
1065	458
1066	437
1067	371
1068	413
1069	347
1070	313
1071	322
1072	299
1073	260
1074	289
1075	244
1076	252
1077	215
1078	217
1079	196
1080	178
1081	158
1082	125
1083	137
1084	115
1085	133
1086	102
1087	82
1088	84
1089	77
1090	68
1091	81
1092	48
1093	45
1094	48
1095	51
1096	37
1097	30
1098	23
1099	21
1100	20
1101	14
1102	19
1103	19
1104	11
1105	12
1106	8
1107	12
1108	7
1109	10
1110	8
1111	14
1112	2
1113	7
1114	9
1115	5
1116	4
1117	5
1118	1
1119	4
1120	9
1121	7
1122	2
1123	2
1124	5
1125	1
1126	6
1127	6
1128	5
1129	6
1130	1
1131	7
1132	5
1133	5
1134	3
1135	4
1136	10
1137	3
1138	7
1139	5
1140	3
1141	7
1142	5
1143	2
1144	3
1145	6
1146	3
1147	2
1148	5
1149	1
1150	8
1151	6
1152	4
1153	5
1154	3
1155	5
1156	4
1157	3
1158	4
1159	3
1160	0
1161	2
1162	4
1163	3
1164	2
1165	3
1166	2
1167	4
1168	4
1169	6
1170	8
1171	4
1172	6
1173	3
1174	3
1175	4
1176	8
1177	3
1178	5
1179	3
1180	3
1181	4
1182	4
1183	3
1184	1
1185	4
1186	6
1187	2
1188	6
1189	5
1190	3
1191	6
1192	2
1193	3
1194	3
1195	2
1196	7
1197	1
1198	2
1199	2
1200	1
1201	3
1202	2
1203	4
1204	3
1205	5
1206	2
1207	1
1208	4
1209	3
1210	8
1211	9
1212	2
1213	3
1214	6
1215	6
1216	3
1217	5
1218	5
1219	3
1220	5
1221	6
1222	4
1223	6
1224	6
1225	4
1226	5
1227	1
1228	6
1229	3
1230	3
1231	7
1232	6
1233	1
1234	7
1235	3
1236	3
1237	2
1238	1
1239	1
1240	6
1241	2
1242	2
1243	4
1244	4
1245	4
1246	3
1247	2
1248	4
1249	2
1250	4
1251	4
1252	2
1253	3
1254	4
1255	1
1256	3
1257	6
1258	5
1259	5
1260	1
1261	7
1262	4
1263	2
1264	7
1265	4
1266	2
1267	2
1268	3
1269	3
1270	7
1271	2
1272	4
1273	3
1274	2
1275	5
1276	5
1277	3
1278	2
1279	3
1280	3
1281	1
1282	5
1283	5
1284	6
1285	7
1286	4
1287	2
1288	4
1289	2
1290	3
1291	1
1292	1
1293	4
1294	2
1295	8
1296	2
1297	6
1298	2
1299	3
1300	6
1301	4
1302	5
1303	3
1304	3
1305	4
1306	2
1307	8
1308	4
1309	4
1310	1
1311	3
1312	1
1313	0
1314	5
1315	3
1316	0
1317	4
1318	0
1319	4
1320	1
1321	2
1322	6
1323	0
1324	2
1325	3
1326	2
1327	3
1328	2
1329	3
1330	2
1331	1
1332	4
1333	2
1334	2
1335	1
1336	5
1337	2
1338	1
1339	2
1340	3
1341	2
1342	7
1343	1
1344	4
1345	3
1346	1
1347	4
1348	1
1349	6
1350	3
1351	1
1352	2
1353	2
1354	6
1355	2
1356	6
1357	6
1358	1
1359	3
1360	4
1361	1
1362	1
1363	3
1364	3
1365	2
1366	2
1367	1
1368	4
1369	3
1370	4
1371	1
1372	5
1373	0
1374	3
1375	3
1376	1
1377	4
1378	1
1379	2
1380	3
1381	1
1382	0
1383	3
1384	1
1385	2
1386	3
1387	6
1388	5
1389	4
1390	3
1391	3
1392	4
1393	5
1394	5
1395	1
1396	1
1397	1
1398	2
1399	1
1400	4
1401	2
1402	1
1403	3
1404	1
1405	2
1406	2
1407	4
1408	3
1409	2
1410	3
1411	5
1412	3
1413	3
1414	3
1415	4
1416	1
1417	4
1418	1
1419	5
1420	1
1421	1
1422	4
1423	1
1424	0
1425	1
1426	3
1427	4
1428	4
1429	0
1430	2
1431	1
1432	1
1433	1
1434	2
1435	4
1436	0
1437	3
1438	6
1439	2
1440	2
1441	2
1442	4
1443	3
1444	0
1445	0
1446	1
1447	3
1448	3
1449	2
1450	4
1451	1
1452	4
1453	0
1454	3
1455	7
1456	1
1457	3
1458	2
1459	2
1460	4
1461	5
1462	2
1463	1
1464	3
1465	0
1466	1
1467	4
1468	1
1469	3
1470	2
1471	1
1472	1
1473	5
1474	7
1475	2
1476	3
1477	4
1478	3
1479	2
1480	3
1481	5
1482	1
1483	2
1484	1
1485	1
1486	2
1487	3
1488	2
1489	2
1490	2
1491	2
1492	5
1493	3
1494	4
1495	4
1496	2
1497	4
1498	5
1499	3
1500	4
1501	1
1502	5
1503	2
1504	2
1505	3
1506	1
1507	1
1508	3
1509	1
1510	6
1511	5
1512	3
1513	1
1514	4
1515	5
1516	1
1517	1
1518	2
1519	4
1520	4
1521	4
1522	1
1523	4
1524	4
1525	3
1526	2
1527	6
1528	5
1529	5
1530	2
1531	4
1532	2
1533	2
1534	3
1535	4
1536	1
1537	2
1538	5
1539	5
1540	2
1541	1
1542	2
1543	1
1544	4
1545	1
1546	5
1547	2
1548	0
1549	0
1550	1
1551	5
1552	6
1553	3
1554	1
1555	5
1556	4
1557	5
1558	0
1559	3
1560	2
1561	4
1562	2
1563	1
1564	5
1565	4
1566	0
1567	7
1568	1
1569	3
1570	0
1571	4
1572	5
1573	1
1574	2
1575	2
1576	2
1577	1
1578	1
1579	5
1580	3
1581	1
1582	3
1583	5
1584	6
1585	4
1586	1
1587	1
1588	1
1589	4
1590	4
1591	3
1592	1
1593	1
1594	1
1595	3
1596	0
1597	3
1598	3
1599	1
1600	3
1601	2
1602	3
1603	3
1604	4
1605	1
1606	2
1607	0
1608	2
1609	2
1610	3
1611	0
1612	6
1613	3
1614	1
1615	3
1616	0
1617	3
1618	2
1619	3
1620	1
1621	1
1622	3
1623	4
1624	1
1625	2
1626	1
1627	3
1628	1
1629	5
1630	0
1631	1
1632	2
1633	2
1634	2
1635	1
1636	0
1637	1
1638	2
1639	2
1640	1
1641	1
1642	1
1643	1
1644	3
1645	3
1646	0
1647	1
1648	1
1649	1
1650	2
1651	0
1652	2
1653	0
1654	2
1655	1
1656	0
1657	2
1658	0
1659	1
1660	1
1661	2
1662	1
1663	1
1664	5
1665	1
1666	2
1667	1
1668	0
1669	1
1670	3
1671	3
1672	1
1673	0
1674	4
1675	1
1676	1
1677	0
1678	0
1679	2
1680	5
1681	0
1682	3
1683	2
1684	2
1685	2
1686	1
1687	1
1688	0
1689	3
1690	1
1691	1
1692	2
1693	0
1694	1
1695	0
1696	2
1697	5
1698	2
1699	0
1700	2
1701	0
1702	1
1703	0
1704	1
1705	0
1706	3
1707	1
1708	1
1709	2
1710	2
1711	1
1712	1
1713	2
1714	3
1715	3
1716	3
1717	0
1718	0
1719	0
1720	4
1721	1
1722	1
1723	3
1724	2
1725	1
1726	2
1727	0
1728	2
1729	0
1730	1
1731	1
1732	0
1733	0
1734	4
1735	0
1736	0
1737	1
1738	1
1739	2
1740	2
1741	1
1742	1
1743	0
1744	1
1745	3
1746	2
1747	2
1748	0
1749	3
1750	1
1751	2
1752	2
1753	2
1754	0
1755	0
1756	1
1757	2
1758	1
1759	1
1760	2
1761	4
1762	1
1763	0
1764	0
1765	2
1766	0
1767	1
1768	3
1769	0
1770	2
1771	0
1772	1
1773	1
1774	0
1775	3
1776	1
1777	3
1778	4
1779	2
1780	1
1781	4
1782	3
1783	3
1784	2
1785	0
1786	0
1787	0
1788	3
1789	1
1790	1
1791	4
1792	1
1793	2
1794	2
1795	0
1796	1
1797	1
1798	3
1799	0
1800	2
1801	1
1802	6
1803	1
1804	2
1805	2
1806	0
1807	3
1808	3
1809	2
1810	1
1811	3
1812	1
1813	3
1814	3
1815	1
1816	1
1817	3
1818	1
1819	1
1820	2
1821	4
1822	3
1823	0
1824	1
1825	2
1826	4
1827	4
1828	2
1829	3
1830	3
1831	2
1832	1
1833	4
1834	5
1835	3
1836	3
1837	1
1838	5
1839	5
1840	1
1841	0
1842	3
1843	6
1844	0
1845	3
1846	5
1847	3
1848	2
1849	2
1850	4
1851	4
1852	4
1853	2
1854	1
1855	1
1856	3
1857	4
1858	2
1859	1
1860	4
1861	6
1862	3
1863	6
1864	5
1865	2
1866	2
1867	2
1868	3
1869	3
1870	0
1871	3
1872	2
1873	3
1874	1
1875	3
1876	3
1877	0
1878	3
1879	0
1880	3
1881	0
1882	4
1883	0
1884	2
1885	3
1886	2
1887	1
1888	3
1889	1
1890	2
1891	2
1892	2
1893	2
1894	1
1895	2
1896	4
1897	2
1898	2
1899	0
1900	2
1901	2
1902	1
1903	0
1904	0
1905	1
1906	0
1907	0
1908	3
1909	1
1910	0
1911	1
1912	2
1913	1
1914	2
1915	2
1916	0
1917	2
1918	0
1919	0
1920	4
1921	0
1922	1
1923	1
1924	1
1925	0
1926	0
1927	0
1928	4
1929	0
1930	0
1931	3
1932	2
1933	2
1934	1
1935	0
1936	0
1937	0
1938	1
1939	2
1940	0
1941	0
1942	0
1943	1
1944	1
1945	0
1946	0
1947	1
1948	2
1949	1
1950	1
1951	0
1952	1
1953	0
1954	0
1955	0
1956	1
1957	1
1958	0
1959	0
1960	0
1961	3
1962	0
1963	0
1964	2
1965	1
1966	0
1967	2
1968	0
1969	2
1970	1
1971	0
1972	1
1973	1
1974	0
1975	1
1976	0
1977	1
1978	3
1979	3
1980	0
1981	0
1982	0
1983	0
1984	1
1985	0
1986	0
1987	0
1988	0
1989	0
1990	2
1991	0
1992	0
1993	0
1994	0
1995	0
1996	0
1997	2
1998	3
1999	0
2000	1
2001	0
2002	0
2003	3
2004	0
2005	0
2006	2
2007	1
2008	0
2009	4
2010	2
2011	1
2012	0
2013	0
2014	0
2015	0
2016	1
2017	1
2018	0
2019	1
2020	3
2021	3
2022	0
2023	0
2024	2
2025	0
2026	2
2027	1
2028	2
2029	0
2030	1
2031	1
2032	1
2033	0
2034	0
2035	1
2036	1
2037	0
2038	0
2039	0
2040	0
2041	0
2042	0
2043	0
2044	0
2045	2
2046	2
2047	3
