0	0
1	0
2	0
3	0
4	0
5	0
6	0
7	0
8	0
9	0
10	629
11	1272
12	1253
13	1281
14	1291
15	1311
16	1285
17	1285
18	1322
19	1315
20	1303
21	1424
22	1473
23	1511
24	1711
25	1850
26	2047
27	2227
28	2248
29	2304
30	2268
31	2288
32	2309
33	2442
34	2474
35	2485
36	2707
37	2777
38	2791
39	2577
40	2439
41	2406
42	2340
43	2325
44	2575
45	2875
46	3111
47	3305
48	3546
49	3787
50	3805
51	4185
52	4205
53	4457
54	4833
55	5348
56	6128
57	7168
58	8454
59	10060
60	11992
61	13141
62	13627
63	12489
64	10776
65	8840
66	7331
67	6749
68	6745
69	7074
70	7374
71	7545
72	7292
73	6810
74	6141
75	5353
76	4855
77	4285
78	3692
79	3516
80	3402
81	3290
82	3248
83	3297
84	3352
85	3236
86	3010
87	2993
88	2909
89	2861
90	2865
91	2802
92	2954
93	2982
94	3064
95	3192
96	3426
97	3596
98	3627
99	3684
100	3816
101	3855
102	3865
103	3738
104	3625
105	3398
106	3407
107	3084
108	3079
109	3023
110	3033
111	2982
112	2930
113	2942
114	3014
115	2984
116	2977
117	2989
118	3031
119	2879
120	2838
121	2822
122	2824
123	2785
124	2817
125	2781
126	2621
127	2639
128	2642
129	2673
130	2671
131	2669
132	2621
133	2678
134	2687
135	2701
136	2665
137	2671
138	2736
139	2731
140	2679
141	2696
142	2795
143	2681
144	2721
145	2819
146	2812
147	2885
148	2933
149	2979
150	2945
151	3117
152	3125
153	3283
154	3338
155	3424
156	3542
157	3489
158	3521
159	3468
160	3414
161	3504
162	3370
163	3481
164	3452
165	3453
166	3513
167	4080
168	4153
169	4571
170	5204
171	5783
172	6408
173	7206
174	8099
175	8528
176	9088
177	9492
178	9825
179	10064
180	10069
181	9953
182	9293
183	9155
184	8366
185	7793
186	7070
187	6269
188	5752
189	4967
190	4327
191	3751
192	3270
193	2870
194	2638
195	2475
196	2219
197	2125
198	2022
199	2060
200	1897
201	2007
202	1995
203	2034
204	2006
205	2007
206	2077
207	2051
208	1938
209	1980
210	1841
211	1925
212	1898
213	1814
214	1904
215	1707
216	1773
217	1798
218	1704
219	1672
220	1685
221	1620
222	1611
223	1705
224	1619
225	1688
226	1577
227	1605
228	1600
229	1606
230	1572
231	1522
232	1577
233	1504
234	1542
235	1612
236	1689
237	1673
238	1756
239	1812
240	1860
241	2002
242	2010
243	2080
244	2165
245	2252
246	2328
247	2398
248	2372
249	2473
250	2429
251	2430
252	2428
253	2512
254	2417
255	2275
256	2190
257	2195
258	2038
259	2010
260	1909
261	1771
262	1657
263	1605
264	1437
265	1404
266	1329
267	1212
268	1144
269	1055
270	1059
271	1011
272	935
273	880
274	869
275	900
276	864
277	794
278	845
279	842
280	825
281	854
282	819
283	801
284	773
285	848
286	815
287	870
288	807
289	777
290	800
291	795
292	819
293	807
294	847
295	890
296	791
297	876
298	791
299	792
300	834
301	830
302	838
303	817
304	802
305	844
306	760
307	755
308	796
309	769
310	769
311	778
312	767
313	755
314	713
315	723
316	721
317	713
318	714
319	677
320	708
321	717
322	743
323	665
324	722
325	691
326	746
327	776
328	789
329	817
330	838
331	794
332	821
333	827
334	847
335	872
336	911
337	890
338	943
339	913
340	916
341	952
342	891
343	899
344	901
345	974
346	896
347	892
348	837
349	892
350	881
351	812
352	843
353	868
354	870
355	836
356	874
357	851
358	837
359	795
360	823
361	859
362	839
363	833
364	918
365	866
366	915
367	956
368	960
369	945
370	994
371	1009
372	997
373	991
374	1043
375	1036
376	1095
377	1027
378	995
379	961
380	993
381	1017
382	1003
383	944
384	907
385	888
386	882
387	891
388	838
389	851
390	824
391	752
392	707
393	716
394	714
395	709
396	685
397	741
398	700
399	663
400	739
401	755
402	833
403	812
404	799
405	843
406	842
407	1007
408	1006
409	1023
410	1083
411	1114
412	1228
413	1265
414	1301
415	1355
416	1362
417	1507
418	1579
419	1651
420	1747
421	1708
422	1769
423	1877
424	1797
425	1903
426	1842
427	1902
428	1915
429	1868
430	1957
431	1854
432	1846
433	1783
434	1710
435	1683
436	1583
437	1547
438	1453
439	1415
440	1342
441	1207
442	1208
443	1134
444	1073
445	929
446	895
447	879
448	831
449	672
450	685
451	654
452	634
453	580
454	546
455	568
456	524
457	495
458	482
459	463
460	451
461	476
462	448
463	454
464	413
465	440
466	416
467	421
468	420
469	394
470	395
471	411
472	381
473	428
474	371
475	379
476	390
477	398
478	443
479	413
480	372
481	388
482	392
483	407
484	381
485	384
486	402
487	401
488	401
489	413
490	420
491	383
492	378
493	400
494	402
495	350
496	382
497	417
498	405
499	414
500	381
501	413
502	408
503	430
504	415
505	424
506	445
507	438
508	457
509	451
510	501
511	450
512	466
513	465
514	513
515	470
516	494
517	494
518	511
519	503
520	573
521	558
522	552
523	555
524	565
525	537
526	629
527	561
528	594
529	605
530	618
531	601
532	580
533	536
534	536
535	567
536	528
537	551
538	560
539	504
540	487
541	510
542	514
543	456
544	502
545	499
546	471
547	440
548	442
549	433
550	444
551	466
552	423
553	458
554	486
555	402
556	431
557	440
558	398
559	410
560	434
561	397
562	427
563	441
564	449
565	430
566	428
567	364
568	424
569	426
570	437
571	371
572	454
573	409
574	468
575	438
576	414
577	407
578	405
579	439
580	354
581	408
582	386
583	398
584	387
585	382
586	381
587	358
588	340
589	337
590	360
591	404
592	346
593	330
594	354
595	322
596	343
597	357
598	317
599	333
600	347
601	323
602	340
603	350
604	356
605	357
606	334
607	384
608	355
609	320
610	385
611	365
612	360
613	400
614	368
615	405
616	383
617	393
618	385
619	367
620	421
621	383
622	397
623	427
624	436
625	408
626	473
627	422
628	460
629	443
630	445
631	530
632	488
633	504
634	530
635	538
636	576
637	499
638	601
639	587
640	629
641	621
642	622
643	655
644	681
645	711
646	778
647	750
648	757
649	828
650	785
651	830
652	918
653	873
654	899
655	917
656	896
657	934
658	938
659	925
660	956
661	932
662	954
663	932
664	941
665	904
666	905
667	837
668	849
669	885
670	878
671	857
672	821
673	771
674	785
675	792
676	755
677	760
678	746
679	766
680	750
681	675
682	716
683	752
684	675
685	683
686	682
687	691
688	663
689	641
690	680
691	697
692	687
693	732
694	721
695	667
696	686
697	713
698	691
699	692
700	699
701	660
702	628
703	653
704	617
705	598
706	603
707	607
708	627
709	600
710	591
711	479
712	497
713	525
714	477
715	465
716	411
717	418
718	399
719	340
720	340
721	313
722	325
723	288
724	285
725	287
726	232
727	260
728	225
729	221
730	211
731	177
732	183
733	169
734	166
735	148
736	175
737	146
738	141
739	138
740	149
741	128
742	126
743	141
744	113
745	135
746	119
747	111
748	117
749	125
750	120
751	108
752	130
753	127
754	108
755	129
756	125
757	137
758	125
759	127
760	127
761	125
762	122
763	111
764	112
765	101
766	100
767	124
768	119
769	131
770	109
771	138
772	148
773	118
774	108
775	116
776	130
777	134
778	123
779	118
780	118
781	151
782	134
783	132
784	143
785	133
786	137
787	129
788	128
789	136
790	138
791	138
792	137
793	141
794	144
795	134
796	121
797	156
798	133
799	147
800	135
801	167
802	144
803	136
804	134
805	147
806	146
807	120
808	132
809	125
810	121
811	143
812	133
813	109
814	132
815	137
816	142
817	136
818	121
819	134
820	149
821	114
822	124
823	131
824	119
825	104
826	119
827	128
828	98
829	142
830	111
831	84
832	101
833	101
834	109
835	107
836	98
837	109
838	96
839	103
840	87
841	100
842	90
843	104
844	110
845	95
846	84
847	80
848	91
849	93
850	95
851	85
852	78
853	90
854	88
855	82
856	98
857	87
858	81
859	102
860	88
861	80
862	94
863	69
864	91
865	82
866	93
867	86
868	74
869	91
870	95
871	84
872	110
873	91
874	94
875	74
876	93
877	83
878	86
879	90
880	79
881	90
882	91
883	89
884	87
885	76
886	89
887	90
888	82
889	82
890	89
891	105
892	79
893	102
894	100
895	94
896	84
897	97
898	91
899	74
900	68
901	89
902	103
903	88
904	86
905	98
906	99
907	83
908	98
909	78
910	100
911	87
912	76
913	91
914	94
915	85
916	91
917	89
918	77
919	81
920	90
921	103
922	93
923	68
924	73
925	84
926	84
927	71
928	79
929	101
930	81
931	79
932	74
933	83
934	69
935	71
936	69
937	108
938	77
939	75
940	69
941	70
942	89
943	74
944	59
945	92
946	76
947	78
948	72
949	87
950	81
951	86
952	76
953	68
954	46
955	68
956	53
957	64
958	64
959	67
960	67
961	90
962	61
963	68
964	54
965	57
966	92
967	75
968	82
969	57
970	71
971	67
972	71
973	71
974	59
975	83
976	70
977	79
978	73
979	66
980	81
981	74
982	53
983	61
984	83
985	68
986	68
987	82
988	69
989	66
990	70
991	72
992	80
993	57
994	68
995	79
996	81
997	78
998	75
999	70
1000	66
1001	64
1002	72
1003	60
1004	72
1005	72
1006	77
1007	67
1008	67
1009	72
1010	67
1011	76
1012	66
1013	64
1014	70
1015	65
1016	72
1017	59
1018	73
1019	63
1020	69
1021	76
1022	88
1023	71
1024	62
1025	82
1026	67
1027	74
1028	72
1029	85
1030	68
1031	58
1032	67
1033	64
1034	81
1035	67
1036	80
1037	89
1038	61
1039	72
1040	88
1041	62
1042	71
1043	76
1044	77
1045	76
1046	80
1047	85
1048	67
1049	80
1050	80
1051	78
1052	92
1053	80
1054	83
1055	85
1056	84
1057	80
1058	74
1059	81
1060	64
1061	83
1062	60
1063	71
1064	93
1065	88
1066	81
1067	92
1068	75
1069	90
1070	84
1071	64
1072	77
1073	66
1074	76
1075	92
1076	86
1077	85
1078	98
1079	86
1080	78
1081	80
1082	82
1083	75
1084	78
1085	87
1086	101
1087	93
1088	87
1089	79
1090	87
1091	74
1092	103
1093	72
1094	79
1095	116
1096	79
1097	85
1098	77
1099	91
1100	88
1101	101
1102	110
1103	87
1104	107
1105	107
1106	109
1107	99
1108	115
1109	98
1110	97
1111	94
1112	108
1113	114
1114	108
1115	118
1116	115
1117	131
1118	135
1119	124
1120	134
1121	128
1122	145
1123	115
1124	152
1125	134
1126	128
1127	115
1128	156
1129	150
1130	155
1131	155
1132	152
1133	147
1134	143
1135	127
1136	141
1137	154
1138	153
1139	142
1140	153
1141	140
1142	126
1143	151
1144	164
1145	150
1146	166
1147	145
1148	155
1149	142
1150	144
1151	156
1152	131
1153	153
1154	139
1155	150
1156	155
1157	140
1158	158
1159	134
1160	132
1161	129
1162	118
1163	130
1164	134
1165	121
1166	130
1167	118
1168	114
1169	141
1170	119
1171	92
1172	129
1173	97
1174	92
1175	113
1176	85
1177	106
1178	95
1179	95
1180	95
1181	106
1182	94
1183	95
1184	84
1185	118
1186	103
1187	83
1188	84
1189	90
1190	80
1191	80
1192	77
1193	77
1194	82
1195	95
1196	78
1197	80
1198	67
1199	77
1200	72
1201	59
1202	57
1203	72
1204	57
1205	64
1206	51
1207	68
1208	56
1209	55
1210	58
1211	58
1212	70
1213	59
1214	63
1215	60
1216	53
1217	74
1218	57
1219	59
1220	75
1221	57
1222	61
1223	59
1224	53
1225	52
1226	62
1227	49
1228	60
1229	59
1230	60
1231	59
1232	46
1233	57
1234	67
1235	51
1236	63
1237	75
1238	56
1239	62
1240	57
1241	54
1242	63
1243	54
1244	57
1245	56
1246	64
1247	60
1248	47
1249	60
1250	44
1251	55
1252	56
1253	43
1254	62
1255	47
1256	66
1257	59
1258	61
1259	57
1260	53
1261	37
1262	70
1263	46
1264	47
1265	68
1266	54
1267	53
1268	50
1269	48
1270	56
1271	62
1272	68
1273	55
1274	48
1275	50
1276	49
1277	48
1278	58
1279	44
1280	53
1281	67
1282	63
1283	60
1284	52
1285	61
1286	51
1287	54
1288	48
1289	52
1290	60
1291	51
1292	57
1293	56
1294	64
1295	58
1296	51
1297	56
1298	62
1299	64
1300	46
1301	43
1302	51
1303	47
1304	50
1305	48
1306	47
1307	61
1308	51
1309	59
1310	56
1311	55
1312	62
1313	46
1314	48
1315	65
1316	47
1317	40
1318	53
1319	57
1320	47
1321	59
1322	62
1323	53
1324	44
1325	49
1326	57
1327	54
1328	42
1329	51
1330	58
1331	57
1332	57
1333	51
1334	56
1335	50
1336	53
1337	45
1338	56
1339	44
1340	37
1341	51
1342	55
1343	49
1344	51
1345	46
1346	44
1347	39
1348	53
1349	53
1350	56
1351	48
1352	46
1353	59
1354	41
1355	55
1356	65
1357	57
1358	47
1359	42
1360	42
1361	47
1362	54
1363	43
1364	52
1365	57
1366	60
1367	52
1368	57
1369	48
1370	46
1371	43
1372	59
1373	34
1374	53
1375	57
1376	32
1377	53
1378	44
1379	52
1380	49
1381	55
1382	65
1383	48
1384	45
1385	54
1386	63
1387	63
1388	52
1389	47
1390	56
1391	45
1392	52
1393	53
1394	51
1395	48
1396	55
1397	48
1398	51
1399	55
1400	51
1401	57
1402	56
1403	45
1404	60
1405	54
1406	51
1407	39
1408	57
1409	39
1410	47
1411	53
1412	38
1413	54
1414	39
1415	56
1416	47
1417	56
1418	43
1419	48
1420	56
1421	46
1422	46
1423	39
1424	47
1425	46
1426	48
1427	49
1428	46
1429	52
1430	55
1431	46
1432	46
1433	52
1434	51
1435	52
1436	54
1437	42
1438	62
1439	52
1440	60
1441	51
1442	42
1443	33
1444	60
1445	61
1446	54
1447	53
1448	57
1449	44
1450	43
1451	56
1452	48
1453	59
1454	55
1455	57
1456	57
1457	45
1458	56
1459	62
1460	55
1461	57
1462	63
1463	57
1464	47
1465	71
1466	70
1467	56
1468	63
1469	67
1470	57
1471	67
1472	71
1473	76
1474	78
1475	69
1476	95
1477	78
1478	77
1479	76
1480	79
1481	78
1482	79
1483	87
1484	83
1485	76
1486	72
1487	79
1488	85
1489	90
1490	89
1491	87
1492	92
1493	102
1494	94
1495	109
1496	108
1497	114
1498	96
1499	75
1500	104
1501	94
1502	92
1503	103
1504	91
1505	105
1506	86
1507	112
1508	105
1509	116
1510	100
1511	94
1512	99
1513	117
1514	95
1515	101
1516	124
1517	113
1518	105
1519	108
1520	108
1521	106
1522	94
1523	102
1524	100
1525	97
1526	107
1527	97
1528	100
1529	85
1530	86
1531	92
1532	90
1533	77
1534	89
1535	97
1536	113
1537	74
1538	103
1539	86
1540	79
1541	102
1542	78
1543	83
1544	83
1545	86
1546	79
1547	73
1548	53
1549	84
1550	82
1551	66
1552	59
1553	68
1554	69
1555	86
1556	78
1557	83
1558	77
1559	72
1560	84
1561	75
1562	52
1563	65
1564	63
1565	60
1566	57
1567	81
1568	58
1569	65
1570	54
1571	60
1572	61
1573	55
1574	80
1575	62
1576	67
1577	78
1578	89
1579	52
1580	59
1581	63
1582	70
1583	65
1584	62
1585	88
1586	70
1587	58
1588	69
1589	70
1590	60
1591	50
1592	67
1593	60
1594	65
1595	70
1596	66
1597	54
1598	67
1599	62
1600	67
1601	61
1602	53
1603	56
1604	54
1605	97
1606	59
1607	84
1608	70
1609	67
1610	81
1611	75
1612	77
1613	61
1614	57
1615	77
1616	57
1617	56
1618	70
1619	73
1620	69
1621	51
1622	64
1623	78
1624	63
1625	60
1626	59
1627	74
1628	62
1629	63
1630	68
1631	71
1632	61
1633	58
1634	53
1635	60
1636	75
1637	74
1638	69
1639	61
1640	68
1641	62
1642	69
1643	60
1644	49
1645	70
1646	76
1647	59
1648	57
1649	65
1650	71
1651	67
1652	50
1653	72
1654	56
1655	90
1656	71
1657	71
1658	65
1659	62
1660	51
1661	61
1662	57
1663	50
1664	49
1665	58
1666	58
1667	66
1668	59
1669	47
1670	53
1671	52
1672	56
1673	52
1674	47
1675	47
1676	75
1677	60
1678	53
1679	57
1680	43
1681	42
1682	53
1683	54
1684	48
1685	45
1686	41
1687	57
1688	58
1689	35
1690	39
1691	41
1692	52
1693	34
1694	52
1695	37
1696	36
1697	39
1698	54
1699	36
1700	45
1701	30
1702	37
1703	39
1704	29
1705	33
1706	31
1707	42
1708	40
1709	31
1710	34
1711	44
1712	35
1713	24
1714	40
1715	30
1716	32
1717	22
1718	36
1719	28
1720	45
1721	42
1722	22
1723	34
1724	37
1725	19
1726	24
1727	23
1728	29
1729	31
1730	22
1731	25
1732	32
1733	21
1734	22
1735	27
1736	29
1737	26
1738	37
1739	17
1740	24
1741	24
1742	25
1743	19
1744	26
1745	27
1746	23
1747	32
1748	27
1749	21
1750	26
1751	25
1752	25
1753	27
1754	19
1755	22
1756	23
1757	19
1758	30
1759	26
1760	20
1761	36
1762	20
1763	17
1764	18
1765	29
1766	18
1767	23
1768	25
1769	22
1770	17
1771	18
1772	24
1773	25
1774	19
1775	20
1776	30
1777	23
1778	24
1779	26
1780	19
1781	15
1782	30
1783	27
1784	31
1785	27
1786	39
1787	32
1788	37
1789	25
1790	26
1791	46
1792	42
1793	37
1794	37
1795	39
1796	37
1797	39
1798	37
1799	41
1800	38
1801	43
1802	49
1803	56
1804	46
1805	73
1806	78
1807	52
1808	71
1809	66
1810	62
1811	67
1812	60
1813	70
1814	84
1815	96
1816	78
1817	80
1818	77
1819	93
1820	102
1821	99
1822	109
1823	109
1824	93
1825	95
1826	119
1827	113
1828	128
1829	127
1830	114
1831	116
1832	138
1833	141
1834	140
1835	164
1836	172
1837	142
1838	172
1839	160
1840	173
1841	197
1842	172
1843	198
1844	206
1845	185
1846	213
1847	175
1848	222
1849	180
1850	199
1851	192
1852	195
1853	227
1854	186
1855	215
1856	188
1857	193
1858	206
1859	215
1860	198
1861	210
1862	184
1863	206
1864	198
1865	181
1866	221
1867	213
1868	186
1869	195
1870	215
1871	190
1872	215
1873	185
1874	175
1875	220
1876	197
1877	191
1878	183
1879	185
1880	154
1881	164
1882	165
1883	148
1884	138
1885	139
1886	138
1887	139
1888	109
1889	138
1890	131
1891	133
1892	119
1893	112
1894	102
1895	103
1896	106
1897	108
1898	112
1899	96
1900	84
1901	99
1902	83
1903	69
1904	78
1905	73
1906	80
1907	70
1908	72
1909	44
1910	61
1911	44
1912	52
1913	49
1914	56
1915	41
1916	35
1917	50
1918	36
1919	40
1920	28
1921	27
1922	31
1923	39
1924	37
1925	37
1926	36
1927	27
1928	25
1929	27
1930	32
1931	30
1932	20
1933	16
1934	26
1935	21
1936	19
1937	28
1938	18
1939	15
1940	17
1941	18
1942	18
1943	19
1944	22
1945	23
1946	19
1947	16
1948	15
1949	13
1950	15
1951	9
1952	18
1953	11
1954	23
1955	16
1956	16
1957	14
1958	12
1959	13
1960	10
1961	12
1962	16
1963	11
1964	16
1965	5
1966	11
1967	6
1968	10
1969	19
1970	14
1971	7
1972	18
1973	8
1974	6
1975	21
1976	10
1977	9
1978	19
1979	9
1980	14
1981	12
1982	15
1983	11
1984	8
1985	9
1986	11
1987	7
1988	11
1989	7
1990	10
1991	8
1992	15
1993	8
1994	12
1995	11
1996	9
1997	7
1998	8
1999	12
2000	14
2001	12
2002	8
2003	4
2004	3
2005	10
2006	14
2007	15
2008	5
2009	12
2010	15
2011	14
2012	14
2013	8
2014	9
2015	10
2016	13
2017	16
2018	5
2019	10
2020	7
2021	13
2022	5
2023	12
2024	15
2025	10
2026	8
2027	11
2028	9
2029	8
2030	11
2031	6
2032	10
2033	11
2034	8
2035	9
2036	15
2037	12
2038	12
2039	8
2040	12
2041	15
2042	9
2043	9
2044	4
2045	11
2046	5
2047	5
