0	0
1	0
2	0
3	0
4	0
5	0
6	0
7	0
8	0
9	0
10	0
11	0
12	0
13	0
14	0
15	0
16	0
17	0
18	0
19	0
20	0
21	0
22	0
23	0
24	0
25	0
26	0
27	0
28	0
29	0
30	0
31	0
32	0
33	0
34	0
35	0
36	0
37	0
38	0
39	0
40	0
41	0
42	0
43	0
44	0
45	0
46	0
47	0
48	0
49	0
50	0
51	0
52	0
53	0
54	0
55	0
56	0
57	0
58	0
59	0
60	0
61	0
62	0
63	0
64	0
65	0
66	0
67	0
68	0
69	0
70	0
71	0
72	0
73	0
74	0
75	0
76	0
77	0
78	0
79	0
80	0
81	0
82	0
83	0
84	34
85	308
86	552
87	749
88	748
89	732
90	715
91	735
92	768
93	698
94	732
95	732
96	745
97	718
98	746
99	744
100	745
101	781
102	776
103	676
104	648
105	733
106	757
107	732
108	697
109	738
110	708
111	729
112	694
113	699
114	671
115	717
116	714
117	713
118	692
119	745
120	719
121	682
122	712
123	710
124	745
125	685
126	711
127	694
128	716
129	729
130	738
131	710
132	712
133	753
134	676
135	735
136	685
137	736
138	736
139	699
140	734
141	702
142	779
143	735
144	750
145	740
146	697
147	731
148	736
149	731
150	707
151	689
152	720
153	703
154	684
155	731
156	669
157	723
158	737
159	691
160	708
161	720
162	702
163	694
164	695
165	692
166	706
167	696
168	748
169	654
170	744
171	741
172	732
173	761
174	740
175	762
176	669
177	721
178	690
179	742
180	769
181	735
182	744
183	680
184	776
185	761
186	764
187	725
188	754
189	781
190	934
191	1248
192	1369
193	1328
194	1080
195	773
196	756
197	825
198	797
199	746
200	765
201	714
202	742
203	799
204	766
205	790
206	726
207	737
208	718
209	763
210	870
211	756
212	825
213	749
214	815
215	755
216	808
217	756
218	759
219	760
220	779
221	779
222	707
223	772
224	731
225	780
226	743
227	766
228	746
229	786
230	744
231	740
232	787
233	782
234	780
235	742
236	786
237	763
238	718
239	787
240	712
241	737
242	744
243	748
244	724
245	782
246	762
247	731
248	763
249	791
250	781
251	764
252	783
253	753
254	785
255	778
256	803
257	782
258	822
259	890
260	850
261	845
262	841
263	841
264	819
265	913
266	848
267	847
268	886
269	890
270	875
271	907
272	897
273	955
274	980
275	986
276	1003
277	1022
278	938
279	979
280	1005
281	964
282	1021
283	973
284	996
285	977
286	1011
287	995
288	1006
289	975
290	967
291	969
292	936
293	925
294	932
295	896
296	927
297	872
298	858
299	898
300	899
301	921
302	841
303	866
304	915
305	854
306	906
307	950
308	896
309	875
310	937
311	923
312	922
313	905
314	935
315	936
316	899
317	925
318	956
319	934
320	951
321	852
322	852
323	871
324	901
325	935
326	871
327	869
328	872
329	921
330	846
331	874
332	885
333	821
334	820
335	852
336	885
337	863
338	867
339	816
340	865
341	835
342	859
343	837
344	835
345	855
346	840
347	866
348	823
349	863
350	825
351	827
352	819
353	850
354	803
355	782
356	784
357	795
358	797
359	803
360	788
361	716
362	801
363	777
364	755
365	792
366	777
367	774
368	768
369	721
370	773
371	714
372	750
373	784
374	740
375	751
376	783
377	737
378	748
379	766
380	752
381	757
382	782
383	797
384	720
385	719
386	796
387	787
388	755
389	727
390	773
391	750
392	748
393	733
394	746
395	733
396	740
397	706
398	785
399	730
400	739
401	758
402	709
403	689
404	772
405	738
406	717
407	677
408	713
409	734
410	688
411	745
412	698
413	704
414	689
415	695
416	728
417	704
418	729
419	726
420	716
421	674
422	684
423	695
424	725
425	726
426	706
427	713
428	663
429	731
430	690
431	694
432	726
433	721
434	702
435	762
436	752
437	667
438	736
439	734
440	703
441	707
442	712
443	659
444	702
445	688
446	632
447	717
448	735
449	727
450	702
451	686
452	695
453	704
454	708
455	658
456	731
457	709
458	684
459	653
460	701
461	698
462	702
463	687
464	669
465	740
466	701
467	723
468	665
469	692
470	690
471	686
472	699
473	687
474	730
475	636
476	683
477	695
478	664
479	646
480	631
481	632
482	676
483	681
484	657
485	635
486	609
487	642
488	649
489	648
490	628
491	649
492	590
493	601
494	640
495	615
496	618
497	649
498	586
499	639
500	629
501	667
502	609
503	548
504	625
505	600
506	641
507	601
508	598
509	606
510	591
511	628
512	663
513	617
514	637
515	648
516	570
517	583
518	564
519	639
520	606
521	590
522	627
523	635
524	629
525	658
526	632
527	608
528	605
529	611
530	629
531	611
532	624
533	567
534	626
535	576
536	603
537	626
538	599
539	612
540	641
541	602
542	597
543	591
544	588
545	590
546	610
547	646
548	592
549	569
550	600
551	622
552	636
553	637
554	641
555	608
556	627
557	584
558	649
559	599
560	587
561	629
562	630
563	616
564	620
565	635
566	584
567	621
568	612
569	660
570	609
571	618
572	622
573	652
574	622
575	646
576	571
577	667
578	620
579	614
580	632
581	636
582	630
583	605
584	616
585	648
586	636
587	619
588	698
589	685
590	666
591	673
592	693
593	711
594	647
595	655
596	717
597	614
598	679
599	645
600	723
601	639
602	680
603	671
604	657
605	694
606	653
607	685
608	705
609	604
610	698
611	682
612	654
613	692
614	688
615	721
616	637
617	738
618	744
619	691
620	706
621	729
622	733
623	741
624	751
625	706
626	743
627	794
628	680
629	761
630	794
631	735
632	720
633	692
634	787
635	749
636	737
637	771
638	771
639	773
640	753
641	746
642	743
643	716
644	754
645	692
646	705
647	787
648	698
649	646
650	647
651	636
652	694
653	598
654	591
655	589
656	620
657	582
658	495
659	500
660	494
661	526
662	490
663	464
664	483
665	497
666	524
667	509
668	475
669	473
670	488
671	462
672	501
673	465
674	516
675	485
676	457
677	461
678	473
679	460
680	461
681	418
682	453
683	476
684	424
685	420
686	435
687	437
688	445
689	426
690	523
691	660
692	1182
693	2253
694	3764
695	5124
696	5411
697	4419
698	2700
699	1425
700	725
701	465
702	410
703	343
704	383
705	362
706	352
707	373
708	326
709	380
710	370
711	356
712	363
713	342
714	339
715	342
716	320
717	338
718	338
719	316
720	352
721	352
722	312
723	321
724	319
725	302
726	298
727	305
728	307
729	317
730	297
731	299
732	319
733	331
734	294
735	289
736	276
737	321
738	282
739	303
740	264
741	264
742	284
743	280
744	300
745	270
746	280
747	263
748	268
749	285
750	248
751	298
752	303
753	277
754	276
755	244
756	264
757	255
758	262
759	288
760	253
761	250
762	256
763	249
764	235
765	250
766	288
767	233
768	241
769	260
770	243
771	247
772	256
773	253
774	244
775	226
776	242
777	226
778	267
779	247
780	261
781	214
782	244
783	230
784	255
785	248
786	253
787	223
788	238
789	251
790	247
791	273
792	256
793	259
794	247
795	238
796	231
797	229
798	249
799	263
800	222
801	238
802	245
803	216
804	235
805	239
806	236
807	241
808	251
809	239
810	220
811	240
812	217
813	240
814	261
815	248
816	240
817	241
818	245
819	236
820	227
821	204
822	254
823	255
824	266
825	215
826	214
827	215
828	247
829	223
830	233
831	223
832	222
833	250
834	212
835	249
836	210
837	234
838	209
839	233
840	214
841	283
842	247
843	256
844	221
845	227
846	207
847	237
848	223
849	261
850	250
851	252
852	208
853	240
854	201
855	235
856	233
857	216
858	252
859	227
860	255
861	242
862	208
863	227
864	272
865	238
866	220
867	230
868	234
869	243
870	238
871	236
872	211
873	213
874	237
875	231
876	247
877	220
878	235
879	217
880	240
881	240
882	248
883	252
884	226
885	244
886	273
887	712
888	4155
889	14582
890	23423
891	24446
892	19395
893	7497
894	1210
895	233
896	172
897	192
898	175
899	187
900	163
901	167
902	169
903	173
904	175
905	168
906	158
907	170
908	159
909	175
910	181
911	177
912	172
913	172
914	161
915	157
916	172
917	167
918	175
919	146
920	177
921	150
922	177
923	177
924	178
925	177
926	156
927	177
928	162
929	158
930	171
931	170
932	164
933	152
934	178
935	153
936	197
937	172
938	167
939	181
940	148
941	185
942	184
943	157
944	154
945	164
946	194
947	180
948	151
949	169
950	158
951	161
952	168
953	154
954	183
955	194
956	168
957	183
958	177
959	172
960	155
961	173
962	169
963	173
964	157
965	160
966	156
967	182
968	176
969	161
970	136
971	166
972	203
973	178
974	177
975	176
976	193
977	173
978	174
979	172
980	149
981	143
982	185
983	174
984	161
985	167
986	166
987	162
988	168
989	174
990	183
991	163
992	186
993	161
994	176
995	171
996	175
997	170
998	169
999	171
1000	166
1001	198
1002	155
1003	144
1004	174
1005	169
1006	164
1007	180
1008	153
1009	199
1010	192
1011	173
1012	177
1013	135
1014	174
1015	179
1016	208
1017	171
1018	162
1019	170
1020	152
1021	197
1022	187
1023	154
1024	162
1025	183
1026	203
1027	193
1028	161
1029	168
1030	169
1031	177
1032	171
1033	189
1034	201
1035	179
1036	174
1037	166
1038	197
1039	181
1040	172
1041	171
1042	178
1043	160
1044	178
1045	163
1046	179
1047	177
1048	188
1049	163
1050	176
1051	158
1052	175
1053	187
1054	209
1055	188
1056	188
1057	206
1058	178
1059	185
1060	188
1061	152
1062	184
1063	195
1064	180
1065	193
1066	173
1067	168
1068	206
1069	175
1070	176
1071	171
1072	195
1073	192
1074	210
1075	185
1076	166
1077	193
1078	205
1079	172
1080	186
1081	156
1082	180
1083	192
1084	185
1085	172
1086	178
1087	184
1088	183
1089	169
1090	189
1091	177
1092	173
1093	208
1094	197
1095	200
1096	201
1097	206
1098	200
1099	193
1100	172
1101	201
1102	197
1103	191
1104	199
1105	188
1106	199
1107	207
1108	185
1109	206
1110	201
1111	188
1112	199
1113	191
1114	199
1115	204
1116	178
1117	196
1118	223
1119	189
1120	197
1121	191
1122	183
1123	183
1124	192
1125	183
1126	181
1127	181
1128	211
1129	209
1130	221
1131	195
1132	193
1133	201
1134	191
1135	227
1136	205
1137	207
1138	230
1139	211
1140	206
1141	205
1142	197
1143	222
1144	215
1145	201
1146	209
1147	206
1148	179
1149	201
1150	198
1151	204
1152	203
1153	232
1154	216
1155	228
1156	213
1157	219
1158	211
1159	228
1160	208
1161	184
1162	208
1163	211
1164	209
1165	224
1166	240
1167	205
1168	216
1169	195
1170	225
1171	222
1172	245
1173	201
1174	215
1175	234
1176	215
1177	219
1178	207
1179	235
1180	232
1181	223
1182	227
1183	243
1184	213
1185	217
1186	210
1187	224
1188	230
1189	230
1190	249
1191	209
1192	216
1193	248
1194	218
1195	258
1196	220
1197	242
1198	221
1199	243
1200	208
1201	235
1202	253
1203	220
1204	267
1205	248
1206	228
1207	224
1208	251
1209	213
1210	239
1211	223
1212	261
1213	256
1214	263
1215	242
1216	232
1217	261
1218	237
1219	232
1220	247
1221	255
1222	243
1223	249
1224	234
1225	279
1226	249
1227	281
1228	266
1229	264
1230	256
1231	246
1232	253
1233	251
1234	257
1235	251
1236	253
1237	288
1238	269
1239	253
1240	263
1241	262
1242	234
1243	297
1244	246
1245	258
1246	268
1247	294
1248	274
1249	297
1250	295
1251	255
1252	296
1253	288
1254	262
1255	268
1256	263
1257	283
1258	284
1259	279
1260	270
1261	318
1262	275
1263	309
1264	289
1265	294
1266	295
1267	267
1268	301
1269	288
1270	278
1271	275
1272	269
1273	251
1274	275
1275	282
1276	289
1277	256
1278	267
1279	271
1280	287
1281	263
1282	233
1283	256
1284	247
1285	266
1286	235
1287	221
1288	205
1289	222
1290	219
1291	223
1292	230
1293	240
1294	223
1295	239
1296	221
1297	225
1298	211
1299	234
1300	205
1301	213
1302	213
1303	179
1304	215
1305	209
1306	201
1307	203
1308	230
1309	203
1310	230
1311	221
1312	225
1313	208
1314	241
1315	223
1316	214
1317	177
1318	183
1319	218
1320	244
1321	237
1322	213
1323	202
1324	187
1325	203
1326	209
1327	207
1328	211
1329	205
1330	219
1331	207
1332	226
1333	219
1334	192
1335	193
1336	215
1337	232
1338	220
1339	214
1340	206
1341	213
1342	194
1343	222
1344	221
1345	194
1346	191
1347	191
1348	195
1349	205
1350	184
1351	168
1352	187
1353	207
1354	198
1355	180
1356	239
1357	201
1358	229
1359	220
1360	223
1361	173
1362	176
1363	197
1364	189
1365	182
1366	243
1367	201
1368	213
1369	214
1370	189
1371	195
1372	197
1373	213
1374	176
1375	201
1376	188
1377	201
1378	186
1379	195
1380	191
1381	192
1382	227
1383	197
1384	225
1385	223
1386	195
1387	193
1388	201
1389	191
1390	218
1391	206
1392	220
1393	198
1394	205
1395	205
1396	190
1397	204
1398	197
1399	196
1400	216
1401	178
1402	228
1403	192
1404	179
1405	191
1406	219
1407	192
1408	180
1409	192
1410	179
1411	178
1412	207
1413	185
1414	175
1415	187
1416	143
1417	191
1418	205
1419	180
1420	176
1421	177
1422	163
1423	166
1424	175
1425	185
1426	204
1427	182
1428	191
1429	209
1430	183
1431	160
1432	172
1433	179
1434	200
1435	208
1436	202
1437	193
1438	171
1439	166
1440	178
1441	174
1442	186
1443	196
1444	180
1445	176
1446	177
1447	176
1448	207
1449	178
1450	202
1451	180
1452	196
1453	185
1454	199
1455	194
1456	212
1457	192
1458	174
1459	194
1460	179
1461	176
1462	167
1463	187
1464	168
1465	221
1466	205
1467	186
1468	194
1469	178
1470	194
1471	209
1472	175
1473	188
1474	184
1475	189
1476	155
1477	194
1478	197
1479	161
1480	167
1481	196
1482	152
1483	153
1484	157
1485	154
1486	141
1487	137
1488	138
1489	127
1490	125
1491	131
1492	131
1493	130
1494	126
1495	122
1496	105
1497	152
1498	135
1499	109
1500	122
1501	116
1502	112
1503	109
1504	109
1505	108
1506	99
1507	125
1508	101
1509	121
1510	113
1511	108
1512	113
1513	121
1514	106
1515	123
1516	106
1517	99
1518	103
1519	106
1520	95
1521	121
1522	109
1523	113
1524	99
1525	115
1526	98
1527	102
1528	100
1529	99
1530	92
1531	102
1532	104
1533	92
1534	105
1535	93
1536	98
1537	100
1538	98
1539	89
1540	96
1541	89
1542	108
1543	89
1544	85
1545	87
1546	102
1547	79
1548	110
1549	192
1550	840
1551	3315
1552	6478
1553	7769
1554	7057
1555	4273
1556	1362
1557	258
1558	94
1559	85
1560	94
1561	71
1562	69
1563	76
1564	74
1565	77
1566	67
1567	59
1568	81
1569	71
1570	57
1571	69
1572	53
1573	64
1574	70
1575	63
1576	60
1577	50
1578	68
1579	44
1580	50
1581	62
1582	55
1583	73
1584	57
1585	52
1586	51
1587	51
1588	50
1589	43
1590	43
1591	44
1592	44
1593	50
1594	51
1595	43
1596	56
1597	39
1598	40
1599	42
1600	51
1601	39
1602	46
1603	32
1604	43
1605	46
1606	29
1607	33
1608	45
1609	39
1610	36
1611	35
1612	45
1613	37
1614	31
1615	46
1616	48
1617	33
1618	40
1619	37
1620	41
1621	29
1622	31
1623	40
1624	40
1625	30
1626	34
1627	32
1628	22
1629	26
1630	29
1631	31
1632	28
1633	22
1634	36
1635	34
1636	20
1637	31
1638	19
1639	24
1640	26
1641	29
1642	31
1643	22
1644	29
1645	24
1646	17
1647	19
1648	26
1649	21
1650	31
1651	22
1652	25
1653	21
1654	35
1655	21
1656	24
1657	21
1658	33
1659	19
1660	23
1661	19
1662	30
1663	27
1664	24
1665	15
1666	24
1667	16
1668	16
1669	24
1670	26
1671	25
1672	31
1673	20
1674	32
1675	21
1676	21
1677	19
1678	33
1679	28
1680	46
1681	150
1682	552
1683	1181
1684	1717
1685	1688
1686	1118
1687	384
1688	73
1689	24
1690	23
1691	16
1692	19
1693	22
1694	21
1695	28
1696	18
1697	24
1698	17
1699	20
1700	18
1701	17
1702	15
1703	12
1704	16
1705	20
1706	25
1707	17
1708	17
1709	11
1710	13
1711	20
1712	12
1713	14
1714	13
1715	25
1716	32
1717	20
1718	26
1719	11
1720	19
1721	24
1722	18
1723	20
1724	18
1725	15
1726	25
1727	21
1728	19
1729	18
1730	24
1731	19
1732	19
1733	16
1734	19
1735	13
1736	19
1737	22
1738	12
1739	13
1740	21
1741	11
1742	12
1743	18
1744	16
1745	19
1746	19
1747	28
1748	21
1749	25
1750	28
1751	12
1752	23
1753	26
1754	23
1755	90
1756	470
1757	2062
1758	4956
1759	6735
1760	6676
1761	4768
1762	1882
1763	378
1764	56
1765	17
1766	15
1767	13
1768	12
1769	8
1770	11
1771	10
1772	8
1773	11
1774	10
1775	7
1776	15
1777	11
1778	7
1779	7
1780	7
1781	7
1782	9
1783	13
1784	9
1785	10
1786	8
1787	9
1788	8
1789	7
1790	6
1791	4
1792	6
1793	12
1794	7
1795	8
1796	8
1797	4
1798	6
1799	13
1800	10
1801	12
1802	6
1803	8
1804	5
1805	9
1806	5
1807	7
1808	2
1809	13
1810	7
1811	5
1812	11
1813	6
1814	7
1815	6
1816	7
1817	6
1818	2
1819	4
1820	13
1821	1
1822	8
1823	7
1824	9
1825	2
1826	3
1827	7
1828	4
1829	8
1830	3
1831	4
1832	3
1833	3
1834	4
1835	3
1836	2
1837	3
1838	8
1839	6
1840	6
1841	3
1842	5
1843	4
1844	6
1845	5
1846	9
1847	2
1848	5
1849	7
1850	3
1851	6
1852	3
1853	7
1854	8
1855	8
1856	7
1857	5
1858	5
1859	8
1860	9
1861	1
1862	2
1863	6
1864	7
1865	5
1866	8
1867	3
1868	7
1869	7
1870	4
1871	6
1872	7
1873	6
1874	4
1875	7
1876	7
1877	3
1878	0
1879	3
1880	6
1881	4
1882	4
1883	4
1884	1
1885	5
1886	6
1887	2
1888	6
1889	1
1890	2
1891	5
1892	2
1893	7
1894	4
1895	1
1896	6
1897	0
1898	5
1899	7
1900	6
1901	4
1902	4
1903	9
1904	6
1905	4
1906	6
1907	5
1908	8
1909	1
1910	5
1911	7
1912	7
1913	6
1914	10
1915	5
1916	4
1917	6
1918	3
1919	1
1920	4
1921	3
1922	5
1923	5
1924	2
1925	4
1926	8
1927	2
1928	8
1929	5
1930	3
1931	3
1932	3
1933	3
1934	4
1935	4
1936	4
1937	2
1938	4
1939	4
1940	2
1941	1
1942	5
1943	2
1944	7
1945	2
1946	4
1947	6
1948	4
1949	5
1950	5
1951	8
1952	3
1953	4
1954	2
1955	7
1956	7
1957	8
1958	3
1959	2
1960	5
1961	2
1962	3
1963	1
1964	4
1965	4
1966	4
1967	2
1968	1
1969	5
1970	6
1971	1
1972	6
1973	5
1974	5
1975	2
1976	4
1977	5
1978	3
1979	5
1980	5
1981	3
1982	1
1983	2
1984	7
1985	4
1986	6
1987	3
1988	6
1989	4
1990	4
1991	4
1992	1
1993	2
1994	3
1995	3
1996	7
1997	2
1998	2
1999	4
2000	7
2001	8
2002	4
2003	6
2004	4
2005	2
2006	3
2007	4
2008	3
2009	5
2010	3
2011	6
2012	5
2013	4
2014	3
2015	2
2016	4
2017	2
2018	1
2019	5
2020	5
2021	5
2022	2
2023	7
2024	3
2025	3
2026	2
2027	7
2028	5
2029	3
2030	3
2031	6
2032	4
2033	5
2034	10
2035	5
2036	7
2037	2
2038	5
2039	6
2040	5
2041	4
2042	7
2043	4
2044	5
2045	5
2046	5
2047	1
2048	7
2049	3
2050	3
2051	1
2052	2
2053	4
2054	7
2055	2
2056	5
2057	2
2058	5
2059	3
2060	5
2061	5
2062	3
2063	5
2064	6
2065	0
2066	3
2067	5
2068	2
2069	2
2070	4
2071	5
2072	2
2073	5
2074	8
2075	2
2076	2
2077	5
2078	3
2079	4
2080	3
2081	3
2082	5
2083	4
2084	3
2085	3
2086	3
2087	5
2088	2
2089	5
2090	8
2091	0
2092	2
2093	2
2094	3
2095	4
2096	3
2097	2
2098	2
2099	7
2100	3
2101	1
2102	2
2103	2
2104	3
2105	3
2106	3
2107	0
2108	7
2109	5
2110	6
2111	2
2112	8
2113	4
2114	4
2115	2
2116	4
2117	4
2118	3
2119	1
2120	5
2121	2
2122	4
2123	4
2124	1
2125	4
2126	4
2127	1
2128	2
2129	5
2130	5
2131	3
2132	3
2133	3
2134	1
2135	0
2136	6
2137	5
2138	1
2139	3
2140	3
2141	0
2142	7
2143	3
2144	1
2145	3
2146	8
2147	3
2148	2
2149	3
2150	6
2151	3
2152	2
2153	4
2154	2
2155	4
2156	2
2157	2
2158	0
2159	4
2160	5
2161	4
2162	2
2163	7
2164	4
2165	4
2166	5
2167	7
2168	2
2169	2
2170	3
2171	3
2172	4
2173	2
2174	3
2175	5
2176	2
2177	3
2178	8
2179	1
2180	1
2181	7
2182	5
2183	2
2184	2
2185	6
2186	0
2187	6
2188	1
2189	4
2190	2
2191	0
2192	1
2193	3
2194	2
2195	1
2196	3
2197	6
2198	2
2199	2
2200	2
2201	1
2202	1
2203	1
2204	2
2205	4
2206	6
2207	2
2208	3
2209	4
2210	3
2211	4
2212	1
2213	2
2214	4
2215	1
2216	4
2217	2
2218	5
2219	2
2220	2
2221	3
2222	3
2223	2
2224	3
2225	2
2226	3
2227	2
2228	4
2229	4
2230	1
2231	5
2232	1
2233	2
2234	4
2235	1
2236	1
2237	3
2238	3
2239	2
2240	5
2241	4
2242	3
2243	2
2244	2
2245	3
2246	1
2247	0
2248	2
2249	2
2250	1
2251	2
2252	3
2253	2
2254	3
2255	5
2256	5
2257	2
2258	4
2259	1
2260	1
2261	3
2262	0
2263	3
2264	3
2265	4
2266	1
2267	1
2268	4
2269	0
2270	1
2271	3
2272	7
2273	7
2274	5
2275	2
2276	4
2277	1
2278	1
2279	3
2280	6
2281	1
2282	3
2283	2
2284	1
2285	4
2286	2
2287	3
2288	3
2289	3
2290	1
2291	1
2292	2
2293	1
2294	6
2295	2
2296	3
2297	6
2298	1
2299	4
2300	2
2301	1
2302	5
2303	6
2304	2
2305	1
2306	4
2307	1
2308	1
2309	1
2310	3
2311	0
2312	4
2313	2
2314	3
2315	2
2316	3
2317	2
2318	7
2319	6
2320	6
2321	2
2322	1
2323	2
2324	1
2325	1
2326	1
2327	2
2328	3
2329	6
2330	3
2331	2
2332	4
2333	1
2334	2
2335	5
2336	4
2337	3
2338	3
2339	9
2340	1
2341	4
2342	4
2343	4
2344	18
2345	22
2346	19
2347	25
2348	11
2349	8
2350	6
2351	3
2352	6
2353	1
2354	2
2355	3
2356	1
2357	3
2358	3
2359	1
2360	4
2361	2
2362	1
2363	1
2364	1
2365	3
2366	2
2367	2
2368	2
2369	0
2370	0
2371	2
2372	0
2373	1
2374	2
2375	4
2376	2
2377	5
2378	1
2379	3
2380	1
2381	1
2382	3
2383	2
2384	1
2385	1
2386	3
2387	1
2388	1
2389	2
2390	0
2391	1
2392	3
2393	1
2394	9
2395	1
2396	3
2397	2
2398	2
2399	2
2400	2
2401	2
2402	2
2403	3
2404	2
2405	1
2406	1
2407	0
2408	4
2409	4
2410	2
2411	3
2412	2
2413	3
2414	1
2415	1
2416	5
2417	3
2418	2
2419	1
2420	1
2421	3
2422	0
2423	3
2424	2
2425	2
2426	1
2427	3
2428	3
2429	2
2430	3
2431	3
2432	1
2433	2
2434	2
2435	3
2436	1
2437	0
2438	0
2439	0
2440	2
2441	1
2442	2
2443	2
2444	3
2445	2
2446	1
2447	2
2448	1
2449	0
2450	1
2451	0
2452	1
2453	0
2454	2
2455	1
2456	1
2457	2
2458	2
2459	0
2460	5
2461	2
2462	3
2463	2
2464	1
2465	1
2466	3
2467	1
2468	2
2469	2
2470	2
2471	2
2472	2
2473	2
2474	0
2475	2
2476	1
2477	0
2478	1
2479	1
2480	5
2481	1
2482	1
2483	1
2484	2
2485	1
2486	3
2487	5
2488	2
2489	2
2490	0
2491	0
2492	4
2493	5
2494	5
2495	2
2496	2
2497	2
2498	0
2499	0
2500	2
2501	0
2502	3
2503	1
2504	2
2505	3
2506	4
2507	3
2508	0
2509	1
2510	0
2511	2
2512	1
2513	5
2514	2
2515	2
2516	3
2517	4
2518	1
2519	2
2520	1
2521	3
2522	2
2523	4
2524	1
2525	2
2526	1
2527	3
2528	4
2529	2
2530	2
2531	0
2532	2
2533	1
2534	0
2535	3
2536	2
2537	2
2538	3
2539	0
2540	1
2541	2
2542	1
2543	2
2544	1
2545	1
2546	0
2547	2
2548	3
2549	2
2550	2
2551	3
2552	3
2553	2
2554	1
2555	0
2556	2
2557	1
2558	3
2559	0
2560	0
2561	1
2562	2
2563	1
2564	0
2565	1
2566	1
2567	1
2568	2
2569	2
2570	2
2571	0
2572	2
2573	4
2574	2
2575	1
2576	3
2577	3
2578	2
2579	1
2580	0
2581	2
2582	1
2583	2
2584	1
2585	0
2586	2
2587	1
2588	1
2589	3
2590	4
2591	5
2592	3
2593	1
2594	1
2595	2
2596	2
2597	2
2598	2
2599	0
2600	2
2601	2
2602	1
2603	0
2604	0
2605	2
2606	2
2607	3
2608	3
2609	2
2610	3
2611	2
2612	3
2613	3
2614	1
2615	1
2616	3
2617	6
2618	0
2619	3
2620	3
2621	2
2622	3
2623	0
2624	2
2625	5
2626	2
2627	2
2628	3
2629	1
2630	2
2631	0
2632	2
2633	1
2634	1
2635	2
2636	2
2637	0
2638	4
2639	0
2640	0
2641	4
2642	1
2643	6
2644	3
2645	2
2646	3
2647	1
2648	3
2649	2
2650	3
2651	2
2652	1
2653	2
2654	0
2655	4
2656	3
2657	2
2658	6
2659	3
2660	0
2661	2
2662	2
2663	3
2664	2
2665	3
2666	0
2667	1
2668	1
2669	1
2670	2
2671	2
2672	1
2673	1
2674	0
2675	1
2676	2
2677	2
2678	2
2679	0
2680	1
2681	0
2682	2
2683	1
2684	1
2685	2
2686	1
2687	0
2688	2
2689	2
2690	1
2691	2
2692	0
2693	4
2694	2
2695	1
2696	0
2697	3
2698	1
2699	0
2700	0
2701	2
2702	4
2703	4
2704	1
2705	0
2706	1
2707	0
2708	1
2709	2
2710	2
2711	0
2712	3
2713	3
2714	2
2715	2
2716	1
2717	3
2718	3
2719	3
2720	3
2721	1
2722	2
2723	3
2724	1
2725	3
2726	2
2727	4
2728	2
2729	2
2730	2
2731	0
2732	6
2733	2
2734	4
2735	1
2736	0
2737	1
2738	3
2739	1
2740	1
2741	1
2742	1
2743	0
2744	2
2745	3
2746	0
2747	1
2748	1
2749	2
2750	0
2751	2
2752	0
2753	0
2754	1
2755	0
2756	2
2757	4
2758	1
2759	1
2760	3
2761	3
2762	2
2763	4
2764	3
2765	1
2766	2
2767	3
2768	2
2769	2
2770	2
2771	2
2772	1
2773	0
2774	2
2775	0
2776	1
2777	0
2778	0
2779	4
2780	0
2781	0
2782	2
2783	1
2784	2
2785	5
2786	1
2787	1
2788	0
2789	2
2790	2
2791	2
2792	3
2793	1
2794	2
2795	5
2796	0
2797	2
2798	2
2799	1
2800	1
2801	1
2802	1
2803	5
2804	3
2805	2
2806	0
2807	1
2808	2
2809	1
2810	3
2811	1
2812	2
2813	2
2814	6
2815	1
2816	4
2817	3
2818	0
2819	3
2820	4
2821	1
2822	1
2823	1
2824	1
2825	0
2826	2
2827	1
2828	1
2829	2
2830	2
2831	0
2832	1
2833	3
2834	2
2835	2
2836	3
2837	0
2838	3
2839	1
2840	0
2841	1
2842	2
2843	3
2844	0
2845	2
2846	3
2847	3
2848	0
2849	1
2850	1
2851	2
2852	1
2853	1
2854	1
2855	2
2856	1
2857	0
2858	1
2859	2
2860	0
2861	0
2862	1
2863	0
2864	0
2865	1
2866	1
2867	0
2868	1
2869	1
2870	1
2871	0
2872	1
2873	0
2874	3
2875	1
2876	4
2877	1
2878	2
2879	2
2880	2
2881	2
2882	3
2883	2
2884	1
2885	0
2886	1
2887	1
2888	0
2889	2
2890	3
2891	3
2892	1
2893	1
2894	2
2895	4
2896	0
2897	1
2898	2
2899	3
2900	0
2901	1
2902	1
2903	0
2904	3
2905	4
2906	2
2907	3
2908	2
2909	4
2910	3
2911	2
2912	1
2913	1
2914	1
2915	1
2916	1
2917	2
2918	3
2919	3
2920	2
2921	2
2922	0
2923	1
2924	7
2925	1
2926	3
2927	1
2928	5
2929	2
2930	3
2931	2
2932	0
2933	0
2934	1
2935	1
2936	1
2937	3
2938	2
2939	1
2940	1
2941	2
2942	1
2943	1
2944	3
2945	2
2946	4
2947	1
2948	2
2949	3
2950	1
2951	1
2952	4
2953	1
2954	4
2955	3
2956	3
2957	2
2958	0
2959	2
2960	1
2961	2
2962	2
2963	1
2964	1
2965	1
2966	1
2967	1
2968	2
2969	3
2970	0
2971	1
2972	0
2973	3
2974	0
2975	3
2976	1
2977	1
2978	3
2979	4
2980	2
2981	1
2982	3
2983	0
2984	5
2985	2
2986	1
2987	3
2988	2
2989	3
2990	1
2991	2
2992	3
2993	2
2994	1
2995	2
2996	1
2997	2
2998	2
2999	1
3000	3
3001	2
3002	2
3003	1
3004	1
3005	0
3006	3
3007	2
3008	0
3009	1
3010	1
3011	1
3012	1
3013	3
3014	2
3015	0
3016	1
3017	1
3018	1
3019	2
3020	0
3021	0
3022	2
3023	3
3024	0
3025	0
3026	0
3027	0
3028	2
3029	3
3030	3
3031	1
3032	0
3033	1
3034	1
3035	2
3036	0
3037	0
3038	1
3039	0
3040	4
3041	1
3042	1
3043	0
3044	2
3045	1
3046	3
3047	0
3048	2
3049	1
3050	0
3051	4
3052	1
3053	1
3054	2
3055	0
3056	0
3057	2
3058	0
3059	1
3060	0
3061	1
3062	0
3063	0
3064	1
3065	0
3066	0
3067	0
3068	1
3069	3
3070	0
3071	0
3072	0
3073	0
3074	1
3075	2
3076	1
3077	0
3078	2
3079	0
3080	2
3081	0
3082	1
3083	1
3084	0
3085	1
3086	0
3087	0
3088	0
3089	1
3090	1
3091	0
3092	2
3093	1
3094	0
3095	0
3096	1
3097	1
3098	1
3099	1
3100	1
3101	1
3102	0
3103	1
3104	0
3105	0
3106	0
3107	0
3108	0
3109	1
3110	0
3111	0
3112	0
3113	1
3114	2
3115	0
3116	0
3117	1
3118	1
3119	1
3120	0
3121	0
3122	3
3123	0
3124	1
3125	0
3126	1
3127	1
3128	0
3129	0
3130	0
3131	0
3132	0
3133	0
3134	1
3135	2
3136	0
3137	2
3138	0
3139	0
3140	0
3141	0
3142	0
3143	0
3144	1
3145	2
3146	0
3147	0
3148	1
3149	0
3150	0
3151	1
3152	0
3153	0
3154	0
3155	0
3156	0
3157	0
3158	0
3159	0
3160	0
3161	0
3162	0
3163	0
3164	0
3165	0
3166	0
3167	1
3168	0
3169	0
3170	1
3171	0
3172	0
3173	0
3174	0
3175	0
3176	0
3177	1
3178	0
3179	1
3180	1
3181	1
3182	0
3183	1
3184	0
3185	1
3186	0
3187	0
3188	2
3189	0
3190	0
3191	0
3192	0
3193	0
3194	0
3195	0
3196	1
3197	1
3198	0
3199	0
3200	0
3201	1
3202	0
3203	0
3204	1
3205	0
3206	0
3207	0
3208	0
3209	0
3210	0
3211	1
3212	1
3213	1
3214	0
3215	0
3216	0
3217	1
3218	0
3219	0
3220	0
3221	0
3222	0
3223	0
3224	0
3225	1
3226	0
3227	0
3228	1
3229	0
3230	0
3231	1
3232	0
3233	0
3234	0
3235	1
3236	0
3237	1
3238	1
3239	0
3240	1
3241	0
3242	1
3243	0
3244	0
3245	0
3246	0
3247	1
3248	0
3249	0
3250	0
3251	0
3252	1
3253	0
3254	0
3255	0
3256	0
3257	0
3258	0
3259	0
3260	0
3261	0
3262	1
3263	0
3264	0
3265	0
3266	0
3267	1
3268	0
3269	1
3270	1
3271	0
3272	0
3273	0
3274	1
3275	2
3276	3
3277	16
3278	30
3279	40
3280	44
3281	25
3282	20
3283	3
3284	2
3285	0
3286	0
3287	1
3288	0
3289	0
3290	1
3291	0
3292	0
3293	0
3294	0
3295	0
3296	0
3297	0
3298	0
3299	0
3300	0
3301	0
3302	0
3303	0
3304	0
3305	0
3306	0
3307	0
3308	0
3309	0
3310	0
3311	0
3312	0
3313	0
3314	0
3315	0
3316	0
3317	0
3318	0
3319	0
3320	0
3321	0
3322	0
3323	0
3324	0
3325	0
3326	0
3327	0
3328	0
3329	0
3330	0
3331	0
3332	0
3333	0
3334	0
3335	1
3336	0
3337	0
3338	0
3339	0
3340	0
3341	0
3342	0
3343	0
3344	0
3345	1
3346	0
3347	0
3348	0
3349	0
3350	0
3351	0
3352	0
3353	0
3354	0
3355	0
3356	0
3357	0
3358	0
3359	0
3360	0
3361	0
3362	0
3363	0
3364	0
3365	0
3366	0
3367	0
3368	0
3369	0
3370	0
3371	0
3372	0
3373	0
3374	0
3375	0
3376	0
3377	0
3378	0
3379	0
3380	0
3381	0
3382	1
3383	0
3384	0
3385	0
3386	0
3387	0
3388	0
3389	0
3390	0
3391	0
3392	0
3393	0
3394	0
3395	0
3396	0
3397	0
3398	0
3399	0
3400	0
3401	0
3402	0
3403	0
3404	0
3405	0
3406	0
3407	0
3408	0
3409	0
3410	0
3411	0
3412	0
3413	0
3414	0
3415	0
3416	0
3417	0
3418	1
3419	2
3420	2
3421	1
3422	3
3423	2
3424	2
3425	0
3426	2
3427	0
3428	0
3429	0
3430	0
3431	0
3432	0
3433	0
3434	0
3435	0
3436	0
3437	0
3438	0
3439	0
3440	0
3441	0
3442	0
3443	0
3444	0
3445	0
3446	0
3447	0
3448	0
3449	0
3450	0
3451	0
3452	0
3453	0
3454	0
3455	0
3456	0
3457	0
3458	0
3459	0
3460	0
3461	0
3462	0
3463	0
3464	0
3465	0
3466	0
3467	0
3468	0
3469	0
3470	0
3471	0
3472	0
3473	0
3474	0
3475	0
3476	0
3477	0
3478	0
3479	0
3480	0
3481	0
3482	1
3483	0
3484	1
3485	0
3486	0
3487	0
3488	0
3489	0
3490	0
3491	0
3492	0
3493	0
3494	0
3495	1
3496	0
3497	0
3498	0
3499	0
3500	0
3501	0
3502	0
3503	0
3504	0
3505	0
3506	0
3507	0
3508	0
3509	0
3510	0
3511	0
3512	0
3513	0
3514	0
3515	0
3516	0
3517	0
3518	0
3519	0
3520	0
3521	1
3522	1
3523	0
3524	0
3525	0
3526	0
3527	0
3528	0
3529	0
3530	0
3531	0
3532	0
3533	0
3534	0
3535	0
3536	0
3537	0
3538	1
3539	0
3540	0
3541	0
3542	0
3543	0
3544	0
3545	0
3546	0
3547	0
3548	0
3549	0
3550	0
3551	0
3552	1
3553	1
3554	0
3555	0
3556	0
3557	0
3558	0
3559	0
3560	0
3561	0
3562	0
3563	0
3564	0
3565	0
3566	0
3567	0
3568	0
3569	0
3570	0
3571	0
3572	0
3573	0
3574	0
3575	0
3576	0
3577	0
3578	0
3579	0
3580	0
3581	0
3582	0
3583	0
3584	0
3585	1
3586	1
3587	0
3588	0
3589	1
3590	0
3591	0
3592	0
3593	0
3594	0
3595	0
3596	0
3597	0
3598	0
3599	0
3600	0
3601	0
3602	0
3603	0
3604	0
3605	0
3606	0
3607	0
3608	0
3609	0
3610	0
3611	0
3612	0
3613	0
3614	0
3615	0
3616	0
3617	0
3618	0
3619	0
3620	0
3621	0
3622	0
3623	0
3624	0
3625	0
3626	0
3627	0
3628	0
3629	0
3630	0
3631	0
3632	1
3633	0
3634	0
3635	0
3636	0
3637	0
3638	0
3639	0
3640	0
3641	0
3642	0
3643	0
3644	0
3645	0
3646	0
3647	0
3648	0
3649	0
3650	0
3651	0
3652	0
3653	1
3654	0
3655	0
3656	0
3657	0
3658	0
3659	0
3660	0
3661	0
3662	0
3663	1
3664	0
3665	0
3666	0
3667	0
3668	0
3669	0
3670	0
3671	0
3672	0
3673	0
3674	0
3675	0
3676	0
3677	0
3678	0
3679	0
3680	0
3681	0
3682	0
3683	0
3684	0
3685	0
3686	0
3687	0
3688	0
3689	0
3690	0
3691	0
3692	0
3693	0
3694	0
3695	0
3696	0
3697	0
3698	0
3699	0
3700	0
3701	0
3702	0
3703	0
3704	0
3705	0
3706	0
3707	0
3708	0
3709	0
3710	0
3711	0
3712	0
3713	0
3714	0
3715	0
3716	0
3717	0
3718	0
3719	0
3720	0
3721	0
3722	0
3723	0
3724	2
3725	0
3726	0
3727	0
3728	0
3729	0
3730	0
3731	0
3732	0
3733	1
3734	0
3735	0
3736	0
3737	0
3738	0
3739	0
3740	0
3741	0
3742	0
3743	0
3744	0
3745	0
3746	0
3747	0
3748	0
3749	0
3750	0
3751	0
3752	0
3753	0
3754	0
3755	0
3756	0
3757	0
3758	0
3759	0
3760	0
3761	0
3762	0
3763	0
3764	0
3765	0
3766	0
3767	0
3768	0
3769	0
3770	0
3771	0
3772	0
3773	0
3774	0
3775	0
3776	0
3777	0
3778	0
3779	0
3780	0
3781	0
3782	0
3783	0
3784	0
3785	0
3786	0
3787	0
3788	0
3789	0
3790	0
3791	0
3792	0
3793	0
3794	0
3795	0
3796	0
3797	0
3798	1
3799	0
3800	0
3801	0
3802	1
3803	0
3804	0
3805	0
3806	0
3807	0
3808	0
3809	0
3810	0
3811	0
3812	0
3813	0
3814	0
3815	0
3816	0
3817	0
3818	0
3819	0
3820	0
3821	1
3822	0
3823	0
3824	0
3825	0
3826	0
3827	0
3828	0
3829	0
3830	0
3831	0
3832	0
3833	0
3834	0
3835	0
3836	0
3837	0
3838	0
3839	0
3840	0
3841	0
3842	0
3843	0
3844	0
3845	0
3846	0
3847	0
3848	0
3849	0
3850	0
3851	0
3852	1
3853	0
3854	0
3855	0
3856	0
3857	0
3858	0
3859	0
3860	0
3861	1
3862	0
3863	0
3864	0
3865	0
3866	0
3867	0
3868	0
3869	0
3870	0
3871	0
3872	0
3873	0
3874	0
3875	0
3876	0
3877	0
3878	0
3879	0
3880	0
3881	0
3882	0
3883	0
3884	0
3885	0
3886	0
3887	0
3888	0
3889	0
3890	0
3891	0
3892	0
3893	0
3894	0
3895	0
3896	0
3897	0
3898	0
3899	0
3900	0
3901	0
3902	0
3903	0
3904	0
3905	0
3906	0
3907	0
3908	0
3909	0
3910	0
3911	0
3912	0
3913	0
3914	0
3915	0
3916	0
3917	0
3918	0
3919	0
3920	0
3921	0
3922	0
3923	0
3924	0
3925	0
3926	0
3927	0
3928	0
3929	0
3930	0
3931	0
3932	0
3933	0
3934	0
3935	0
3936	0
3937	0
3938	0
3939	0
3940	0
3941	0
3942	0
3943	0
3944	0
3945	0
3946	0
3947	0
3948	0
3949	0
3950	0
3951	0
3952	0
3953	0
3954	0
3955	0
3956	0
3957	0
3958	0
3959	1
3960	0
3961	0
3962	0
3963	0
3964	1
3965	0
3966	0
3967	0
3968	0
3969	0
3970	0
3971	0
3972	0
3973	0
3974	0
3975	0
3976	0
3977	0
3978	0
3979	0
3980	0
3981	0
3982	0
3983	0
3984	0
3985	0
3986	0
3987	0
3988	0
3989	0
3990	0
3991	0
3992	0
3993	0
3994	0
3995	0
3996	0
3997	0
3998	0
3999	0
4000	0
4001	0
4002	0
4003	1
4004	0
4005	0
4006	0
4007	0
4008	0
4009	0
4010	0
4011	0
4012	0
4013	0
4014	0
4015	0
4016	0
4017	0
4018	0
4019	0
4020	0
4021	0
4022	0
4023	0
4024	0
4025	0
4026	1
4027	0
4028	0
4029	0
4030	0
4031	0
4032	0
4033	0
4034	0
4035	0
4036	0
4037	0
4038	0
4039	0
4040	0
4041	0
4042	0
4043	0
4044	0
4045	0
4046	0
4047	0
4048	0
4049	0
4050	0
4051	0
4052	1
4053	0
4054	0
4055	0
4056	0
4057	0
4058	0
4059	0
4060	0
4061	0
4062	0
4063	0
4064	0
4065	0
4066	0
4067	0
4068	1
4069	0
4070	0
4071	0
4072	0
4073	0
4074	0
4075	0
4076	0
4077	0
4078	0
4079	0
4080	0
4081	0
4082	0
4083	0
4084	0
4085	0
4086	0
4087	0
4088	0
4089	0
4090	0
4091	0
4092	0
4093	0
4094	0
4095	0
