0	0
1	0
2	0
3	0
4	0
5	0
6	0
7	0
8	0
9	0
10	0
11	0
12	0
13	0
14	7
15	1129
16	1318
17	1163
18	843
19	617
20	350
21	267
22	157
23	133
24	94
25	113
26	89
27	92
28	113
29	95
30	89
31	92
32	102
33	93
34	95
35	104
36	100
37	119
38	119
39	122
40	107
41	101
42	100
43	95
44	94
45	95
46	89
47	104
48	109
49	79
50	99
51	114
52	107
53	106
54	127
55	114
56	112
57	130
58	153
59	158
60	163
61	175
62	168
63	184
64	177
65	190
66	180
67	186
68	160
69	142
70	166
71	151
72	116
73	133
74	122
75	130
76	139
77	118
78	117
79	120
80	114
81	127
82	103
83	108
84	104
85	108
86	90
87	97
88	93
89	104
90	94
91	92
92	93
93	78
94	99
95	77
96	95
97	69
98	85
99	93
100	83
101	78
102	69
103	76
104	66
105	77
106	67
107	71
108	64
109	43
110	80
111	59
112	64
113	50
114	74
115	57
116	50
117	59
118	60
119	62
120	56
121	55
122	63
123	66
124	46
125	59
126	55
127	58
128	48
129	54
130	59
131	55
132	45
133	49
134	62
135	58
136	60
137	54
138	58
139	66
140	62
141	56
142	64
143	53
144	45
145	52
146	56
147	65
148	44
149	44
150	33
151	37
152	44
153	37
154	43
155	29
156	35
157	36
158	32
159	43
160	26
161	31
162	23
163	35
164	16
165	35
166	26
167	29
168	23
169	31
170	29
171	29
172	39
173	52
174	46
175	46
176	65
177	78
178	58
179	94
180	93
181	141
182	160
183	171
184	221
185	240
186	269
187	302
188	402
189	439
190	509
191	559
192	690
193	761
194	842
195	971
196	998
197	1140
198	1177
199	1258
200	1264
201	1387
202	1488
203	1470
204	1379
205	1443
206	1464
207	1436
208	1461
209	1380
210	1275
211	1187
212	1231
213	1111
214	1022
215	906
216	798
217	741
218	679
219	604
220	530
221	479
222	412
223	358
224	275
225	218
226	200
227	163
228	151
229	104
230	113
231	92
232	57
233	41
234	23
235	26
236	28
237	18
238	16
239	6
240	8
241	5
242	3
243	3
244	2
245	1
246	0
247	1
248	3
249	0
250	0
251	0
252	2
253	1
254	4
255	1
256	0
257	0
258	0
259	1
260	0
261	0
262	1
263	1
264	0
265	0
266	0
267	1
268	0
269	1
270	0
271	0
272	1
273	0
274	1
275	0
276	0
277	1
278	0
279	1
280	1
281	0
282	0
283	0
284	0
285	2
286	1
287	0
288	0
289	0
290	0
291	0
292	0
293	0
294	0
295	0
296	1
297	0
298	0
299	1
300	0
301	1
302	0
303	0
304	1
305	0
306	0
307	1
308	1
309	0
310	0
311	0
312	0
313	0
314	0
315	0
316	0
317	2
318	0
319	0
320	2
321	0
322	0
323	0
324	0
325	0
326	2
327	0
328	1
329	2
330	2
331	0
332	1
333	0
334	0
335	0
336	0
337	0
338	0
339	0
340	0
341	0
342	0
343	0
344	0
345	0
346	2
347	1
348	1
349	0
350	1
351	0
352	0
353	0
354	0
355	0
356	1
357	0
358	2
359	1
360	1
361	0
362	2
363	0
364	0
365	0
366	0
367	0
368	2
369	1
370	0
371	1
372	1
373	0
374	2
375	1
376	3
377	2
378	1
379	1
380	0
381	0
382	2
383	1
384	0
385	1
386	0
387	0
388	0
389	0
390	1
391	3
392	0
393	2
394	0
395	0
396	0
397	0
398	0
399	1
400	0
401	0
402	0
403	2
404	1
405	0
406	0
407	2
408	0
409	1
410	0
411	0
412	0
413	0
414	0
415	1
416	1
417	0
418	0
419	0
420	2
421	0
422	0
423	0
424	1
425	0
426	1
427	1
428	0
429	0
430	1
431	0
432	0
433	1
434	1
435	0
436	2
437	0
438	0
439	0
440	4
441	0
442	2
443	1
444	1
445	1
446	1
447	0
448	1
449	0
450	1
451	1
452	1
453	2
454	0
455	0
456	1
457	0
458	1
459	1
460	1
461	1
462	0
463	2
464	1
465	0
466	0
467	0
468	0
469	1
470	0
471	0
472	0
473	1
474	1
475	1
476	0
477	0
478	0
479	0
480	0
481	0
482	3
483	0
484	0
485	0
486	0
487	0
488	0
489	0
490	0
491	0
492	0
493	1
494	0
495	0
496	0
497	0
498	1
499	0
500	0
501	1
502	0
503	0
504	0
505	0
506	0
507	0
508	0
509	0
510	0
511	0
512	0
513	0
514	0
515	0
516	0
517	1
518	1
519	0
520	0
521	0
522	0
523	0
524	1
525	0
526	0
527	0
528	0
529	0
530	0
531	0
532	0
533	1
534	0
535	0
536	0
537	0
538	0
539	0
540	0
541	0
542	0
543	0
544	1
545	0
546	0
547	0
548	0
549	0
550	0
551	0
552	0
553	0
554	0
555	0
556	0
557	0
558	0
559	0
560	0
561	0
562	0
563	0
564	0
565	0
566	0
567	0
568	0
569	0
570	0
571	0
572	0
573	0
574	0
575	0
576	0
577	0
578	0
579	0
580	0
581	0
582	1
583	0
584	0
585	0
586	0
587	0
588	0
589	0
590	0
591	0
592	0
593	0
594	0
595	0
596	0
597	0
598	0
599	0
600	0
601	0
602	0
603	0
604	0
605	0
606	1
607	0
608	0
609	0
610	0
611	0
612	0
613	0
614	0
615	0
616	0
617	0
618	0
619	0
620	0
621	0
622	0
623	0
624	1
625	0
626	0
627	0
628	0
629	0
630	0
631	0
632	0
633	0
634	0
635	0
636	0
637	0
638	0
639	0
640	0
641	0
642	0
643	0
644	0
645	0
646	0
647	0
648	0
649	0
650	0
651	0
652	0
653	0
654	0
655	0
656	1
657	0
658	0
659	0
660	0
661	0
662	0
663	0
664	0
665	0
666	0
667	0
668	0
669	0
670	0
671	0
672	0
673	0
674	0
675	0
676	0
677	0
678	0
679	0
680	0
681	0
682	0
683	0
684	0
685	0
686	0
687	0
688	0
689	0
690	0
691	0
692	0
693	0
694	0
695	0
696	0
697	0
698	0
699	0
700	0
701	0
702	0
703	0
704	0
705	0
706	0
707	0
708	0
709	0
710	0
711	0
712	0
713	0
714	0
715	0
716	0
717	0
718	0
719	0
720	0
721	0
722	0
723	0
724	0
725	0
726	0
727	0
728	0
729	0
730	0
731	0
732	0
733	0
734	0
735	0
736	0
737	0
738	0
739	0
740	0
741	0
742	0
743	0
744	0
745	0
746	0
747	0
748	0
749	0
750	1
751	0
752	0
753	0
754	0
755	0
756	0
757	0
758	0
759	0
760	0
761	0
762	0
763	0
764	0
765	0
766	0
767	0
768	0
769	0
770	0
771	0
772	0
773	0
774	0
775	0
776	0
777	0
778	0
779	0
780	0
781	0
782	0
783	0
784	0
785	0
786	0
787	0
788	0
789	1
790	0
791	0
792	0
793	0
794	0
795	0
796	0
797	0
798	0
799	0
800	0
801	0
802	0
803	0
804	0
805	0
806	0
807	0
808	0
809	0
810	0
811	0
812	0
813	0
814	0
815	0
816	0
817	0
818	1
819	0
820	0
821	0
822	0
823	0
824	0
825	0
826	0
827	0
828	0
829	0
830	0
831	0
832	0
833	0
834	0
835	0
836	0
837	0
838	0
839	0
840	0
841	0
842	0
843	0
844	0
845	0
846	0
847	0
848	0
849	0
850	0
851	0
852	0
853	0
854	0
855	0
856	0
857	0
858	0
859	0
860	0
861	0
862	0
863	0
864	0
865	0
866	0
867	0
868	0
869	0
870	0
871	0
872	0
873	0
874	0
875	0
876	0
877	0
878	0
879	0
880	0
881	0
882	0
883	0
884	0
885	0
886	0
887	0
888	0
889	0
890	0
891	0
892	0
893	0
894	0
895	1
896	0
897	0
898	0
899	0
900	0
901	0
902	0
903	0
904	0
905	0
906	0
907	0
908	0
909	0
910	0
911	0
912	0
913	0
914	0
915	0
916	0
917	0
918	0
919	0
920	0
921	0
922	0
923	0
924	0
925	0
926	0
927	0
928	0
929	0
930	0
931	0
932	0
933	0
934	0
935	0
936	0
937	0
938	0
939	0
940	0
941	0
942	0
943	0
944	0
945	0
946	0
947	0
948	0
949	0
950	0
951	0
952	0
953	0
954	0
955	0
956	0
957	0
958	0
959	0
960	0
961	0
962	0
963	0
964	0
965	0
966	0
967	0
968	0
969	0
970	0
971	0
972	0
973	0
974	0
975	0
976	0
977	0
978	0
979	0
980	0
981	0
982	0
983	0
984	0
985	0
986	0
987	0
988	0
989	0
990	0
991	0
992	0
993	0
994	0
995	0
996	0
997	0
998	0
999	0
1000	0
1001	0
1002	0
1003	0
1004	0
1005	0
1006	0
1007	0
1008	0
1009	0
1010	0
1011	0
1012	0
1013	0
1014	0
1015	0
1016	0
1017	0
1018	0
1019	0
1020	0
1021	0
1022	0
1023	0
