0	0
1	0
2	0
3	0
4	0
5	0
6	0
7	0
8	0
9	0
10	0
11	0
12	0
13	0
14	69
15	7877
16	9508
17	8944
18	7388
19	5242
20	3653
21	2584
22	1894
23	1544
24	1365
25	1293
26	1266
27	1269
28	1196
29	1163
30	1118
31	1135
32	1153
33	1030
34	1088
35	1060
36	1069
37	1068
38	1028
39	1093
40	1029
41	1057
42	1068
43	1071
44	1056
45	1011
46	989
47	1048
48	978
49	981
50	974
51	952
52	959
53	1015
54	1051
55	1046
56	1004
57	1107
58	1101
59	1101
60	1095
61	1138
62	1202
63	1114
64	1221
65	1161
66	1259
67	1214
68	1193
69	1203
70	1154
71	1145
72	1125
73	1141
74	1052
75	1148
76	1062
77	1054
78	1027
79	1037
80	1075
81	1052
82	1012
83	1028
84	975
85	973
86	1004
87	975
88	963
89	914
90	973
91	903
92	931
93	937
94	907
95	941
96	876
97	890
98	892
99	879
100	822
101	918
102	871
103	826
104	848
105	853
106	795
107	823
108	849
109	838
110	750
111	765
112	791
113	771
114	729
115	799
116	815
117	745
118	777
119	744
120	754
121	761
122	673
123	698
124	725
125	752
126	674
127	772
128	704
129	690
130	687
131	723
132	675
133	704
134	665
135	619
136	687
137	695
138	655
139	628
140	630
141	602
142	602
143	566
144	595
145	617
146	579
147	556
148	515
149	488
150	510
151	495
152	491
153	439
154	446
155	383
156	407
157	355
158	361
159	311
160	296
161	307
162	266
163	303
164	297
165	280
166	296
167	342
168	326
169	339
170	347
171	356
172	418
173	487
174	597
175	567
176	683
177	807
178	915
179	1009
180	1229
181	1560
182	1790
183	2039
184	2335
185	2889
186	3338
187	3878
188	4636
189	5195
190	6023
191	6677
192	7462
193	8312
194	9172
195	10027
196	10920
197	11583
198	12262
199	13338
200	13535
201	14385
202	14455
203	14573
204	14791
205	14731
206	14743
207	14120
208	14007
209	13408
210	12804
211	12039
212	11218
213	10522
214	9300
215	8666
216	7980
217	7136
218	6225
219	5681
220	4867
221	4237
222	3687
223	3025
224	2518
225	2161
226	1828
227	1433
228	1238
229	952
230	845
231	649
232	516
233	377
234	317
235	222
236	168
237	158
238	121
239	87
240	78
241	35
242	42
243	32
244	31
245	35
246	24
247	19
248	17
249	19
250	22
251	11
252	12
253	24
254	18
255	13
256	14
257	16
258	21
259	13
260	25
261	19
262	16
263	10
264	10
265	21
266	17
267	19
268	22
269	18
270	23
271	23
272	20
273	24
274	28
275	25
276	17
277	23
278	26
279	16
280	24
281	25
282	18
283	20
284	30
285	25
286	15
287	20
288	18
289	21
290	27
291	26
292	21
293	21
294	23
295	25
296	26
297	20
298	24
299	21
300	29
301	20
302	13
303	20
304	25
305	16
306	22
307	31
308	19
309	24
310	22
311	24
312	29
313	18
314	19
315	15
316	17
317	20
318	25
319	15
320	20
321	20
322	16
323	16
324	31
325	16
326	25
327	22
328	25
329	19
330	22
331	19
332	17
333	13
334	21
335	22
336	19
337	20
338	25
339	18
340	25
341	17
342	18
343	17
344	17
345	25
346	14
347	25
348	16
349	21
350	12
351	15
352	16
353	23
354	16
355	22
356	26
357	24
358	18
359	31
360	19
361	16
362	30
363	27
364	18
365	24
366	23
367	22
368	20
369	24
370	29
371	16
372	24
373	13
374	24
375	27
376	19
377	28
378	30
379	28
380	26
381	28
382	35
383	26
384	30
385	27
386	24
387	28
388	34
389	30
390	26
391	40
392	28
393	20
394	31
395	30
396	34
397	19
398	14
399	25
400	35
401	25
402	21
403	24
404	17
405	17
406	24
407	17
408	12
409	23
410	14
411	12
412	16
413	11
414	16
415	10
416	13
417	10
418	4
419	11
420	4
421	11
422	7
423	5
424	7
425	5
426	5
427	2
428	1
429	3
430	2
431	2
432	7
433	2
434	0
435	2
436	0
437	1
438	2
439	1
440	1
441	1
442	1
443	1
444	1
445	0
446	1
447	1
448	0
449	1
450	2
451	1
452	0
453	0
454	0
455	2
456	0
457	0
458	0
459	0
460	0
461	1
462	0
463	0
464	1
465	1
466	0
467	1
468	0
469	1
470	0
471	2
472	1
473	1
474	2
475	1
476	0
477	0
478	0
479	0
480	0
481	0
482	0
483	0
484	0
485	0
486	0
487	0
488	0
489	0
490	0
491	0
492	0
493	1
494	0
495	0
496	0
497	1
498	1
499	1
500	0
501	0
502	0
503	0
504	0
505	0
506	0
507	0
508	0
509	1
510	0
511	0
512	0
513	0
514	0
515	0
516	0
517	0
518	0
519	0
520	0
521	0
522	0
523	0
524	0
525	0
526	0
527	0
528	0
529	0
530	1
531	0
532	0
533	0
534	0
535	0
536	1
537	1
538	0
539	0
540	0
541	0
542	1
543	0
544	0
545	0
546	0
547	0
548	0
549	0
550	0
551	0
552	0
553	0
554	0
555	1
556	0
557	0
558	0
559	0
560	0
561	1
562	0
563	0
564	0
565	0
566	0
567	0
568	0
569	0
570	0
571	0
572	1
573	0
574	0
575	0
576	0
577	0
578	0
579	0
580	0
581	0
582	0
583	0
584	0
585	0
586	0
587	0
588	0
589	0
590	1
591	0
592	0
593	0
594	0
595	0
596	0
597	1
598	0
599	1
600	0
601	0
602	0
603	1
604	0
605	1
606	0
607	0
608	0
609	0
610	0
611	0
612	0
613	0
614	0
615	0
616	0
617	0
618	0
619	0
620	0
621	0
622	0
623	0
624	0
625	0
626	0
627	0
628	0
629	0
630	1
631	0
632	0
633	0
634	0
635	0
636	0
637	0
638	0
639	0
640	0
641	0
642	0
643	0
644	0
645	0
646	0
647	0
648	0
649	0
650	0
651	0
652	1
653	0
654	0
655	0
656	0
657	0
658	0
659	0
660	0
661	0
662	0
663	0
664	0
665	0
666	0
667	0
668	0
669	0
670	0
671	0
672	0
673	0
674	0
675	0
676	0
677	0
678	0
679	0
680	0
681	0
682	0
683	0
684	0
685	0
686	0
687	0
688	0
689	0
690	0
691	0
692	0
693	0
694	0
695	0
696	0
697	0
698	0
699	0
700	0
701	0
702	0
703	0
704	0
705	0
706	0
707	0
708	0
709	0
710	0
711	0
712	0
713	0
714	0
715	0
716	0
717	0
718	0
719	0
720	0
721	0
722	0
723	1
724	0
725	0
726	0
727	0
728	0
729	0
730	0
731	0
732	0
733	0
734	0
735	0
736	0
737	0
738	0
739	0
740	0
741	0
742	0
743	0
744	0
745	0
746	0
747	0
748	0
749	0
750	0
751	0
752	0
753	0
754	0
755	0
756	0
757	0
758	0
759	0
760	0
761	0
762	0
763	0
764	0
765	0
766	0
767	1
768	0
769	1
770	0
771	0
772	0
773	0
774	0
775	0
776	0
777	0
778	0
779	0
780	0
781	0
782	0
783	0
784	0
785	0
786	0
787	0
788	1
789	0
790	0
791	0
792	1
793	0
794	0
795	0
796	0
797	0
798	0
799	0
800	0
801	0
802	0
803	0
804	0
805	0
806	0
807	0
808	0
809	0
810	0
811	0
812	0
813	0
814	0
815	0
816	0
817	0
818	0
819	0
820	0
821	0
822	0
823	0
824	0
825	0
826	0
827	0
828	0
829	0
830	0
831	0
832	0
833	0
834	0
835	0
836	0
837	0
838	0
839	0
840	0
841	0
842	0
843	0
844	0
845	0
846	0
847	0
848	0
849	0
850	0
851	0
852	0
853	0
854	0
855	0
856	0
857	0
858	0
859	0
860	0
861	0
862	0
863	0
864	0
865	0
866	0
867	0
868	0
869	0
870	0
871	0
872	0
873	0
874	0
875	0
876	0
877	0
878	0
879	0
880	0
881	0
882	0
883	0
884	0
885	0
886	0
887	0
888	0
889	0
890	0
891	0
892	0
893	0
894	0
895	0
896	0
897	0
898	0
899	0
900	0
901	0
902	0
903	0
904	0
905	0
906	0
907	0
908	0
909	0
910	0
911	0
912	0
913	0
914	0
915	0
916	0
917	0
918	0
919	0
920	0
921	0
922	0
923	0
924	0
925	0
926	0
927	0
928	0
929	0
930	0
931	0
932	0
933	0
934	0
935	0
936	0
937	0
938	0
939	0
940	0
941	0
942	0
943	0
944	0
945	0
946	0
947	1
948	0
949	0
950	0
951	0
952	0
953	0
954	0
955	0
956	0
957	0
958	0
959	0
960	0
961	0
962	0
963	0
964	0
965	0
966	0
967	0
968	0
969	0
970	0
971	0
972	0
973	0
974	0
975	0
976	0
977	0
978	0
979	0
980	0
981	0
982	0
983	0
984	0
985	0
986	0
987	0
988	0
989	0
990	0
991	0
992	0
993	0
994	0
995	0
996	0
997	0
998	0
999	0
1000	0
1001	0
1002	0
1003	0
1004	0
1005	0
1006	0
1007	0
1008	0
1009	0
1010	0
1011	0
1012	0
1013	0
1014	0
1015	0
1016	0
1017	0
1018	0
1019	0
1020	0
1021	0
1022	0
1023	0
