0	0
1	0
2	0
3	0
4	0
5	0
6	0
7	0
8	0
9	0
10	0
11	0
12	0
13	0
14	17
15	1094
16	1273
17	1125
18	885
19	565
20	409
21	236
22	163
23	135
24	109
25	102
26	96
27	77
28	89
29	90
30	86
31	93
32	91
33	97
34	95
35	112
36	116
37	92
38	89
39	118
40	95
41	92
42	83
43	101
44	105
45	84
46	97
47	97
48	109
49	96
50	88
51	106
52	122
53	114
54	105
55	121
56	127
57	137
58	154
59	159
60	163
61	192
62	182
63	153
64	201
65	179
66	160
67	179
68	175
69	166
70	140
71	140
72	157
73	144
74	122
75	133
76	131
77	130
78	122
79	114
80	125
81	128
82	105
83	119
84	115
85	124
86	121
87	126
88	102
89	97
90	86
91	95
92	91
93	95
94	114
95	82
96	86
97	67
98	90
99	102
100	75
101	77
102	78
103	83
104	66
105	78
106	68
107	59
108	58
109	71
110	67
111	65
112	55
113	53
114	56
115	60
116	54
117	34
118	53
119	65
120	61
121	56
122	56
123	51
124	58
125	70
126	61
127	55
128	58
129	64
130	61
131	64
132	49
133	53
134	56
135	58
136	70
137	72
138	55
139	68
140	45
141	59
142	43
143	58
144	61
145	53
146	54
147	43
148	55
149	44
150	45
151	54
152	46
153	27
154	40
155	35
156	34
157	33
158	29
159	34
160	27
161	23
162	25
163	33
164	26
165	32
166	24
167	27
168	35
169	29
170	24
171	37
172	27
173	42
174	44
175	48
176	43
177	73
178	60
179	79
180	100
181	95
182	140
183	137
184	182
185	205
186	215
187	271
188	374
189	392
190	448
191	533
192	581
193	699
194	796
195	885
196	958
197	1056
198	1055
199	1161
200	1249
201	1326
202	1381
203	1469
204	1496
205	1519
206	1493
207	1537
208	1432
209	1471
210	1325
211	1265
212	1268
213	1131
214	1107
215	1072
216	911
217	844
218	758
219	679
220	626
221	520
222	467
223	370
224	364
225	299
226	250
227	197
228	181
229	134
230	127
231	90
232	60
233	46
234	40
235	33
236	21
237	24
238	9
239	16
240	17
241	5
242	6
243	3
244	2
245	1
246	3
247	0
248	1
249	5
250	0
251	0
252	0
253	0
254	0
255	0
256	2
257	1
258	0
259	0
260	0
261	1
262	0
263	1
264	2
265	0
266	0
267	0
268	1
269	0
270	0
271	1
272	1
273	1
274	0
275	0
276	0
277	0
278	0
279	1
280	0
281	0
282	0
283	0
284	0
285	3
286	1
287	0
288	2
289	0
290	0
291	0
292	0
293	0
294	1
295	0
296	0
297	0
298	0
299	2
300	2
301	2
302	0
303	0
304	0
305	1
306	0
307	0
308	0
309	1
310	1
311	0
312	1
313	0
314	1
315	0
316	0
317	0
318	1
319	0
320	3
321	0
322	3
323	0
324	1
325	0
326	0
327	0
328	0
329	0
330	0
331	0
332	0
333	1
334	1
335	0
336	1
337	0
338	2
339	0
340	0
341	0
342	2
343	1
344	1
345	0
346	0
347	1
348	0
349	1
350	0
351	0
352	0
353	0
354	1
355	1
356	0
357	0
358	1
359	0
360	0
361	0
362	0
363	1
364	0
365	0
366	0
367	1
368	0
369	0
370	0
371	0
372	1
373	0
374	0
375	0
376	0
377	2
378	0
379	0
380	0
381	1
382	0
383	0
384	0
385	1
386	2
387	1
388	0
389	1
390	0
391	2
392	1
393	0
394	1
395	1
396	0
397	0
398	2
399	1
400	1
401	0
402	0
403	1
404	1
405	1
406	0
407	1
408	0
409	2
410	0
411	0
412	1
413	0
414	0
415	0
416	0
417	0
418	4
419	0
420	2
421	0
422	0
423	0
424	1
425	0
426	0
427	0
428	1
429	0
430	1
431	1
432	0
433	0
434	0
435	0
436	0
437	0
438	0
439	1
440	0
441	0
442	0
443	1
444	2
445	1
446	0
447	0
448	0
449	1
450	0
451	0
452	1
453	0
454	1
455	0
456	0
457	1
458	0
459	1
460	0
461	0
462	0
463	0
464	1
465	0
466	0
467	0
468	0
469	0
470	0
471	0
472	1
473	1
474	0
475	0
476	1
477	0
478	0
479	0
480	0
481	0
482	1
483	0
484	0
485	0
486	0
487	0
488	0
489	0
490	1
491	0
492	1
493	0
494	0
495	0
496	0
497	0
498	0
499	0
500	0
501	0
502	0
503	0
504	0
505	0
506	0
507	0
508	0
509	0
510	0
511	1
512	0
513	0
514	0
515	0
516	0
517	0
518	1
519	0
520	0
521	0
522	0
523	0
524	0
525	0
526	1
527	0
528	0
529	0
530	0
531	0
532	0
533	1
534	0
535	0
536	1
537	0
538	0
539	0
540	0
541	0
542	0
543	0
544	0
545	0
546	0
547	0
548	0
549	0
550	0
551	0
552	0
553	0
554	0
555	0
556	0
557	0
558	0
559	0
560	0
561	0
562	0
563	0
564	1
565	0
566	0
567	0
568	0
569	0
570	0
571	0
572	0
573	0
574	1
575	0
576	0
577	0
578	0
579	0
580	0
581	0
582	0
583	0
584	0
585	0
586	0
587	1
588	0
589	0
590	0
591	0
592	0
593	0
594	1
595	0
596	0
597	0
598	0
599	0
600	0
601	0
602	0
603	0
604	0
605	0
606	0
607	0
608	0
609	0
610	0
611	0
612	0
613	0
614	0
615	0
616	0
617	0
618	0
619	0
620	0
621	0
622	0
623	0
624	0
625	0
626	0
627	0
628	0
629	0
630	0
631	0
632	0
633	0
634	0
635	0
636	0
637	0
638	0
639	0
640	0
641	1
642	0
643	0
644	0
645	0
646	0
647	0
648	0
649	0
650	0
651	0
652	0
653	0
654	0
655	0
656	0
657	0
658	0
659	0
660	0
661	0
662	0
663	0
664	0
665	0
666	0
667	0
668	0
669	1
670	0
671	0
672	0
673	0
674	0
675	0
676	0
677	0
678	0
679	0
680	0
681	0
682	0
683	0
684	0
685	0
686	0
687	0
688	0
689	0
690	0
691	0
692	0
693	0
694	0
695	0
696	0
697	0
698	0
699	0
700	0
701	0
702	0
703	0
704	0
705	0
706	0
707	0
708	0
709	0
710	0
711	0
712	0
713	0
714	0
715	0
716	0
717	0
718	0
719	0
720	0
721	1
722	0
723	0
724	0
725	0
726	0
727	0
728	0
729	0
730	0
731	0
732	0
733	0
734	0
735	0
736	0
737	0
738	0
739	0
740	0
741	0
742	0
743	0
744	0
745	0
746	0
747	0
748	0
749	0
750	0
751	0
752	0
753	0
754	0
755	0
756	0
757	0
758	0
759	0
760	0
761	0
762	0
763	0
764	0
765	0
766	0
767	0
768	0
769	0
770	0
771	0
772	0
773	0
774	0
775	0
776	0
777	0
778	0
779	0
780	0
781	0
782	0
783	0
784	0
785	0
786	0
787	0
788	0
789	0
790	0
791	0
792	0
793	0
794	0
795	0
796	0
797	0
798	0
799	0
800	0
801	0
802	0
803	0
804	0
805	0
806	0
807	0
808	0
809	0
810	0
811	0
812	0
813	0
814	0
815	0
816	0
817	0
818	0
819	0
820	0
821	0
822	0
823	0
824	0
825	0
826	0
827	0
828	0
829	0
830	0
831	0
832	0
833	0
834	0
835	0
836	0
837	0
838	0
839	0
840	0
841	0
842	0
843	0
844	0
845	0
846	0
847	0
848	0
849	0
850	0
851	0
852	0
853	0
854	0
855	0
856	0
857	0
858	0
859	0
860	0
861	0
862	0
863	0
864	0
865	0
866	0
867	0
868	0
869	0
870	0
871	0
872	0
873	0
874	0
875	0
876	0
877	0
878	0
879	0
880	0
881	0
882	0
883	0
884	0
885	0
886	0
887	0
888	0
889	0
890	0
891	0
892	0
893	0
894	0
895	0
896	0
897	0
898	0
899	0
900	0
901	0
902	0
903	1
904	0
905	0
906	0
907	0
908	0
909	0
910	0
911	0
912	0
913	0
914	0
915	0
916	0
917	0
918	0
919	0
920	0
921	0
922	0
923	0
924	0
925	0
926	0
927	0
928	0
929	0
930	0
931	0
932	0
933	0
934	0
935	0
936	0
937	0
938	0
939	0
940	0
941	0
942	0
943	0
944	0
945	0
946	0
947	0
948	0
949	0
950	0
951	0
952	0
953	0
954	0
955	0
956	0
957	0
958	0
959	0
960	0
961	0
962	0
963	0
964	0
965	0
966	0
967	0
968	0
969	0
970	0
971	0
972	0
973	0
974	0
975	0
976	0
977	0
978	0
979	0
980	0
981	0
982	0
983	0
984	0
985	0
986	0
987	0
988	0
989	0
990	0
991	0
992	0
993	0
994	0
995	0
996	0
997	0
998	0
999	0
1000	0
1001	0
1002	0
1003	1
1004	0
1005	0
1006	0
1007	0
1008	0
1009	0
1010	0
1011	0
1012	0
1013	0
1014	0
1015	0
1016	0
1017	0
1018	0
1019	0
1020	0
1021	0
1022	0
1023	0
