0	0
1	0
2	0
3	0
4	0
5	0
6	0
7	0
8	0
9	0
10	0
11	0
12	0
13	0
14	6
15	1179
16	1254
17	1150
18	851
19	574
20	347
21	240
22	153
23	133
24	114
25	95
26	92
27	104
28	119
29	102
30	93
31	93
32	120
33	94
34	98
35	104
36	109
37	112
38	102
39	104
40	117
41	126
42	118
43	103
44	98
45	114
46	105
47	98
48	97
49	108
50	106
51	115
52	127
53	96
54	113
55	115
56	145
57	156
58	146
59	161
60	180
61	195
62	158
63	170
64	165
65	153
66	161
67	164
68	166
69	165
70	149
71	150
72	148
73	134
74	131
75	128
76	125
77	144
78	135
79	134
80	122
81	122
82	132
83	130
84	108
85	116
86	94
87	111
88	102
89	106
90	99
91	105
92	102
93	86
94	72
95	85
96	78
97	77
98	81
99	71
100	67
101	71
102	84
103	79
104	82
105	85
106	72
107	54
108	75
109	75
110	65
111	57
112	59
113	81
114	68
115	62
116	55
117	69
118	64
119	50
120	61
121	56
122	46
123	54
124	54
125	46
126	62
127	58
128	57
129	55
130	55
131	54
132	55
133	54
134	51
135	59
136	50
137	57
138	52
139	66
140	57
141	73
142	64
143	44
144	49
145	56
146	50
147	62
148	44
149	44
150	41
151	40
152	39
153	45
154	37
155	31
156	28
157	17
158	40
159	30
160	33
161	26
162	23
163	25
164	29
165	32
166	29
167	25
168	25
169	44
170	42
171	31
172	40
173	48
174	48
175	62
176	74
177	85
178	85
179	118
180	113
181	142
182	197
183	226
184	217
185	297
186	336
187	414
188	488
189	554
190	649
191	717
192	763
193	852
194	929
195	1024
196	1070
197	1237
198	1336
199	1381
200	1443
201	1469
202	1579
203	1533
204	1478
205	1486
206	1501
207	1411
208	1347
209	1347
210	1236
211	1180
212	1080
213	1022
214	969
215	787
216	768
217	673
218	565
219	496
220	431
221	416
222	344
223	266
224	236
225	181
226	177
227	138
228	112
229	100
230	64
231	62
232	31
233	28
234	32
235	32
236	24
237	11
238	5
239	7
240	7
241	4
242	6
243	2
244	5
245	2
246	1
247	0
248	1
249	1
250	1
251	0
252	0
253	1
254	1
255	1
256	0
257	0
258	1
259	2
260	0
261	0
262	0
263	0
264	3
265	0
266	0
267	2
268	1
269	1
270	0
271	0
272	0
273	0
274	0
275	0
276	1
277	0
278	0
279	0
280	1
281	3
282	1
283	2
284	1
285	0
286	0
287	1
288	1
289	1
290	0
291	0
292	0
293	0
294	0
295	0
296	1
297	1
298	0
299	1
300	0
301	0
302	0
303	0
304	0
305	0
306	0
307	1
308	0
309	0
310	0
311	0
312	2
313	1
314	0
315	1
316	0
317	0
318	0
319	0
320	0
321	0
322	0
323	0
324	0
325	1
326	0
327	0
328	0
329	0
330	0
331	0
332	1
333	1
334	0
335	0
336	0
337	0
338	2
339	0
340	1
341	2
342	0
343	0
344	1
345	0
346	0
347	0
348	0
349	0
350	0
351	1
352	0
353	0
354	0
355	1
356	1
357	0
358	1
359	0
360	0
361	1
362	1
363	0
364	0
365	0
366	1
367	2
368	0
369	1
370	0
371	1
372	0
373	0
374	0
375	2
376	1
377	0
378	0
379	1
380	1
381	1
382	2
383	0
384	1
385	0
386	0
387	0
388	1
389	2
390	0
391	0
392	0
393	1
394	1
395	1
396	0
397	1
398	0
399	0
400	0
401	0
402	1
403	0
404	0
405	0
406	0
407	0
408	0
409	0
410	0
411	0
412	0
413	2
414	0
415	0
416	0
417	0
418	1
419	0
420	0
421	1
422	1
423	0
424	0
425	0
426	0
427	0
428	0
429	0
430	0
431	0
432	0
433	1
434	0
435	0
436	2
437	1
438	1
439	0
440	0
441	1
442	2
443	1
444	0
445	0
446	0
447	0
448	1
449	0
450	0
451	0
452	2
453	1
454	0
455	0
456	0
457	0
458	0
459	1
460	0
461	0
462	0
463	0
464	1
465	1
466	0
467	0
468	1
469	0
470	0
471	0
472	1
473	1
474	0
475	0
476	0
477	0
478	0
479	0
480	0
481	0
482	0
483	1
484	0
485	0
486	0
487	0
488	0
489	0
490	0
491	0
492	0
493	0
494	0
495	0
496	0
497	0
498	0
499	0
500	0
501	0
502	0
503	0
504	0
505	0
506	0
507	0
508	0
509	0
510	0
511	0
512	0
513	1
514	0
515	0
516	0
517	0
518	0
519	0
520	0
521	0
522	0
523	0
524	0
525	0
526	0
527	1
528	0
529	0
530	0
531	0
532	0
533	0
534	0
535	0
536	0
537	0
538	0
539	0
540	0
541	0
542	0
543	0
544	0
545	0
546	0
547	1
548	0
549	0
550	0
551	0
552	0
553	0
554	0
555	0
556	0
557	1
558	0
559	0
560	0
561	0
562	0
563	0
564	0
565	0
566	0
567	0
568	0
569	0
570	0
571	0
572	0
573	0
574	0
575	0
576	0
577	0
578	0
579	0
580	0
581	0
582	0
583	0
584	0
585	0
586	0
587	0
588	0
589	0
590	0
591	0
592	0
593	0
594	0
595	0
596	0
597	0
598	0
599	0
600	0
601	0
602	0
603	0
604	0
605	0
606	0
607	0
608	0
609	0
610	0
611	0
612	0
613	0
614	0
615	0
616	0
617	0
618	0
619	0
620	0
621	0
622	1
623	0
624	0
625	0
626	0
627	0
628	0
629	0
630	0
631	0
632	0
633	0
634	0
635	0
636	0
637	0
638	0
639	0
640	0
641	0
642	0
643	0
644	0
645	0
646	0
647	0
648	0
649	0
650	0
651	0
652	1
653	0
654	0
655	0
656	0
657	0
658	0
659	0
660	0
661	0
662	0
663	0
664	0
665	0
666	0
667	0
668	0
669	0
670	0
671	0
672	0
673	0
674	0
675	0
676	0
677	0
678	0
679	0
680	0
681	0
682	0
683	0
684	0
685	1
686	0
687	0
688	0
689	0
690	0
691	0
692	0
693	0
694	0
695	0
696	0
697	0
698	0
699	0
700	0
701	0
702	0
703	0
704	0
705	0
706	0
707	0
708	0
709	0
710	0
711	1
712	0
713	0
714	0
715	0
716	0
717	0
718	0
719	0
720	0
721	0
722	0
723	0
724	0
725	0
726	0
727	0
728	0
729	0
730	0
731	0
732	0
733	0
734	0
735	0
736	0
737	0
738	1
739	0
740	0
741	0
742	0
743	0
744	0
745	0
746	0
747	0
748	0
749	0
750	0
751	0
752	0
753	0
754	0
755	0
756	0
757	0
758	0
759	0
760	0
761	0
762	0
763	0
764	0
765	0
766	0
767	0
768	1
769	0
770	0
771	0
772	0
773	0
774	0
775	0
776	1
777	1
778	0
779	0
780	0
781	0
782	0
783	0
784	0
785	0
786	0
787	0
788	0
789	0
790	0
791	1
792	0
793	0
794	0
795	0
796	0
797	0
798	0
799	0
800	0
801	0
802	0
803	0
804	0
805	0
806	0
807	0
808	0
809	1
810	0
811	0
812	0
813	0
814	0
815	0
816	0
817	0
818	0
819	0
820	0
821	0
822	0
823	0
824	0
825	0
826	0
827	0
828	0
829	0
830	0
831	0
832	0
833	0
834	0
835	0
836	0
837	0
838	0
839	0
840	0
841	0
842	0
843	0
844	0
845	0
846	0
847	0
848	0
849	0
850	0
851	0
852	0
853	0
854	0
855	0
856	0
857	0
858	0
859	0
860	0
861	0
862	0
863	0
864	0
865	0
866	0
867	0
868	0
869	0
870	0
871	0
872	0
873	0
874	0
875	0
876	0
877	0
878	0
879	0
880	0
881	0
882	0
883	0
884	0
885	0
886	0
887	0
888	0
889	0
890	0
891	0
892	0
893	0
894	0
895	0
896	0
897	0
898	0
899	0
900	0
901	0
902	0
903	0
904	0
905	0
906	0
907	0
908	0
909	0
910	0
911	0
912	0
913	0
914	0
915	0
916	0
917	0
918	0
919	0
920	0
921	0
922	0
923	0
924	0
925	0
926	0
927	0
928	0
929	0
930	0
931	0
932	0
933	0
934	0
935	0
936	0
937	0
938	0
939	0
940	0
941	0
942	0
943	0
944	0
945	0
946	0
947	0
948	0
949	0
950	0
951	0
952	0
953	0
954	0
955	0
956	0
957	0
958	0
959	0
960	0
961	0
962	0
963	0
964	0
965	0
966	0
967	0
968	0
969	0
970	0
971	0
972	0
973	0
974	0
975	0
976	0
977	0
978	0
979	0
980	0
981	0
982	0
983	0
984	0
985	0
986	0
987	0
988	0
989	0
990	0
991	0
992	0
993	0
994	0
995	0
996	0
997	0
998	0
999	0
1000	0
1001	0
1002	0
1003	0
1004	0
1005	0
1006	0
1007	0
1008	0
1009	0
1010	0
1011	0
1012	0
1013	0
1014	0
1015	0
1016	0
1017	0
1018	0
1019	0
1020	0
1021	0
1022	0
1023	0
