0	0
1	0
2	0
3	0
4	0
5	0
6	0
7	0
8	0
9	0
10	0
11	0
12	0
13	0
14	23
15	1156
16	1289
17	1093
18	864
19	533
20	371
21	216
22	166
23	119
24	94
25	105
26	111
27	93
28	91
29	102
30	86
31	105
32	100
33	123
34	117
35	97
36	98
37	109
38	99
39	87
40	122
41	116
42	93
43	93
44	102
45	112
46	104
47	107
48	114
49	102
50	114
51	134
52	114
53	115
54	119
55	134
56	129
57	134
58	149
59	164
60	189
61	177
62	185
63	154
64	165
65	168
66	166
67	160
68	157
69	152
70	170
71	145
72	144
73	136
74	127
75	125
76	121
77	129
78	134
79	130
80	107
81	114
82	110
83	123
84	105
85	103
86	114
87	125
88	95
89	106
90	120
91	98
92	104
93	95
94	90
95	91
96	63
97	71
98	105
99	68
100	71
101	74
102	69
103	73
104	57
105	73
106	62
107	64
108	78
109	64
110	65
111	71
112	61
113	49
114	60
115	65
116	57
117	52
118	54
119	68
120	65
121	58
122	61
123	56
124	58
125	52
126	45
127	53
128	67
129	50
130	55
131	68
132	58
133	45
134	59
135	63
136	48
137	68
138	53
139	51
140	56
141	54
142	58
143	39
144	62
145	48
146	61
147	67
148	48
149	45
150	46
151	47
152	53
153	42
154	50
155	46
156	32
157	33
158	31
159	26
160	35
161	28
162	29
163	22
164	28
165	26
166	24
167	18
168	28
169	35
170	30
171	22
172	40
173	30
174	37
175	44
176	50
177	60
178	77
179	87
180	101
181	124
182	166
183	169
184	181
185	214
186	293
187	308
188	386
189	440
190	498
191	561
192	627
193	729
194	793
195	941
196	1032
197	1097
198	1151
199	1231
200	1315
201	1379
202	1445
203	1428
204	1449
205	1488
206	1469
207	1543
208	1389
209	1415
210	1347
211	1299
212	1155
213	1170
214	1036
215	981
216	829
217	767
218	685
219	634
220	556
221	495
222	404
223	376
224	294
225	245
226	227
227	172
228	155
229	135
230	73
231	64
232	61
233	49
234	29
235	34
236	26
237	16
238	17
239	5
240	7
241	4
242	9
243	1
244	2
245	1
246	2
247	1
248	1
249	0
250	3
251	1
252	0
253	0
254	2
255	0
256	0
257	0
258	0
259	1
260	0
261	2
262	0
263	0
264	1
265	0
266	1
267	1
268	1
269	2
270	1
271	1
272	0
273	1
274	0
275	1
276	0
277	1
278	1
279	1
280	0
281	0
282	0
283	0
284	0
285	1
286	1
287	1
288	0
289	0
290	2
291	0
292	0
293	0
294	1
295	1
296	0
297	1
298	2
299	1
300	0
301	0
302	0
303	1
304	1
305	0
306	1
307	0
308	0
309	0
310	1
311	1
312	0
313	1
314	0
315	0
316	0
317	1
318	0
319	0
320	0
321	0
322	0
323	0
324	2
325	1
326	0
327	1
328	0
329	1
330	1
331	0
332	1
333	1
334	1
335	1
336	3
337	2
338	1
339	0
340	1
341	0
342	1
343	0
344	0
345	0
346	1
347	0
348	0
349	0
350	0
351	1
352	0
353	0
354	1
355	1
356	0
357	0
358	1
359	1
360	0
361	1
362	0
363	0
364	0
365	0
366	0
367	0
368	0
369	1
370	0
371	0
372	0
373	0
374	0
375	1
376	1
377	0
378	0
379	1
380	0
381	0
382	0
383	1
384	1
385	0
386	0
387	0
388	0
389	0
390	2
391	1
392	0
393	0
394	0
395	0
396	0
397	1
398	0
399	1
400	0
401	0
402	1
403	1
404	1
405	1
406	1
407	0
408	0
409	0
410	0
411	0
412	0
413	1
414	2
415	0
416	0
417	0
418	0
419	3
420	0
421	0
422	0
423	2
424	1
425	0
426	2
427	0
428	2
429	0
430	0
431	0
432	2
433	0
434	1
435	0
436	0
437	1
438	0
439	1
440	0
441	0
442	1
443	2
444	0
445	0
446	0
447	2
448	0
449	1
450	0
451	0
452	0
453	1
454	0
455	0
456	0
457	0
458	0
459	0
460	1
461	0
462	0
463	0
464	0
465	0
466	1
467	1
468	0
469	0
470	0
471	0
472	0
473	0
474	0
475	0
476	0
477	0
478	0
479	0
480	0
481	0
482	0
483	0
484	0
485	0
486	0
487	0
488	1
489	0
490	0
491	0
492	0
493	1
494	0
495	0
496	0
497	0
498	0
499	0
500	0
501	0
502	0
503	0
504	1
505	0
506	0
507	0
508	0
509	0
510	0
511	0
512	0
513	0
514	0
515	0
516	0
517	0
518	0
519	0
520	1
521	0
522	0
523	0
524	0
525	0
526	0
527	0
528	0
529	0
530	0
531	0
532	0
533	0
534	0
535	0
536	0
537	0
538	0
539	0
540	0
541	0
542	0
543	0
544	0
545	0
546	0
547	0
548	0
549	0
550	0
551	0
552	0
553	0
554	1
555	0
556	0
557	0
558	0
559	0
560	0
561	0
562	0
563	0
564	0
565	0
566	0
567	0
568	0
569	0
570	0
571	0
572	0
573	0
574	0
575	0
576	0
577	0
578	0
579	0
580	0
581	0
582	0
583	0
584	0
585	0
586	0
587	0
588	0
589	0
590	0
591	0
592	0
593	0
594	0
595	0
596	0
597	0
598	0
599	0
600	0
601	0
602	0
603	0
604	0
605	0
606	0
607	0
608	0
609	0
610	0
611	0
612	0
613	0
614	1
615	0
616	0
617	0
618	0
619	0
620	0
621	0
622	0
623	0
624	0
625	1
626	0
627	0
628	0
629	1
630	0
631	0
632	0
633	0
634	0
635	0
636	0
637	0
638	0
639	0
640	0
641	0
642	0
643	0
644	0
645	0
646	0
647	0
648	1
649	0
650	0
651	0
652	0
653	0
654	0
655	0
656	0
657	0
658	0
659	0
660	0
661	0
662	1
663	0
664	0
665	0
666	0
667	0
668	0
669	1
670	0
671	0
672	0
673	0
674	0
675	0
676	0
677	0
678	0
679	0
680	0
681	0
682	0
683	0
684	0
685	0
686	0
687	0
688	0
689	0
690	0
691	0
692	0
693	0
694	0
695	0
696	0
697	0
698	0
699	0
700	0
701	0
702	0
703	0
704	0
705	0
706	0
707	0
708	1
709	0
710	0
711	0
712	0
713	0
714	0
715	0
716	0
717	0
718	0
719	0
720	0
721	0
722	0
723	0
724	0
725	0
726	0
727	0
728	0
729	0
730	0
731	0
732	0
733	0
734	0
735	0
736	0
737	0
738	0
739	0
740	0
741	0
742	0
743	0
744	0
745	0
746	0
747	0
748	0
749	0
750	0
751	1
752	0
753	0
754	0
755	0
756	0
757	0
758	0
759	0
760	0
761	0
762	0
763	0
764	0
765	0
766	0
767	0
768	0
769	0
770	0
771	0
772	0
773	0
774	0
775	0
776	0
777	0
778	0
779	0
780	0
781	0
782	0
783	0
784	1
785	0
786	0
787	0
788	0
789	0
790	0
791	0
792	0
793	0
794	0
795	0
796	0
797	0
798	0
799	0
800	0
801	0
802	0
803	0
804	0
805	0
806	0
807	0
808	0
809	0
810	0
811	0
812	0
813	0
814	0
815	1
816	0
817	0
818	0
819	1
820	0
821	0
822	0
823	0
824	0
825	0
826	1
827	0
828	0
829	1
830	0
831	0
832	0
833	0
834	0
835	0
836	0
837	0
838	0
839	0
840	0
841	0
842	0
843	0
844	0
845	0
846	0
847	0
848	0
849	0
850	0
851	0
852	0
853	0
854	0
855	0
856	0
857	0
858	0
859	0
860	0
861	0
862	0
863	0
864	0
865	0
866	0
867	0
868	0
869	0
870	0
871	0
872	0
873	0
874	0
875	0
876	0
877	0
878	0
879	0
880	0
881	0
882	0
883	0
884	0
885	0
886	0
887	0
888	0
889	0
890	0
891	0
892	0
893	0
894	0
895	0
896	0
897	0
898	0
899	0
900	0
901	0
902	0
903	0
904	0
905	0
906	0
907	0
908	0
909	0
910	0
911	0
912	0
913	0
914	0
915	0
916	0
917	0
918	0
919	0
920	0
921	0
922	0
923	0
924	0
925	0
926	0
927	0
928	0
929	0
930	0
931	0
932	0
933	0
934	0
935	0
936	0
937	0
938	0
939	0
940	0
941	0
942	0
943	0
944	0
945	0
946	0
947	0
948	0
949	0
950	0
951	0
952	0
953	0
954	0
955	0
956	0
957	0
958	0
959	0
960	0
961	0
962	0
963	0
964	0
965	0
966	0
967	0
968	0
969	0
970	0
971	0
972	0
973	0
974	0
975	0
976	0
977	0
978	0
979	0
980	0
981	0
982	0
983	0
984	0
985	0
986	0
987	0
988	0
989	0
990	0
991	0
992	0
993	0
994	0
995	0
996	0
997	0
998	0
999	0
1000	0
1001	0
1002	0
1003	0
1004	0
1005	0
1006	0
1007	0
1008	0
1009	0
1010	0
1011	0
1012	0
1013	0
1014	0
1015	0
1016	0
1017	0
1018	0
1019	0
1020	0
1021	0
1022	0
1023	0
