0	0
1	0
2	0
3	0
4	0
5	0
6	0
7	0
8	0
9	0
10	0
11	0
12	0
13	0
14	13
15	1122
16	1249
17	1167
18	847
19	574
20	334
21	260
22	147
23	137
24	105
25	105
26	100
27	96
28	102
29	85
30	93
31	116
32	95
33	95
34	98
35	104
36	109
37	124
38	71
39	117
40	98
41	102
42	100
43	98
44	100
45	96
46	108
47	100
48	100
49	107
50	90
51	91
52	107
53	110
54	98
55	118
56	121
57	154
58	157
59	181
60	143
61	141
62	174
63	181
64	168
65	190
66	166
67	179
68	175
69	169
70	139
71	140
72	130
73	142
74	145
75	124
76	121
77	127
78	99
79	119
80	120
81	117
82	130
83	98
84	107
85	107
86	105
87	92
88	94
89	76
90	100
91	80
92	77
93	89
94	75
95	93
96	86
97	82
98	80
99	84
100	87
101	77
102	67
103	62
104	69
105	61
106	83
107	68
108	63
109	71
110	63
111	61
112	73
113	62
114	64
115	51
116	61
117	52
118	61
119	47
120	57
121	58
122	53
123	42
124	71
125	54
126	58
127	36
128	64
129	59
130	51
131	49
132	49
133	41
134	45
135	70
136	60
137	48
138	53
139	70
140	52
141	47
142	47
143	67
144	53
145	53
146	61
147	46
148	36
149	45
150	51
151	46
152	29
153	45
154	35
155	46
156	32
157	32
158	34
159	37
160	25
161	25
162	24
163	26
164	26
165	31
166	23
167	20
168	29
169	33
170	23
171	30
172	31
173	29
174	39
175	45
176	45
177	53
178	55
179	69
180	87
181	109
182	115
183	149
184	177
185	200
186	241
187	297
188	315
189	436
190	431
191	518
192	601
193	710
194	793
195	813
196	969
197	1003
198	1128
199	1186
200	1251
201	1359
202	1332
203	1394
204	1430
205	1382
206	1468
207	1442
208	1464
209	1392
210	1404
211	1286
212	1243
213	1132
214	1142
215	1002
216	954
217	813
218	800
219	667
220	630
221	513
222	459
223	404
224	365
225	282
226	267
227	213
228	153
229	135
230	108
231	98
232	70
233	65
234	46
235	51
236	32
237	19
238	11
239	17
240	7
241	15
242	4
243	4
244	5
245	2
246	2
247	1
248	2
249	1
250	0
251	0
252	2
253	1
254	2
255	0
256	1
257	0
258	1
259	0
260	0
261	1
262	0
263	0
264	2
265	1
266	0
267	0
268	0
269	0
270	0
271	0
272	0
273	1
274	1
275	0
276	0
277	2
278	2
279	2
280	1
281	0
282	3
283	1
284	0
285	2
286	1
287	1
288	0
289	1
290	0
291	1
292	1
293	0
294	0
295	1
296	0
297	0
298	0
299	0
300	1
301	0
302	2
303	0
304	0
305	0
306	0
307	0
308	1
309	1
310	1
311	0
312	1
313	0
314	0
315	1
316	0
317	0
318	0
319	0
320	2
321	0
322	0
323	0
324	0
325	0
326	0
327	0
328	0
329	0
330	2
331	0
332	0
333	0
334	0
335	1
336	1
337	1
338	0
339	0
340	0
341	1
342	0
343	1
344	0
345	0
346	0
347	1
348	0
349	0
350	0
351	1
352	2
353	1
354	1
355	1
356	0
357	1
358	2
359	2
360	0
361	0
362	0
363	0
364	1
365	1
366	0
367	0
368	0
369	0
370	0
371	1
372	1
373	0
374	0
375	1
376	1
377	1
378	1
379	1
380	0
381	0
382	2
383	0
384	1
385	1
386	0
387	0
388	0
389	0
390	1
391	0
392	1
393	1
394	0
395	2
396	1
397	0
398	0
399	1
400	0
401	1
402	0
403	0
404	1
405	1
406	1
407	0
408	0
409	0
410	1
411	0
412	0
413	2
414	1
415	0
416	0
417	0
418	0
419	0
420	1
421	0
422	0
423	0
424	0
425	1
426	1
427	1
428	0
429	1
430	0
431	1
432	0
433	1
434	1
435	0
436	0
437	1
438	0
439	3
440	0
441	0
442	0
443	1
444	2
445	1
446	0
447	0
448	2
449	0
450	1
451	0
452	1
453	0
454	0
455	0
456	1
457	0
458	0
459	0
460	0
461	0
462	0
463	1
464	0
465	0
466	1
467	0
468	1
469	0
470	0
471	0
472	0
473	0
474	0
475	1
476	0
477	0
478	0
479	0
480	0
481	0
482	0
483	0
484	0
485	0
486	0
487	0
488	0
489	0
490	0
491	0
492	0
493	0
494	0
495	0
496	0
497	0
498	0
499	0
500	0
501	0
502	0
503	0
504	0
505	0
506	0
507	0
508	0
509	0
510	0
511	0
512	0
513	0
514	0
515	0
516	0
517	0
518	0
519	0
520	0
521	0
522	0
523	0
524	0
525	0
526	0
527	0
528	0
529	0
530	0
531	0
532	0
533	0
534	0
535	0
536	0
537	0
538	0
539	0
540	0
541	0
542	0
543	0
544	0
545	0
546	0
547	0
548	0
549	0
550	1
551	0
552	1
553	0
554	0
555	1
556	0
557	0
558	0
559	1
560	0
561	0
562	0
563	0
564	0
565	0
566	0
567	0
568	0
569	0
570	0
571	0
572	0
573	0
574	0
575	0
576	0
577	0
578	0
579	0
580	0
581	0
582	0
583	0
584	0
585	1
586	0
587	0
588	0
589	0
590	0
591	0
592	0
593	0
594	0
595	0
596	0
597	1
598	0
599	0
600	0
601	0
602	0
603	0
604	0
605	0
606	0
607	0
608	0
609	0
610	0
611	0
612	0
613	0
614	0
615	0
616	0
617	0
618	0
619	0
620	0
621	0
622	0
623	0
624	0
625	0
626	0
627	0
628	0
629	0
630	0
631	0
632	0
633	0
634	0
635	0
636	0
637	0
638	0
639	0
640	0
641	0
642	0
643	0
644	0
645	0
646	0
647	0
648	0
649	0
650	0
651	0
652	0
653	0
654	0
655	0
656	0
657	0
658	0
659	0
660	0
661	0
662	0
663	0
664	1
665	0
666	0
667	0
668	0
669	0
670	0
671	0
672	0
673	0
674	0
675	0
676	0
677	0
678	0
679	0
680	0
681	0
682	0
683	0
684	0
685	0
686	0
687	0
688	0
689	0
690	0
691	0
692	0
693	0
694	0
695	0
696	0
697	0
698	0
699	0
700	0
701	0
702	0
703	0
704	0
705	0
706	1
707	1
708	1
709	0
710	0
711	0
712	0
713	0
714	0
715	0
716	0
717	0
718	0
719	1
720	0
721	0
722	0
723	0
724	0
725	0
726	0
727	0
728	0
729	0
730	0
731	0
732	0
733	0
734	0
735	0
736	0
737	0
738	0
739	1
740	0
741	0
742	0
743	0
744	0
745	0
746	0
747	0
748	0
749	0
750	0
751	0
752	0
753	0
754	0
755	0
756	0
757	0
758	0
759	0
760	0
761	0
762	0
763	0
764	0
765	0
766	0
767	0
768	0
769	0
770	0
771	0
772	0
773	0
774	0
775	0
776	0
777	0
778	0
779	0
780	0
781	0
782	0
783	0
784	0
785	0
786	0
787	0
788	0
789	0
790	0
791	0
792	0
793	0
794	0
795	0
796	0
797	0
798	0
799	0
800	0
801	0
802	0
803	0
804	0
805	0
806	0
807	1
808	0
809	0
810	0
811	0
812	0
813	0
814	0
815	1
816	0
817	0
818	0
819	0
820	0
821	0
822	0
823	0
824	0
825	0
826	0
827	0
828	0
829	0
830	0
831	0
832	0
833	0
834	0
835	0
836	0
837	0
838	0
839	0
840	0
841	0
842	0
843	0
844	0
845	0
846	0
847	0
848	0
849	0
850	0
851	0
852	0
853	0
854	0
855	0
856	0
857	0
858	0
859	0
860	0
861	0
862	0
863	0
864	0
865	0
866	0
867	0
868	0
869	0
870	0
871	0
872	0
873	0
874	0
875	0
876	0
877	0
878	0
879	0
880	0
881	0
882	0
883	0
884	0
885	0
886	0
887	0
888	0
889	0
890	0
891	0
892	0
893	0
894	0
895	0
896	0
897	0
898	0
899	0
900	0
901	0
902	0
903	0
904	0
905	0
906	0
907	0
908	0
909	0
910	0
911	0
912	0
913	0
914	0
915	0
916	0
917	0
918	0
919	0
920	0
921	0
922	0
923	0
924	0
925	0
926	0
927	0
928	0
929	0
930	0
931	0
932	0
933	0
934	0
935	0
936	0
937	0
938	0
939	0
940	0
941	0
942	0
943	0
944	0
945	0
946	0
947	0
948	0
949	0
950	0
951	0
952	0
953	0
954	0
955	0
956	0
957	0
958	0
959	0
960	0
961	0
962	0
963	0
964	0
965	0
966	0
967	0
968	0
969	0
970	0
971	0
972	0
973	0
974	0
975	0
976	0
977	0
978	0
979	0
980	0
981	0
982	0
983	0
984	0
985	0
986	0
987	0
988	0
989	0
990	0
991	0
992	0
993	0
994	0
995	0
996	0
997	0
998	0
999	0
1000	0
1001	0
1002	0
1003	0
1004	0
1005	0
1006	0
1007	0
1008	0
1009	0
1010	0
1011	0
1012	0
1013	0
1014	0
1015	0
1016	0
1017	0
1018	0
1019	0
1020	0
1021	0
1022	0
1023	0
