0	0
1	0
2	0
3	0
4	0
5	0
6	0
7	0
8	0
9	0
10	0
11	0
12	0
13	0
14	292
15	11114
16	6242
17	2833
18	1100
19	419
20	124
21	69
22	42
23	35
24	54
25	60
26	85
27	118
28	192
29	253
30	349
31	363
32	436
33	442
34	441
35	430
36	371
37	286
38	210
39	164
40	114
41	61
42	28
43	23
44	13
45	13
46	3
47	6
48	7
49	8
50	6
51	7
52	6
53	8
54	6
55	2
56	5
57	3
58	4
59	13
60	5
61	6
62	13
63	6
64	7
65	5
66	9
67	3
68	5
69	5
70	1
71	3
72	7
73	4
74	2
75	1
76	5
77	10
78	6
79	3
80	5
81	4
82	4
83	5
84	4
85	4
86	2
87	0
88	0
89	4
90	4
91	3
92	5
93	4
94	1
95	5
96	1
97	7
98	6
99	3
100	4
101	2
102	5
103	4
104	4
105	2
106	5
107	5
108	4
109	3
110	2
111	5
112	3
113	5
114	1
115	3
116	4
117	1
118	3
119	0
120	1
121	1
122	3
123	0
124	6
125	1
126	1
127	4
128	3
129	1
130	2
131	3
132	0
133	4
134	2
135	0
136	0
137	3
138	1
139	2
140	3
141	2
142	4
143	2
144	3
145	2
146	1
147	5
148	2
149	2
150	2
151	1
152	0
153	2
154	4
155	0
156	2
157	3
158	0
159	3
160	2
161	3
162	6
163	0
164	1
165	2
166	1
167	1
168	0
169	3
170	2
171	2
172	2
173	0
174	3
175	3
176	0
177	0
178	2
179	2
180	3
181	1
182	1
183	0
184	3
185	1
186	5
187	0
188	2
189	2
190	1
191	3
192	3
193	2
194	0
195	3
196	1
197	5
198	0
199	2
200	1
201	1
202	2
203	5
204	1
205	1
206	2
207	1
208	1
209	4
210	4
211	2
212	2
213	2
214	0
215	0
216	1
217	0
218	1
219	1
220	2
221	2
222	2
223	2
224	1
225	0
226	2
227	2
228	1
229	1
230	1
231	1
232	0
233	3
234	1
235	0
236	2
237	2
238	0
239	0
240	0
241	2
242	1
243	0
244	1
245	0
246	1
247	1
248	2
249	0
250	0
251	1
252	0
253	2
254	1
255	0
256	0
257	1
258	2
259	1
260	1
261	1
262	2
263	2
264	0
265	2
266	0
267	3
268	0
269	1
270	0
271	0
272	1
273	3
274	1
275	0
276	2
277	0
278	1
279	0
280	1
281	1
282	6
283	0
284	1
285	0
286	1
287	2
288	1
289	1
290	0
291	1
292	3
293	1
294	1
295	1
296	1
297	0
298	0
299	2
300	1
301	2
302	0
303	1
304	0
305	2
306	1
307	1
308	0
309	0
310	2
311	2
312	1
313	0
314	2
315	0
316	0
317	0
318	0
319	0
320	0
321	0
322	2
323	0
324	0
325	1
326	0
327	0
328	0
329	0
330	0
331	0
332	0
333	0
334	0
335	1
336	0
337	4
338	0
339	0
340	2
341	1
342	0
343	0
344	0
345	0
346	1
347	0
348	0
349	0
350	0
351	0
352	0
353	1
354	0
355	0
356	0
357	1
358	0
359	0
360	1
361	1
362	1
363	0
364	0
365	2
366	0
367	1
368	0
369	0
370	2
371	0
372	1
373	1
374	0
375	0
376	0
377	0
378	1
379	0
380	1
381	0
382	1
383	1
384	0
385	0
386	1
387	1
388	1
389	0
390	0
391	0
392	0
393	0
394	0
395	0
396	0
397	0
398	2
399	1
400	0
401	0
402	0
403	0
404	0
405	2
406	1
407	0
408	0
409	0
410	0
411	0
412	0
413	1
414	3
415	1
416	0
417	0
418	0
419	3
420	0
421	1
422	2
423	3
424	0
425	2
426	3
427	4
428	0
429	0
430	3
431	4
432	2
433	4
434	1
435	2
436	2
437	0
438	1
439	5
440	1
441	3
442	4
443	5
444	2
445	1
446	1
447	2
448	0
449	5
450	3
451	1
452	3
453	2
454	1
455	3
456	1
457	0
458	1
459	0
460	1
461	2
462	1
463	1
464	3
465	0
466	0
467	0
468	2
469	0
470	1
471	1
472	0
473	1
474	0
475	0
476	1
477	0
478	0
479	1
480	1
481	0
482	0
483	0
484	0
485	0
486	1
487	0
488	0
489	0
490	0
491	2
492	0
493	0
494	0
495	0
496	1
497	0
498	1
499	0
500	0
501	0
502	0
503	0
504	0
505	0
506	0
507	0
508	0
509	0
510	0
511	0
512	0
513	0
514	0
515	0
516	0
517	1
518	1
519	0
520	0
521	2
522	0
523	1
524	1
525	1
526	0
527	0
528	0
529	0
530	0
531	0
532	0
533	0
534	0
535	0
536	2
537	0
538	0
539	0
540	1
541	0
542	0
543	0
544	2
545	0
546	0
547	0
548	0
549	0
550	0
551	0
552	0
553	0
554	0
555	0
556	0
557	0
558	0
559	0
560	0
561	0
562	0
563	0
564	0
565	1
566	0
567	0
568	1
569	0
570	0
571	0
572	0
573	0
574	0
575	0
576	1
577	0
578	0
579	0
580	0
581	0
582	0
583	1
584	0
585	0
586	0
587	0
588	0
589	0
590	0
591	0
592	1
593	0
594	0
595	0
596	0
597	0
598	0
599	0
600	0
601	0
602	0
603	0
604	0
605	0
606	0
607	0
608	0
609	0
610	0
611	0
612	0
613	0
614	0
615	0
616	1
617	0
618	1
619	1
620	0
621	0
622	0
623	0
624	0
625	0
626	0
627	0
628	0
629	0
630	1
631	0
632	0
633	0
634	0
635	1
636	0
637	0
638	1
639	0
640	0
641	0
642	0
643	0
644	0
645	0
646	0
647	0
648	0
649	0
650	0
651	0
652	0
653	1
654	0
655	0
656	0
657	0
658	1
659	0
660	0
661	0
662	0
663	0
664	0
665	0
666	0
667	0
668	0
669	1
670	1
671	0
672	0
673	0
674	0
675	0
676	0
677	0
678	0
679	0
680	0
681	0
682	0
683	0
684	0
685	0
686	0
687	0
688	1
689	0
690	0
691	0
692	0
693	0
694	0
695	0
696	0
697	0
698	0
699	0
700	0
701	0
702	0
703	0
704	0
705	0
706	0
707	0
708	0
709	0
710	0
711	0
712	0
713	0
714	0
715	0
716	0
717	0
718	0
719	0
720	0
721	0
722	0
723	0
724	0
725	0
726	0
727	0
728	1
729	0
730	0
731	1
732	0
733	0
734	0
735	0
736	0
737	0
738	0
739	0
740	0
741	0
742	0
743	0
744	0
745	0
746	0
747	1
748	0
749	0
750	0
751	0
752	0
753	0
754	0
755	0
756	0
757	1
758	0
759	0
760	0
761	0
762	0
763	0
764	0
765	0
766	0
767	1
768	0
769	0
770	0
771	0
772	0
773	1
774	1
775	0
776	0
777	0
778	0
779	0
780	0
781	0
782	0
783	0
784	1
785	0
786	0
787	0
788	0
789	0
790	1
791	0
792	0
793	0
794	0
795	0
796	0
797	1
798	0
799	0
800	0
801	0
802	0
803	0
804	0
805	0
806	0
807	0
808	0
809	0
810	0
811	0
812	0
813	0
814	1
815	2
816	0
817	1
818	0
819	0
820	0
821	0
822	0
823	0
824	0
825	0
826	0
827	1
828	0
829	0
830	0
831	0
832	1
833	0
834	0
835	0
836	0
837	0
838	0
839	0
840	0
841	0
842	0
843	0
844	0
845	0
846	0
847	0
848	0
849	0
850	0
851	0
852	0
853	0
854	0
855	0
856	0
857	0
858	0
859	0
860	0
861	0
862	0
863	0
864	0
865	0
866	1
867	0
868	0
869	0
870	0
871	0
872	0
873	0
874	0
875	0
876	0
877	0
878	0
879	0
880	0
881	0
882	0
883	0
884	0
885	0
886	0
887	0
888	0
889	0
890	0
891	0
892	0
893	0
894	0
895	0
896	0
897	0
898	0
899	0
900	0
901	0
902	0
903	0
904	0
905	0
906	0
907	0
908	0
909	0
910	0
911	0
912	0
913	0
914	0
915	0
916	0
917	0
918	0
919	0
920	0
921	0
922	0
923	0
924	0
925	0
926	0
927	0
928	0
929	0
930	0
931	0
932	0
933	0
934	0
935	0
936	0
937	0
938	0
939	1
940	0
941	0
942	0
943	0
944	0
945	0
946	0
947	0
948	0
949	0
950	1
951	0
952	0
953	0
954	0
955	0
956	1
957	0
958	0
959	0
960	0
961	0
962	0
963	0
964	0
965	0
966	0
967	0
968	0
969	0
970	0
971	0
972	0
973	0
974	0
975	0
976	0
977	0
978	0
979	0
980	0
981	0
982	0
983	0
984	0
985	0
986	0
987	0
988	0
989	0
990	0
991	0
992	0
993	0
994	0
995	0
996	0
997	0
998	0
999	0
1000	0
1001	0
1002	1
1003	0
1004	0
1005	0
1006	0
1007	0
1008	0
1009	0
1010	0
1011	0
1012	0
1013	0
1014	0
1015	0
1016	0
1017	0
1018	0
1019	0
1020	0
1021	0
1022	0
1023	0
