0	0
1	0
2	0
3	0
4	0
5	0
6	0
7	0
8	0
9	0
10	0
11	0
12	0
13	0
14	135
15	11040
16	6531
17	2723
18	1076
19	406
20	165
21	70
22	54
23	40
24	41
25	53
26	87
27	105
28	169
29	239
30	324
31	402
32	405
33	492
34	485
35	428
36	326
37	290
38	200
39	124
40	118
41	69
42	45
43	24
44	11
45	5
46	9
47	7
48	6
49	8
50	4
51	6
52	4
53	7
54	7
55	2
56	6
57	9
58	6
59	10
60	3
61	2
62	7
63	7
64	9
65	3
66	6
67	7
68	9
69	5
70	5
71	4
72	6
73	6
74	7
75	8
76	9
77	7
78	1
79	4
80	4
81	8
82	3
83	4
84	2
85	6
86	4
87	3
88	2
89	7
90	2
91	5
92	3
93	2
94	5
95	5
96	1
97	4
98	4
99	6
100	3
101	3
102	0
103	2
104	3
105	2
106	4
107	3
108	1
109	4
110	5
111	3
112	2
113	2
114	1
115	1
116	1
117	3
118	2
119	4
120	9
121	0
122	6
123	2
124	3
125	2
126	2
127	5
128	3
129	3
130	3
131	1
132	1
133	1
134	4
135	1
136	0
137	4
138	5
139	2
140	2
141	2
142	1
143	2
144	1
145	1
146	6
147	2
148	2
149	1
150	2
151	5
152	2
153	4
154	3
155	8
156	3
157	4
158	4
159	1
160	4
161	2
162	2
163	6
164	0
165	0
166	2
167	2
168	3
169	2
170	2
171	2
172	3
173	2
174	3
175	1
176	1
177	0
178	1
179	2
180	2
181	1
182	2
183	6
184	0
185	1
186	1
187	3
188	3
189	4
190	1
191	1
192	4
193	1
194	4
195	2
196	0
197	2
198	0
199	2
200	4
201	1
202	1
203	0
204	2
205	0
206	1
207	0
208	2
209	2
210	1
211	2
212	3
213	0
214	1
215	4
216	0
217	2
218	1
219	2
220	2
221	1
222	0
223	2
224	1
225	0
226	1
227	1
228	1
229	1
230	1
231	2
232	0
233	2
234	2
235	1
236	2
237	3
238	1
239	1
240	1
241	2
242	2
243	0
244	1
245	1
246	0
247	0
248	2
249	1
250	0
251	0
252	0
253	1
254	2
255	0
256	1
257	1
258	1
259	1
260	1
261	0
262	0
263	0
264	0
265	3
266	1
267	0
268	2
269	1
270	1
271	0
272	2
273	1
274	1
275	1
276	1
277	1
278	1
279	1
280	2
281	2
282	1
283	5
284	2
285	0
286	1
287	0
288	0
289	1
290	2
291	2
292	1
293	1
294	1
295	1
296	1
297	0
298	0
299	0
300	0
301	1
302	2
303	1
304	1
305	0
306	0
307	1
308	1
309	1
310	1
311	1
312	0
313	1
314	1
315	1
316	0
317	2
318	0
319	0
320	1
321	1
322	0
323	0
324	2
325	1
326	2
327	0
328	1
329	1
330	0
331	1
332	0
333	0
334	0
335	1
336	1
337	1
338	0
339	0
340	0
341	3
342	1
343	0
344	0
345	1
346	1
347	1
348	0
349	2
350	0
351	1
352	0
353	0
354	0
355	0
356	2
357	0
358	0
359	1
360	1
361	1
362	0
363	0
364	2
365	2
366	0
367	0
368	1
369	1
370	0
371	1
372	2
373	0
374	0
375	0
376	0
377	0
378	0
379	0
380	0
381	2
382	1
383	1
384	0
385	0
386	0
387	0
388	0
389	0
390	0
391	0
392	0
393	0
394	0
395	0
396	1
397	0
398	0
399	0
400	0
401	1
402	2
403	1
404	0
405	0
406	2
407	0
408	0
409	0
410	0
411	0
412	1
413	0
414	1
415	0
416	3
417	0
418	0
419	1
420	0
421	0
422	0
423	1
424	4
425	1
426	2
427	4
428	4
429	1
430	2
431	2
432	3
433	3
434	0
435	0
436	3
437	3
438	1
439	1
440	3
441	3
442	5
443	1
444	0
445	3
446	1
447	2
448	2
449	0
450	0
451	1
452	1
453	0
454	0
455	2
456	2
457	1
458	1
459	1
460	2
461	0
462	3
463	1
464	2
465	1
466	1
467	0
468	2
469	1
470	0
471	0
472	1
473	0
474	1
475	1
476	1
477	1
478	0
479	0
480	0
481	0
482	0
483	0
484	0
485	0
486	0
487	0
488	2
489	0
490	2
491	0
492	0
493	1
494	0
495	0
496	2
497	0
498	0
499	0
500	0
501	1
502	0
503	0
504	0
505	1
506	0
507	0
508	0
509	0
510	1
511	0
512	2
513	0
514	2
515	0
516	1
517	1
518	1
519	0
520	0
521	1
522	1
523	0
524	0
525	0
526	0
527	0
528	1
529	1
530	0
531	0
532	0
533	0
534	0
535	0
536	0
537	1
538	0
539	0
540	0
541	0
542	1
543	0
544	1
545	0
546	0
547	0
548	0
549	0
550	0
551	0
552	0
553	0
554	0
555	0
556	0
557	0
558	0
559	0
560	0
561	0
562	0
563	0
564	0
565	0
566	0
567	0
568	0
569	0
570	0
571	0
572	0
573	0
574	0
575	0
576	0
577	1
578	0
579	0
580	0
581	0
582	0
583	0
584	1
585	0
586	0
587	0
588	0
589	0
590	0
591	0
592	0
593	0
594	1
595	0
596	1
597	0
598	0
599	0
600	0
601	0
602	0
603	0
604	2
605	0
606	0
607	0
608	0
609	0
610	1
611	0
612	0
613	0
614	0
615	0
616	0
617	0
618	0
619	0
620	0
621	0
622	1
623	0
624	0
625	0
626	0
627	0
628	0
629	0
630	0
631	0
632	0
633	0
634	0
635	0
636	0
637	1
638	0
639	0
640	0
641	0
642	0
643	0
644	0
645	0
646	0
647	0
648	0
649	0
650	0
651	1
652	0
653	0
654	0
655	0
656	0
657	0
658	0
659	0
660	0
661	0
662	0
663	0
664	0
665	0
666	0
667	0
668	0
669	1
670	0
671	0
672	0
673	0
674	0
675	0
676	0
677	0
678	0
679	0
680	0
681	1
682	0
683	0
684	1
685	0
686	0
687	0
688	1
689	0
690	0
691	0
692	0
693	0
694	0
695	0
696	0
697	0
698	0
699	0
700	0
701	0
702	0
703	0
704	0
705	0
706	0
707	0
708	0
709	0
710	0
711	0
712	0
713	0
714	0
715	0
716	0
717	1
718	0
719	0
720	0
721	0
722	0
723	0
724	0
725	1
726	1
727	0
728	0
729	0
730	0
731	0
732	0
733	0
734	0
735	0
736	0
737	0
738	0
739	0
740	0
741	0
742	0
743	0
744	0
745	0
746	0
747	0
748	1
749	0
750	0
751	0
752	0
753	0
754	2
755	0
756	0
757	0
758	0
759	0
760	0
761	0
762	0
763	0
764	0
765	1
766	0
767	0
768	0
769	0
770	0
771	1
772	0
773	0
774	0
775	0
776	0
777	0
778	1
779	0
780	1
781	0
782	0
783	0
784	1
785	0
786	0
787	0
788	0
789	0
790	0
791	0
792	0
793	0
794	0
795	0
796	1
797	1
798	0
799	0
800	0
801	1
802	0
803	0
804	0
805	0
806	0
807	0
808	0
809	0
810	1
811	0
812	1
813	0
814	0
815	0
816	0
817	0
818	1
819	0
820	0
821	0
822	0
823	0
824	0
825	0
826	0
827	1
828	0
829	0
830	0
831	0
832	0
833	0
834	0
835	0
836	0
837	0
838	0
839	0
840	0
841	0
842	0
843	0
844	0
845	0
846	0
847	0
848	0
849	0
850	0
851	0
852	0
853	0
854	0
855	0
856	0
857	0
858	0
859	0
860	0
861	0
862	0
863	0
864	0
865	0
866	0
867	0
868	0
869	0
870	0
871	0
872	0
873	0
874	0
875	0
876	0
877	0
878	0
879	0
880	0
881	1
882	0
883	0
884	0
885	0
886	0
887	0
888	0
889	0
890	0
891	0
892	0
893	0
894	0
895	0
896	0
897	0
898	0
899	0
900	0
901	0
902	0
903	0
904	0
905	0
906	0
907	0
908	0
909	0
910	0
911	0
912	0
913	0
914	0
915	0
916	0
917	0
918	0
919	0
920	0
921	0
922	0
923	0
924	0
925	0
926	0
927	0
928	0
929	0
930	0
931	0
932	0
933	0
934	0
935	0
936	0
937	0
938	0
939	0
940	0
941	0
942	0
943	0
944	0
945	0
946	0
947	0
948	0
949	0
950	0
951	0
952	0
953	0
954	0
955	0
956	0
957	0
958	0
959	0
960	0
961	0
962	0
963	0
964	0
965	0
966	0
967	0
968	0
969	0
970	0
971	0
972	0
973	0
974	0
975	0
976	0
977	0
978	0
979	0
980	0
981	0
982	0
983	0
984	0
985	0
986	0
987	0
988	1
989	0
990	0
991	0
992	0
993	0
994	0
995	0
996	0
997	0
998	0
999	0
1000	0
1001	0
1002	0
1003	0
1004	0
1005	0
1006	0
1007	0
1008	0
1009	0
1010	0
1011	0
1012	0
1013	0
1014	0
1015	0
1016	0
1017	0
1018	0
1019	0
1020	0
1021	0
1022	0
1023	0
