0	0
1	0
2	0
3	0
4	0
5	0
6	0
7	0
8	0
9	0
10	0
11	0
12	0
13	0
14	229
15	11653
16	6877
17	3073
18	1114
19	412
20	133
21	52
22	47
23	46
24	36
25	57
26	96
27	117
28	166
29	245
30	324
31	373
32	452
33	484
34	440
35	370
36	375
37	289
38	210
39	137
40	92
41	68
42	39
43	28
44	14
45	11
46	11
47	5
48	5
49	6
50	5
51	10
52	4
53	9
54	4
55	5
56	4
57	3
58	9
59	6
60	4
61	2
62	5
63	9
64	6
65	3
66	4
67	5
68	4
69	5
70	5
71	3
72	4
73	3
74	5
75	3
76	4
77	4
78	7
79	6
80	7
81	9
82	5
83	4
84	2
85	2
86	4
87	5
88	7
89	1
90	4
91	3
92	2
93	4
94	1
95	3
96	4
97	4
98	4
99	2
100	3
101	2
102	2
103	1
104	4
105	3
106	6
107	2
108	3
109	5
110	2
111	2
112	2
113	3
114	0
115	1
116	5
117	1
118	2
119	1
120	5
121	4
122	0
123	3
124	3
125	3
126	3
127	2
128	1
129	3
130	2
131	2
132	3
133	3
134	1
135	2
136	5
137	0
138	2
139	1
140	5
141	3
142	4
143	2
144	1
145	2
146	3
147	2
148	3
149	1
150	4
151	2
152	3
153	2
154	2
155	5
156	1
157	0
158	3
159	1
160	7
161	0
162	3
163	2
164	1
165	2
166	3
167	3
168	1
169	2
170	1
171	3
172	0
173	3
174	4
175	1
176	3
177	0
178	2
179	3
180	2
181	2
182	3
183	2
184	3
185	1
186	5
187	2
188	2
189	0
190	1
191	2
192	1
193	0
194	2
195	2
196	4
197	2
198	1
199	3
200	1
201	1
202	3
203	0
204	3
205	5
206	2
207	1
208	1
209	5
210	1
211	0
212	0
213	1
214	1
215	3
216	2
217	0
218	2
219	1
220	0
221	1
222	1
223	1
224	2
225	0
226	1
227	2
228	1
229	1
230	0
231	2
232	1
233	0
234	1
235	0
236	1
237	0
238	0
239	2
240	0
241	3
242	2
243	0
244	0
245	0
246	0
247	0
248	1
249	2
250	1
251	1
252	1
253	0
254	4
255	3
256	1
257	1
258	1
259	1
260	1
261	1
262	0
263	0
264	1
265	1
266	1
267	0
268	0
269	2
270	1
271	0
272	1
273	0
274	2
275	0
276	3
277	1
278	1
279	0
280	0
281	0
282	0
283	3
284	0
285	1
286	1
287	1
288	0
289	0
290	2
291	2
292	1
293	0
294	1
295	1
296	0
297	0
298	0
299	2
300	0
301	2
302	1
303	0
304	0
305	0
306	3
307	0
308	1
309	0
310	2
311	2
312	1
313	0
314	0
315	0
316	0
317	1
318	0
319	0
320	0
321	0
322	0
323	1
324	0
325	0
326	0
327	1
328	1
329	1
330	0
331	1
332	1
333	1
334	1
335	0
336	0
337	0
338	0
339	1
340	2
341	1
342	1
343	0
344	1
345	2
346	0
347	0
348	1
349	0
350	1
351	1
352	0
353	0
354	2
355	0
356	2
357	0
358	0
359	0
360	1
361	0
362	0
363	1
364	1
365	0
366	0
367	0
368	0
369	0
370	2
371	0
372	1
373	0
374	1
375	1
376	1
377	0
378	0
379	0
380	0
381	0
382	0
383	0
384	1
385	0
386	0
387	0
388	0
389	0
390	0
391	0
392	1
393	0
394	2
395	1
396	2
397	1
398	0
399	2
400	0
401	0
402	1
403	1
404	0
405	1
406	3
407	0
408	1
409	1
410	1
411	1
412	0
413	1
414	1
415	0
416	1
417	0
418	0
419	2
420	2
421	1
422	0
423	0
424	2
425	1
426	1
427	1
428	0
429	3
430	0
431	2
432	2
433	3
434	0
435	3
436	2
437	1
438	2
439	0
440	3
441	1
442	2
443	3
444	3
445	1
446	2
447	4
448	2
449	3
450	2
451	0
452	3
453	2
454	1
455	1
456	1
457	0
458	1
459	3
460	0
461	1
462	1
463	1
464	1
465	1
466	0
467	1
468	1
469	1
470	1
471	2
472	0
473	0
474	1
475	0
476	1
477	0
478	0
479	0
480	1
481	0
482	0
483	1
484	0
485	0
486	1
487	1
488	0
489	0
490	2
491	0
492	0
493	0
494	1
495	0
496	0
497	1
498	1
499	0
500	0
501	1
502	0
503	0
504	0
505	0
506	0
507	0
508	0
509	0
510	0
511	0
512	0
513	0
514	1
515	0
516	0
517	0
518	0
519	1
520	0
521	0
522	0
523	0
524	0
525	0
526	1
527	0
528	0
529	1
530	0
531	0
532	0
533	0
534	1
535	0
536	0
537	0
538	0
539	1
540	0
541	0
542	1
543	0
544	0
545	0
546	0
547	0
548	0
549	1
550	0
551	0
552	0
553	0
554	0
555	0
556	0
557	0
558	1
559	0
560	0
561	0
562	0
563	0
564	0
565	0
566	0
567	0
568	0
569	0
570	0
571	0
572	0
573	0
574	0
575	0
576	0
577	0
578	0
579	0
580	0
581	0
582	0
583	0
584	1
585	0
586	0
587	0
588	1
589	0
590	0
591	0
592	0
593	0
594	0
595	1
596	0
597	0
598	1
599	0
600	0
601	0
602	0
603	0
604	0
605	0
606	0
607	0
608	0
609	0
610	0
611	0
612	0
613	1
614	0
615	0
616	0
617	0
618	0
619	0
620	0
621	0
622	0
623	1
624	0
625	0
626	1
627	0
628	0
629	0
630	0
631	0
632	0
633	0
634	0
635	1
636	0
637	0
638	0
639	1
640	0
641	0
642	0
643	1
644	0
645	0
646	0
647	0
648	0
649	0
650	0
651	1
652	0
653	0
654	1
655	0
656	0
657	1
658	0
659	0
660	0
661	0
662	0
663	0
664	0
665	0
666	0
667	0
668	0
669	0
670	0
671	0
672	0
673	0
674	0
675	0
676	0
677	0
678	0
679	0
680	0
681	0
682	0
683	0
684	0
685	0
686	0
687	0
688	0
689	0
690	0
691	0
692	0
693	0
694	0
695	0
696	0
697	0
698	0
699	0
700	0
701	0
702	0
703	1
704	0
705	0
706	0
707	0
708	0
709	0
710	0
711	0
712	1
713	0
714	0
715	0
716	1
717	0
718	0
719	1
720	0
721	0
722	0
723	1
724	0
725	0
726	0
727	0
728	0
729	0
730	0
731	0
732	0
733	0
734	0
735	1
736	0
737	0
738	0
739	0
740	0
741	0
742	0
743	0
744	0
745	0
746	0
747	0
748	0
749	0
750	0
751	0
752	0
753	0
754	0
755	0
756	0
757	0
758	0
759	0
760	0
761	0
762	0
763	0
764	0
765	0
766	0
767	0
768	1
769	0
770	0
771	1
772	0
773	0
774	0
775	0
776	0
777	2
778	0
779	0
780	0
781	1
782	0
783	0
784	0
785	0
786	1
787	0
788	1
789	0
790	0
791	1
792	0
793	0
794	0
795	0
796	1
797	0
798	0
799	0
800	0
801	0
802	0
803	0
804	0
805	0
806	0
807	0
808	1
809	0
810	0
811	0
812	0
813	0
814	0
815	0
816	0
817	0
818	0
819	0
820	0
821	0
822	0
823	0
824	1
825	0
826	0
827	0
828	0
829	0
830	0
831	0
832	0
833	0
834	0
835	0
836	0
837	0
838	0
839	0
840	0
841	0
842	0
843	0
844	0
845	0
846	0
847	0
848	0
849	0
850	1
851	1
852	0
853	0
854	0
855	0
856	0
857	0
858	0
859	0
860	0
861	0
862	0
863	0
864	0
865	0
866	0
867	0
868	0
869	0
870	0
871	0
872	0
873	0
874	0
875	0
876	0
877	0
878	0
879	0
880	0
881	0
882	0
883	0
884	0
885	1
886	0
887	0
888	0
889	0
890	0
891	0
892	0
893	0
894	0
895	0
896	0
897	0
898	0
899	0
900	0
901	0
902	0
903	0
904	0
905	0
906	0
907	0
908	0
909	0
910	0
911	0
912	0
913	0
914	0
915	0
916	0
917	0
918	0
919	0
920	0
921	0
922	0
923	0
924	0
925	0
926	0
927	0
928	0
929	0
930	0
931	0
932	0
933	0
934	0
935	0
936	0
937	0
938	0
939	0
940	0
941	0
942	0
943	0
944	0
945	0
946	0
947	0
948	0
949	0
950	0
951	0
952	0
953	0
954	0
955	0
956	0
957	0
958	0
959	0
960	0
961	0
962	0
963	0
964	0
965	0
966	0
967	0
968	0
969	0
970	0
971	0
972	0
973	0
974	0
975	0
976	0
977	0
978	0
979	0
980	0
981	0
982	0
983	0
984	0
985	0
986	1
987	0
988	0
989	0
990	0
991	0
992	0
993	0
994	0
995	0
996	0
997	0
998	0
999	0
1000	0
1001	0
1002	0
1003	0
1004	0
1005	0
1006	0
1007	0
1008	0
1009	0
1010	0
1011	0
1012	0
1013	0
1014	0
1015	0
1016	0
1017	0
1018	0
1019	0
1020	0
1021	0
1022	0
1023	0
