0	0
1	0
2	0
3	0
4	0
5	0
6	0
7	0
8	0
9	0
10	0
11	0
12	0
13	0
14	212
15	11219
16	6509
17	2892
18	1079
19	414
20	133
21	57
22	28
23	46
24	47
25	59
26	74
27	133
28	167
29	266
30	298
31	376
32	412
33	498
34	442
35	404
36	356
37	278
38	186
39	152
40	121
41	61
42	45
43	40
44	21
45	13
46	5
47	6
48	5
49	7
50	5
51	13
52	6
53	6
54	6
55	5
56	1
57	8
58	3
59	4
60	7
61	3
62	2
63	4
64	2
65	5
66	6
67	6
68	3
69	5
70	5
71	3
72	3
73	7
74	3
75	7
76	7
77	7
78	3
79	1
80	9
81	4
82	5
83	6
84	4
85	3
86	2
87	2
88	3
89	3
90	3
91	7
92	3
93	7
94	5
95	6
96	2
97	5
98	5
99	3
100	1
101	2
102	3
103	1
104	3
105	3
106	3
107	0
108	2
109	2
110	4
111	5
112	2
113	2
114	5
115	3
116	1
117	2
118	2
119	4
120	1
121	0
122	1
123	2
124	1
125	0
126	5
127	4
128	1
129	1
130	2
131	0
132	2
133	5
134	2
135	2
136	2
137	3
138	1
139	1
140	0
141	5
142	2
143	0
144	1
145	1
146	1
147	4
148	0
149	0
150	2
151	1
152	3
153	3
154	3
155	5
156	2
157	2
158	7
159	4
160	5
161	2
162	3
163	5
164	4
165	3
166	3
167	6
168	1
169	1
170	2
171	3
172	5
173	1
174	0
175	1
176	2
177	4
178	1
179	3
180	2
181	2
182	4
183	1
184	3
185	5
186	4
187	2
188	0
189	2
190	2
191	1
192	2
193	3
194	0
195	1
196	1
197	4
198	3
199	2
200	1
201	0
202	2
203	1
204	1
205	1
206	1
207	2
208	2
209	2
210	1
211	0
212	2
213	3
214	3
215	0
216	3
217	2
218	2
219	1
220	0
221	3
222	1
223	1
224	0
225	2
226	2
227	1
228	1
229	1
230	3
231	1
232	0
233	0
234	0
235	0
236	0
237	2
238	0
239	2
240	1
241	0
242	3
243	2
244	1
245	2
246	0
247	0
248	1
249	1
250	1
251	2
252	1
253	2
254	2
255	1
256	2
257	2
258	1
259	1
260	3
261	1
262	3
263	1
264	3
265	2
266	0
267	3
268	2
269	2
270	2
271	1
272	0
273	2
274	0
275	1
276	2
277	1
278	1
279	0
280	0
281	3
282	2
283	0
284	1
285	1
286	1
287	1
288	0
289	2
290	2
291	0
292	1
293	0
294	4
295	0
296	1
297	2
298	0
299	0
300	0
301	1
302	1
303	3
304	1
305	2
306	2
307	0
308	0
309	2
310	1
311	2
312	0
313	0
314	0
315	0
316	1
317	0
318	2
319	1
320	1
321	0
322	1
323	3
324	0
325	0
326	0
327	0
328	0
329	0
330	0
331	2
332	0
333	0
334	0
335	1
336	2
337	0
338	0
339	0
340	0
341	1
342	0
343	0
344	1
345	0
346	2
347	0
348	0
349	2
350	0
351	1
352	0
353	1
354	0
355	1
356	0
357	0
358	1
359	0
360	0
361	0
362	0
363	1
364	1
365	1
366	0
367	1
368	0
369	1
370	0
371	0
372	0
373	0
374	0
375	0
376	0
377	0
378	1
379	1
380	0
381	0
382	0
383	0
384	0
385	0
386	1
387	0
388	0
389	0
390	0
391	1
392	0
393	0
394	1
395	2
396	0
397	0
398	0
399	0
400	0
401	1
402	1
403	1
404	1
405	0
406	0
407	0
408	0
409	0
410	0
411	0
412	1
413	0
414	0
415	0
416	0
417	1
418	0
419	0
420	1
421	0
422	2
423	3
424	0
425	3
426	2
427	3
428	3
429	2
430	2
431	0
432	1
433	3
434	3
435	3
436	2
437	1
438	3
439	4
440	2
441	3
442	0
443	3
444	3
445	2
446	5
447	3
448	4
449	4
450	2
451	1
452	2
453	2
454	1
455	2
456	2
457	1
458	2
459	2
460	1
461	1
462	1
463	1
464	1
465	1
466	0
467	0
468	1
469	2
470	0
471	2
472	0
473	0
474	2
475	1
476	1
477	0
478	0
479	0
480	0
481	1
482	0
483	0
484	1
485	0
486	0
487	0
488	0
489	1
490	0
491	2
492	0
493	0
494	1
495	1
496	0
497	1
498	1
499	1
500	0
501	0
502	0
503	0
504	0
505	0
506	0
507	1
508	0
509	1
510	0
511	0
512	0
513	1
514	0
515	0
516	0
517	1
518	0
519	0
520	0
521	1
522	0
523	0
524	0
525	0
526	1
527	0
528	0
529	2
530	0
531	0
532	0
533	0
534	0
535	0
536	0
537	1
538	0
539	0
540	0
541	0
542	1
543	0
544	0
545	1
546	1
547	0
548	1
549	0
550	0
551	0
552	0
553	0
554	0
555	0
556	0
557	1
558	0
559	0
560	0
561	2
562	0
563	0
564	0
565	0
566	0
567	1
568	0
569	0
570	0
571	1
572	2
573	0
574	1
575	0
576	0
577	0
578	1
579	0
580	0
581	0
582	0
583	0
584	0
585	0
586	0
587	0
588	0
589	0
590	0
591	0
592	0
593	0
594	0
595	0
596	0
597	0
598	1
599	0
600	0
601	0
602	1
603	0
604	0
605	0
606	0
607	0
608	1
609	0
610	1
611	0
612	0
613	0
614	0
615	0
616	0
617	0
618	0
619	0
620	0
621	2
622	0
623	0
624	0
625	0
626	1
627	0
628	0
629	0
630	0
631	0
632	0
633	0
634	0
635	0
636	0
637	1
638	0
639	0
640	0
641	0
642	1
643	0
644	1
645	0
646	0
647	0
648	0
649	0
650	1
651	1
652	0
653	0
654	0
655	0
656	0
657	0
658	0
659	0
660	0
661	0
662	0
663	0
664	0
665	0
666	0
667	0
668	0
669	0
670	0
671	0
672	0
673	0
674	1
675	0
676	0
677	1
678	1
679	0
680	0
681	0
682	0
683	0
684	0
685	0
686	0
687	0
688	1
689	0
690	0
691	0
692	0
693	0
694	0
695	0
696	1
697	0
698	0
699	0
700	0
701	0
702	0
703	1
704	0
705	0
706	1
707	1
708	0
709	0
710	0
711	0
712	0
713	1
714	0
715	0
716	0
717	0
718	0
719	0
720	0
721	0
722	0
723	1
724	0
725	0
726	0
727	0
728	0
729	0
730	0
731	0
732	0
733	0
734	0
735	0
736	0
737	0
738	0
739	0
740	0
741	0
742	0
743	0
744	0
745	1
746	0
747	0
748	0
749	0
750	1
751	0
752	0
753	0
754	0
755	0
756	0
757	0
758	0
759	0
760	0
761	0
762	0
763	0
764	0
765	0
766	0
767	0
768	1
769	1
770	0
771	1
772	0
773	0
774	0
775	0
776	0
777	0
778	0
779	0
780	0
781	0
782	0
783	0
784	0
785	0
786	1
787	0
788	1
789	0
790	0
791	0
792	1
793	0
794	0
795	0
796	0
797	0
798	0
799	0
800	0
801	0
802	0
803	0
804	0
805	0
806	0
807	0
808	1
809	0
810	0
811	0
812	0
813	0
814	0
815	0
816	1
817	0
818	0
819	0
820	0
821	1
822	0
823	0
824	0
825	0
826	0
827	0
828	1
829	0
830	0
831	0
832	0
833	0
834	0
835	0
836	0
837	0
838	0
839	0
840	0
841	0
842	0
843	0
844	0
845	0
846	0
847	0
848	0
849	0
850	0
851	0
852	0
853	0
854	0
855	0
856	0
857	0
858	0
859	0
860	0
861	0
862	0
863	0
864	0
865	0
866	0
867	0
868	0
869	0
870	0
871	0
872	0
873	0
874	0
875	0
876	0
877	0
878	0
879	0
880	0
881	0
882	0
883	0
884	0
885	0
886	0
887	0
888	0
889	0
890	0
891	0
892	0
893	0
894	0
895	0
896	0
897	0
898	0
899	0
900	0
901	0
902	0
903	0
904	0
905	0
906	0
907	0
908	0
909	0
910	0
911	0
912	0
913	0
914	0
915	0
916	0
917	0
918	0
919	0
920	0
921	0
922	0
923	0
924	0
925	0
926	0
927	0
928	0
929	0
930	0
931	0
932	0
933	0
934	0
935	0
936	0
937	0
938	0
939	0
940	0
941	0
942	0
943	0
944	0
945	0
946	0
947	0
948	0
949	0
950	0
951	0
952	0
953	0
954	0
955	0
956	0
957	0
958	0
959	0
960	0
961	0
962	0
963	0
964	0
965	0
966	0
967	1
968	0
969	0
970	0
971	0
972	0
973	0
974	0
975	0
976	0
977	0
978	0
979	0
980	0
981	0
982	0
983	0
984	0
985	0
986	0
987	0
988	0
989	0
990	0
991	0
992	0
993	0
994	0
995	0
996	0
997	0
998	0
999	0
1000	0
1001	0
1002	0
1003	0
1004	0
1005	0
1006	0
1007	0
1008	0
1009	0
1010	0
1011	0
1012	0
1013	0
1014	0
1015	0
1016	0
1017	0
1018	0
1019	0
1020	0
1021	0
1022	0
1023	0
