0	0
1	0
2	0
3	0
4	0
5	0
6	1
7	0
8	0
9	0
10	0
11	0
12	0
13	0
14	122
15	10576
16	6028
17	2627
18	983
19	333
20	131
21	66
22	30
23	36
24	48
25	63
26	106
27	161
28	191
29	268
30	362
31	431
32	443
33	471
34	464
35	400
36	319
37	223
38	160
39	121
40	92
41	63
42	36
43	26
44	11
45	11
46	12
47	6
48	3
49	4
50	6
51	6
52	5
53	4
54	6
55	1
56	2
57	5
58	4
59	6
60	14
61	8
62	7
63	4
64	6
65	4
66	6
67	5
68	4
69	7
70	5
71	4
72	3
73	1
74	4
75	4
76	3
77	1
78	3
79	4
80	5
81	4
82	3
83	3
84	2
85	5
86	4
87	1
88	4
89	6
90	4
91	4
92	9
93	1
94	2
95	4
96	4
97	2
98	5
99	4
100	5
101	11
102	1
103	1
104	3
105	1
106	3
107	3
108	4
109	4
110	5
111	5
112	1
113	2
114	0
115	0
116	2
117	2
118	3
119	4
120	2
121	2
122	0
123	3
124	3
125	0
126	2
127	2
128	1
129	2
130	4
131	7
132	4
133	4
134	2
135	7
136	4
137	0
138	0
139	2
140	4
141	2
142	2
143	1
144	1
145	2
146	4
147	2
148	3
149	2
150	1
151	4
152	2
153	5
154	4
155	3
156	6
157	2
158	5
159	4
160	6
161	1
162	1
163	2
164	1
165	1
166	2
167	2
168	3
169	3
170	1
171	3
172	3
173	0
174	2
175	1
176	2
177	1
178	2
179	3
180	4
181	2
182	0
183	1
184	1
185	3
186	1
187	0
188	4
189	1
190	3
191	5
192	4
193	2
194	0
195	3
196	3
197	1
198	0
199	0
200	0
201	2
202	2
203	1
204	1
205	2
206	1
207	0
208	3
209	0
210	1
211	2
212	1
213	2
214	1
215	1
216	1
217	3
218	2
219	2
220	0
221	1
222	0
223	2
224	1
225	1
226	1
227	0
228	0
229	0
230	1
231	3
232	0
233	4
234	1
235	1
236	1
237	2
238	1
239	0
240	1
241	1
242	0
243	1
244	0
245	0
246	0
247	0
248	0
249	1
250	0
251	1
252	1
253	1
254	3
255	1
256	2
257	1
258	0
259	1
260	1
261	1
262	2
263	0
264	1
265	1
266	1
267	0
268	1
269	2
270	0
271	1
272	2
273	2
274	1
275	1
276	2
277	1
278	3
279	1
280	0
281	0
282	0
283	1
284	0
285	3
286	0
287	0
288	1
289	1
290	2
291	0
292	2
293	0
294	1
295	0
296	1
297	1
298	1
299	0
300	0
301	0
302	0
303	0
304	4
305	2
306	0
307	1
308	0
309	0
310	0
311	0
312	1
313	0
314	3
315	0
316	0
317	1
318	2
319	0
320	1
321	0
322	1
323	0
324	1
325	0
326	1
327	1
328	0
329	1
330	0
331	1
332	0
333	1
334	2
335	1
336	0
337	1
338	2
339	0
340	0
341	0
342	0
343	0
344	1
345	0
346	3
347	1
348	2
349	0
350	0
351	0
352	1
353	1
354	0
355	0
356	0
357	1
358	0
359	1
360	0
361	2
362	0
363	0
364	0
365	1
366	1
367	0
368	0
369	2
370	0
371	0
372	0
373	0
374	1
375	0
376	1
377	0
378	1
379	1
380	0
381	0
382	1
383	1
384	1
385	0
386	0
387	0
388	0
389	0
390	0
391	1
392	1
393	3
394	0
395	0
396	1
397	1
398	1
399	1
400	0
401	0
402	0
403	0
404	0
405	0
406	3
407	1
408	1
409	1
410	0
411	1
412	1
413	2
414	1
415	1
416	3
417	2
418	0
419	2
420	0
421	1
422	2
423	1
424	3
425	4
426	0
427	0
428	1
429	2
430	4
431	1
432	0
433	0
434	0
435	4
436	1
437	0
438	2
439	2
440	1
441	2
442	6
443	2
444	3
445	2
446	3
447	2
448	3
449	2
450	1
451	2
452	1
453	2
454	1
455	2
456	1
457	0
458	1
459	3
460	2
461	2
462	0
463	1
464	0
465	0
466	0
467	0
468	4
469	0
470	2
471	1
472	2
473	0
474	0
475	1
476	0
477	0
478	1
479	0
480	2
481	0
482	0
483	0
484	0
485	0
486	0
487	0
488	0
489	0
490	1
491	0
492	0
493	0
494	0
495	0
496	0
497	0
498	0
499	0
500	1
501	0
502	1
503	0
504	0
505	0
506	0
507	0
508	0
509	0
510	0
511	0
512	0
513	1
514	0
515	0
516	0
517	0
518	0
519	0
520	0
521	1
522	0
523	0
524	0
525	0
526	0
527	0
528	0
529	0
530	1
531	0
532	0
533	0
534	1
535	0
536	0
537	0
538	1
539	0
540	0
541	1
542	0
543	0
544	0
545	0
546	0
547	0
548	0
549	0
550	0
551	0
552	0
553	0
554	0
555	1
556	0
557	0
558	0
559	0
560	0
561	0
562	0
563	0
564	0
565	0
566	0
567	1
568	0
569	0
570	0
571	0
572	1
573	0
574	0
575	0
576	0
577	0
578	0
579	0
580	1
581	0
582	0
583	1
584	0
585	0
586	0
587	1
588	1
589	0
590	0
591	0
592	0
593	0
594	0
595	0
596	0
597	0
598	0
599	0
600	0
601	0
602	0
603	0
604	1
605	0
606	0
607	0
608	0
609	0
610	0
611	0
612	0
613	0
614	0
615	0
616	0
617	0
618	0
619	0
620	2
621	0
622	0
623	0
624	0
625	0
626	0
627	0
628	0
629	0
630	0
631	0
632	0
633	0
634	0
635	0
636	0
637	0
638	0
639	0
640	0
641	0
642	0
643	1
644	0
645	0
646	0
647	0
648	0
649	0
650	0
651	0
652	0
653	0
654	1
655	0
656	0
657	0
658	0
659	0
660	0
661	0
662	0
663	0
664	1
665	0
666	0
667	0
668	0
669	0
670	0
671	1
672	0
673	0
674	0
675	0
676	1
677	0
678	0
679	0
680	0
681	0
682	1
683	0
684	0
685	0
686	0
687	0
688	0
689	0
690	0
691	0
692	0
693	0
694	0
695	1
696	0
697	1
698	0
699	0
700	0
701	0
702	0
703	0
704	1
705	0
706	0
707	0
708	0
709	0
710	0
711	0
712	1
713	0
714	0
715	0
716	0
717	0
718	0
719	0
720	0
721	0
722	1
723	0
724	0
725	0
726	0
727	0
728	0
729	0
730	0
731	0
732	0
733	0
734	0
735	0
736	1
737	0
738	0
739	0
740	0
741	0
742	0
743	0
744	0
745	0
746	0
747	0
748	0
749	0
750	0
751	0
752	0
753	1
754	0
755	0
756	2
757	0
758	0
759	0
760	0
761	0
762	0
763	0
764	1
765	1
766	0
767	0
768	0
769	0
770	0
771	0
772	0
773	0
774	0
775	0
776	0
777	1
778	0
779	0
780	0
781	0
782	0
783	0
784	2
785	0
786	0
787	1
788	0
789	0
790	0
791	0
792	0
793	0
794	0
795	0
796	0
797	0
798	0
799	0
800	0
801	0
802	0
803	0
804	0
805	1
806	0
807	0
808	0
809	0
810	0
811	0
812	0
813	0
814	0
815	1
816	0
817	0
818	0
819	0
820	0
821	0
822	0
823	0
824	0
825	0
826	0
827	0
828	0
829	0
830	0
831	0
832	1
833	0
834	0
835	0
836	0
837	0
838	0
839	0
840	0
841	0
842	0
843	0
844	0
845	0
846	0
847	0
848	0
849	0
850	0
851	0
852	0
853	0
854	0
855	0
856	0
857	0
858	0
859	0
860	0
861	0
862	0
863	0
864	0
865	0
866	0
867	0
868	0
869	0
870	0
871	0
872	0
873	0
874	0
875	0
876	0
877	0
878	0
879	0
880	0
881	0
882	2
883	0
884	0
885	0
886	0
887	0
888	0
889	0
890	0
891	0
892	1
893	0
894	0
895	1
896	0
897	0
898	0
899	0
900	0
901	0
902	0
903	0
904	0
905	0
906	0
907	0
908	0
909	0
910	0
911	0
912	0
913	0
914	0
915	0
916	0
917	0
918	0
919	0
920	0
921	0
922	0
923	0
924	0
925	0
926	0
927	0
928	0
929	0
930	0
931	0
932	0
933	0
934	0
935	0
936	0
937	1
938	0
939	0
940	0
941	0
942	0
943	0
944	0
945	0
946	0
947	0
948	0
949	0
950	0
951	0
952	0
953	0
954	0
955	0
956	0
957	0
958	0
959	0
960	0
961	0
962	0
963	0
964	0
965	0
966	0
967	0
968	0
969	0
970	0
971	0
972	0
973	0
974	0
975	0
976	0
977	0
978	0
979	0
980	0
981	0
982	0
983	0
984	0
985	0
986	0
987	0
988	0
989	1
990	0
991	1
992	0
993	0
994	0
995	0
996	0
997	0
998	0
999	0
1000	0
1001	0
1002	0
1003	0
1004	1
1005	0
1006	0
1007	0
1008	0
1009	0
1010	0
1011	0
1012	0
1013	0
1014	0
1015	0
1016	0
1017	0
1018	0
1019	0
1020	0
1021	0
1022	0
1023	0
