0	0
1	0
2	0
3	0
4	0
5	0
6	0
7	0
8	0
9	0
10	0
11	0
12	0
13	0
14	170
15	10889
16	6147
17	2658
18	999
19	369
20	125
21	84
22	48
23	57
24	46
25	69
26	102
27	153
28	179
29	273
30	327
31	402
32	469
33	431
34	447
35	396
36	336
37	265
38	199
39	147
40	92
41	60
42	32
43	26
44	18
45	14
46	8
47	5
48	10
49	7
50	1
51	4
52	3
53	8
54	4
55	8
56	6
57	11
58	8
59	7
60	7
61	7
62	1
63	4
64	3
65	4
66	7
67	6
68	7
69	5
70	4
71	5
72	8
73	4
74	5
75	7
76	6
77	4
78	2
79	6
80	4
81	5
82	4
83	7
84	3
85	4
86	8
87	9
88	4
89	4
90	5
91	3
92	3
93	2
94	5
95	1
96	6
97	1
98	7
99	3
100	4
101	1
102	2
103	8
104	4
105	10
106	4
107	1
108	5
109	1
110	3
111	0
112	5
113	3
114	1
115	4
116	6
117	5
118	4
119	4
120	1
121	3
122	1
123	4
124	4
125	1
126	5
127	3
128	3
129	0
130	4
131	1
132	0
133	3
134	3
135	1
136	0
137	1
138	2
139	0
140	2
141	0
142	2
143	1
144	4
145	2
146	4
147	1
148	2
149	3
150	4
151	2
152	3
153	3
154	1
155	4
156	2
157	3
158	1
159	4
160	4
161	2
162	1
163	6
164	1
165	2
166	2
167	2
168	2
169	4
170	4
171	1
172	4
173	2
174	4
175	2
176	1
177	6
178	3
179	3
180	4
181	1
182	4
183	0
184	2
185	6
186	3
187	1
188	1
189	2
190	1
191	1
192	2
193	3
194	0
195	3
196	2
197	2
198	1
199	2
200	0
201	1
202	1
203	2
204	2
205	1
206	0
207	2
208	0
209	1
210	3
211	1
212	4
213	0
214	2
215	1
216	0
217	2
218	2
219	4
220	1
221	2
222	1
223	0
224	1
225	0
226	1
227	2
228	0
229	1
230	3
231	0
232	2
233	1
234	2
235	0
236	2
237	0
238	0
239	1
240	1
241	4
242	0
243	2
244	6
245	1
246	1
247	1
248	0
249	2
250	1
251	3
252	1
253	0
254	1
255	2
256	3
257	0
258	1
259	0
260	0
261	1
262	2
263	1
264	0
265	0
266	0
267	4
268	0
269	0
270	2
271	2
272	1
273	1
274	2
275	1
276	1
277	3
278	2
279	3
280	0
281	0
282	3
283	1
284	0
285	0
286	3
287	2
288	1
289	0
290	2
291	2
292	1
293	0
294	1
295	1
296	3
297	1
298	0
299	1
300	1
301	1
302	0
303	1
304	1
305	0
306	3
307	1
308	1
309	1
310	2
311	0
312	1
313	0
314	2
315	2
316	0
317	0
318	0
319	0
320	1
321	0
322	1
323	4
324	0
325	0
326	1
327	1
328	0
329	1
330	1
331	1
332	0
333	2
334	1
335	0
336	0
337	0
338	1
339	1
340	0
341	1
342	0
343	0
344	1
345	0
346	0
347	2
348	0
349	1
350	1
351	1
352	0
353	0
354	0
355	0
356	1
357	0
358	1
359	1
360	0
361	0
362	0
363	0
364	0
365	0
366	1
367	1
368	0
369	1
370	1
371	4
372	0
373	0
374	1
375	1
376	1
377	1
378	0
379	0
380	0
381	0
382	0
383	1
384	0
385	2
386	1
387	0
388	0
389	0
390	2
391	0
392	0
393	1
394	0
395	0
396	0
397	0
398	0
399	1
400	1
401	0
402	0
403	1
404	0
405	0
406	3
407	0
408	0
409	0
410	1
411	0
412	1
413	1
414	0
415	0
416	1
417	2
418	1
419	0
420	1
421	1
422	2
423	1
424	2
425	2
426	4
427	2
428	2
429	1
430	2
431	1
432	0
433	3
434	1
435	3
436	1
437	2
438	2
439	2
440	1
441	3
442	2
443	2
444	2
445	1
446	3
447	1
448	1
449	4
450	1
451	2
452	0
453	0
454	1
455	1
456	0
457	4
458	2
459	0
460	1
461	0
462	0
463	2
464	2
465	0
466	0
467	1
468	0
469	1
470	1
471	1
472	0
473	0
474	0
475	0
476	0
477	0
478	1
479	1
480	0
481	0
482	1
483	0
484	1
485	1
486	0
487	0
488	0
489	2
490	1
491	0
492	1
493	0
494	0
495	0
496	0
497	0
498	0
499	1
500	0
501	0
502	0
503	0
504	0
505	0
506	0
507	0
508	0
509	0
510	0
511	0
512	0
513	0
514	0
515	0
516	0
517	1
518	1
519	1
520	0
521	0
522	0
523	0
524	0
525	0
526	0
527	0
528	0
529	0
530	0
531	2
532	0
533	0
534	0
535	0
536	0
537	1
538	0
539	0
540	0
541	0
542	0
543	0
544	0
545	1
546	0
547	1
548	0
549	0
550	0
551	0
552	0
553	1
554	0
555	0
556	1
557	0
558	0
559	0
560	0
561	0
562	0
563	1
564	0
565	0
566	0
567	0
568	0
569	0
570	1
571	1
572	0
573	0
574	0
575	0
576	0
577	0
578	1
579	0
580	0
581	0
582	0
583	0
584	0
585	0
586	0
587	0
588	0
589	0
590	0
591	0
592	0
593	0
594	0
595	0
596	0
597	0
598	0
599	0
600	0
601	0
602	0
603	0
604	0
605	0
606	2
607	0
608	0
609	0
610	0
611	1
612	0
613	1
614	0
615	0
616	0
617	1
618	0
619	0
620	0
621	0
622	0
623	1
624	1
625	0
626	0
627	1
628	0
629	0
630	0
631	0
632	2
633	0
634	0
635	1
636	0
637	0
638	0
639	0
640	0
641	0
642	0
643	0
644	0
645	1
646	0
647	0
648	1
649	0
650	1
651	0
652	0
653	0
654	0
655	0
656	0
657	1
658	0
659	0
660	1
661	0
662	0
663	1
664	0
665	0
666	0
667	1
668	0
669	0
670	0
671	0
672	0
673	0
674	0
675	0
676	0
677	0
678	0
679	0
680	0
681	0
682	0
683	0
684	0
685	0
686	0
687	1
688	0
689	0
690	0
691	0
692	0
693	0
694	0
695	0
696	0
697	0
698	0
699	0
700	0
701	1
702	0
703	0
704	0
705	0
706	0
707	0
708	0
709	1
710	0
711	0
712	0
713	0
714	0
715	0
716	0
717	0
718	0
719	0
720	0
721	0
722	0
723	0
724	0
725	0
726	1
727	0
728	0
729	1
730	0
731	0
732	0
733	0
734	0
735	0
736	0
737	0
738	0
739	0
740	0
741	0
742	0
743	0
744	0
745	0
746	1
747	0
748	0
749	1
750	0
751	0
752	0
753	0
754	0
755	0
756	0
757	0
758	0
759	0
760	0
761	0
762	0
763	0
764	0
765	0
766	0
767	0
768	0
769	0
770	0
771	1
772	0
773	1
774	0
775	0
776	0
777	0
778	0
779	0
780	0
781	0
782	0
783	0
784	0
785	0
786	0
787	1
788	0
789	0
790	0
791	0
792	0
793	0
794	0
795	0
796	0
797	0
798	1
799	0
800	0
801	0
802	0
803	0
804	0
805	0
806	0
807	0
808	0
809	0
810	1
811	0
812	1
813	0
814	0
815	0
816	0
817	1
818	1
819	0
820	0
821	0
822	0
823	0
824	1
825	0
826	0
827	0
828	0
829	0
830	0
831	0
832	0
833	0
834	0
835	0
836	0
837	0
838	0
839	0
840	0
841	0
842	0
843	0
844	0
845	0
846	1
847	0
848	0
849	0
850	0
851	0
852	0
853	0
854	0
855	0
856	0
857	0
858	0
859	0
860	0
861	0
862	0
863	0
864	0
865	0
866	0
867	0
868	0
869	0
870	0
871	0
872	0
873	0
874	1
875	0
876	0
877	0
878	0
879	0
880	0
881	0
882	0
883	0
884	0
885	0
886	0
887	0
888	0
889	0
890	0
891	0
892	0
893	0
894	0
895	0
896	0
897	0
898	0
899	0
900	1
901	0
902	0
903	0
904	0
905	0
906	0
907	0
908	0
909	0
910	0
911	0
912	0
913	0
914	0
915	0
916	0
917	1
918	0
919	0
920	0
921	0
922	0
923	0
924	0
925	0
926	0
927	0
928	0
929	0
930	0
931	0
932	0
933	0
934	0
935	0
936	0
937	0
938	0
939	0
940	0
941	0
942	0
943	0
944	0
945	1
946	0
947	0
948	0
949	0
950	0
951	0
952	0
953	0
954	0
955	0
956	0
957	0
958	0
959	0
960	0
961	0
962	0
963	0
964	0
965	0
966	0
967	0
968	0
969	0
970	0
971	0
972	0
973	0
974	0
975	0
976	0
977	1
978	0
979	0
980	0
981	0
982	0
983	0
984	0
985	0
986	0
987	0
988	0
989	0
990	0
991	0
992	0
993	0
994	0
995	0
996	0
997	0
998	0
999	0
1000	0
1001	0
1002	0
1003	0
1004	0
1005	0
1006	0
1007	0
1008	0
1009	0
1010	0
1011	0
1012	0
1013	0
1014	0
1015	0
1016	0
1017	0
1018	0
1019	0
1020	0
1021	0
1022	0
1023	0
