0	0
1	0
2	0
3	0
4	0
5	0
6	0
7	0
8	0
9	0
10	263
11	582
12	563
13	580
14	572
15	578
16	604
17	626
18	569
19	595
20	609
21	663
22	617
23	597
24	618
25	644
26	683
27	676
28	624
29	632
30	604
31	608
32	656
33	601
34	650
35	628
36	617
37	691
38	653
39	601
40	662
41	601
42	681
43	612
44	655
45	597
46	600
47	597
48	596
49	628
50	612
51	642
52	634
53	611
54	612
55	622
56	644
57	634
58	619
59	601
60	618
61	604
62	629
63	606
64	631
65	611
66	637
67	641
68	579
69	565
70	603
71	606
72	584
73	617
74	571
75	642
76	628
77	697
78	631
79	592
80	577
81	617
82	575
83	562
84	588
85	576
86	544
87	622
88	585
89	594
90	593
91	565
92	649
93	597
94	575
95	589
96	604
97	597
98	635
99	624
100	582
101	567
102	595
103	559
104	590
105	528
106	560
107	609
108	602
109	634
110	653
111	615
112	598
113	618
114	712
115	640
116	653
117	636
118	693
119	695
120	697
121	679
122	683
123	699
124	716
125	738
126	689
127	742
128	751
129	760
130	740
131	671
132	719
133	699
134	706
135	715
136	755
137	780
138	745
139	672
140	707
141	663
142	694
143	701
144	658
145	644
146	703
147	684
148	709
149	698
150	704
151	668
152	683
153	668
154	753
155	662
156	655
157	751
158	636
159	623
160	655
161	646
162	644
163	646
164	668
165	578
166	663
167	610
168	652
169	630
170	633
171	625
172	582
173	614
174	617
175	601
176	617
177	622
178	627
179	597
180	567
181	640
182	629
183	602
184	631
185	604
186	608
187	605
188	591
189	595
190	608
191	573
192	593
193	592
194	615
195	619
196	587
197	573
198	619
199	610
200	609
201	582
202	574
203	604
204	578
205	596
206	628
207	601
208	625
209	601
210	598
211	606
212	607
213	576
214	597
215	585
216	550
217	503
218	523
219	489
220	490
221	512
222	502
223	488
224	438
225	489
226	424
227	425
228	404
229	403
230	362
231	341
232	332
233	344
234	312
235	313
236	290
237	283
238	322
239	292
240	259
241	256
242	269
243	249
244	247
245	230
246	239
247	229
248	223
249	226
250	214
251	229
252	231
253	240
254	176
255	203
256	206
257	213
258	193
259	205
260	190
261	221
262	196
263	193
264	177
265	192
266	188
267	189
268	227
269	173
270	170
271	199
272	182
273	176
274	143
275	171
276	171
277	191
278	180
279	163
280	207
281	188
282	161
283	200
284	194
285	163
286	183
287	170
288	186
289	179
290	171
291	184
292	168
293	177
294	167
295	192
296	192
297	183
298	196
299	198
300	198
301	228
302	224
303	226
304	265
305	247
306	284
307	301
308	305
309	363
310	421
311	421
312	487
313	493
314	635
315	616
316	711
317	793
318	855
319	944
320	1093
321	1161
322	1298
323	1453
324	1546
325	1724
326	1917
327	2040
328	2211
329	2434
330	2489
331	2680
332	2828
333	2981
334	3266
335	3284
336	3530
337	3668
338	3702
339	3771
340	3906
341	3909
342	4010
343	4030
344	3829
345	3844
346	3730
347	3671
348	3695
349	3407
350	3226
351	3091
352	2950
353	2753
354	2559
355	2351
356	2126
357	1958
358	1789
359	1652
360	1504
361	1308
362	1167
363	1033
364	914
365	821
366	712
367	629
368	518
369	495
370	408
371	373
372	302
373	275
374	243
375	217
376	208
377	214
378	159
379	176
380	172
381	147
382	162
383	142
384	161
385	124
386	121
387	123
388	134
389	123
390	122
391	117
392	109
393	139
394	140
395	119
396	130
397	99
398	119
399	105
400	114
401	130
402	110
403	114
404	129
405	138
406	106
407	116
408	104
409	116
410	117
411	124
412	109
413	107
414	131
415	130
416	102
417	98
418	105
419	128
420	120
421	125
422	124
423	115
424	107
425	102
426	117
427	127
428	107
429	111
430	119
431	115
432	128
433	116
434	128
435	118
436	114
437	102
438	126
439	115
440	115
441	128
442	123
443	120
444	129
445	104
446	113
447	105
448	130
449	124
450	107
451	112
452	128
453	121
454	127
455	130
456	116
457	120
458	124
459	137
460	130
461	111
462	135
463	130
464	119
465	125
466	135
467	114
468	128
469	124
470	140
471	146
472	133
473	143
474	138
475	119
476	126
477	142
478	145
479	131
480	140
481	129
482	124
483	131
484	121
485	134
486	142
487	122
488	139
489	144
490	141
491	116
492	134
493	162
494	115
495	134
496	128
497	118
498	137
499	130
500	153
501	116
502	138
503	126
504	132
505	137
506	135
507	127
508	144
509	133
510	116
511	117
512	134
513	110
514	106
515	126
516	136
517	133
518	137
519	121
520	138
521	130
522	150
523	125
524	118
525	147
526	124
527	118
528	115
529	127
530	142
531	139
532	146
533	126
534	132
535	120
536	128
537	115
538	131
539	111
540	114
541	148
542	124
543	117
544	128
545	105
546	133
547	133
548	131
549	126
550	121
551	129
552	136
553	119
554	107
555	126
556	117
557	136
558	133
559	118
560	149
561	129
562	138
563	120
564	125
565	129
566	136
567	132
568	125
569	118
570	142
571	103
572	127
573	123
574	124
575	117
576	124
577	123
578	141
579	143
580	134
581	119
582	126
583	128
584	121
585	115
586	121
587	134
588	130
589	133
590	126
591	141
592	115
593	138
594	132
595	118
596	137
597	122
598	119
599	150
600	121
601	139
602	132
603	128
604	133
605	149
606	132
607	116
608	139
609	131
610	133
611	124
612	109
613	134
614	128
615	126
616	137
617	139
618	123
619	125
620	126
621	136
622	144
623	122
624	134
625	142
626	125
627	139
628	138
629	151
630	146
631	122
632	143
633	127
634	131
635	124
636	139
637	141
638	131
639	157
640	121
641	152
642	143
643	142
644	131
645	137
646	145
647	139
648	126
649	141
650	148
651	128
652	137
653	153
654	153
655	125
656	138
657	143
658	141
659	128
660	130
661	116
662	139
663	116
664	120
665	111
666	127
667	142
668	136
669	136
670	133
671	138
672	131
673	125
674	124
675	126
676	100
677	102
678	109
679	133
680	100
681	116
682	112
683	90
684	96
685	109
686	113
687	94
688	93
689	92
690	98
691	84
692	78
693	95
694	92
695	101
696	85
697	79
698	86
699	84
700	86
701	70
702	72
703	69
704	84
705	91
706	78
707	74
708	76
709	67
710	76
711	74
712	65
713	62
714	65
715	56
716	65
717	58
718	51
719	71
720	54
721	66
722	57
723	46
724	55
725	71
726	68
727	49
728	49
729	56
730	56
731	59
732	66
733	55
734	76
735	58
736	47
737	47
738	51
739	57
740	72
741	47
742	60
743	57
744	54
745	46
746	44
747	45
748	54
749	51
750	67
751	50
752	43
753	43
754	48
755	49
756	61
757	47
758	59
759	52
760	57
761	56
762	49
763	50
764	61
765	56
766	60
767	66
768	54
769	59
770	56
771	59
772	68
773	66
774	57
775	59
776	56
777	44
778	74
779	74
780	78
781	70
782	76
783	98
784	71
785	78
786	105
787	109
788	113
789	103
790	92
791	101
792	96
793	120
794	135
795	146
796	136
797	141
798	153
799	174
800	173
801	178
802	165
803	181
804	197
805	211
806	230
807	238
808	217
809	221
810	225
811	236
812	250
813	270
814	277
815	290
816	323
817	289
818	314
819	293
820	296
821	322
822	335
823	343
824	335
825	355
826	373
827	354
828	381
829	374
830	375
831	391
832	368
833	350
834	365
835	373
836	361
837	351
838	324
839	342
840	322
841	322
842	297
843	309
844	317
845	313
846	301
847	287
848	258
849	281
850	261
851	242
852	236
853	225
854	256
855	217
856	213
857	209
858	191
859	197
860	181
861	179
862	181
863	171
864	164
865	156
866	148
867	151
868	145
869	129
870	113
871	130
872	103
873	90
874	101
875	108
876	94
877	81
878	83
879	85
880	89
881	70
882	71
883	78
884	67
885	59
886	61
887	58
888	56
889	54
890	56
891	68
892	68
893	60
894	49
895	61
896	49
897	58
898	57
899	54
900	65
901	54
902	50
903	56
904	66
905	43
906	49
907	48
908	61
909	57
910	42
911	50
912	46
913	49
914	51
915	45
916	41
917	57
918	33
919	61
920	48
921	42
922	45
923	42
924	59
925	43
926	45
927	50
928	52
929	46
930	50
931	46
932	47
933	55
934	57
935	45
936	61
937	34
938	45
939	50
940	56
941	43
942	43
943	46
944	50
945	45
946	49
947	43
948	59
949	54
950	54
951	45
952	45
953	44
954	46
955	54
956	50
957	48
958	60
959	48
960	50
961	44
962	58
963	47
964	40
965	44
966	59
967	54
968	58
969	51
970	61
971	48
972	57
973	67
974	41
975	54
976	55
977	71
978	59
979	57
980	50
981	58
982	52
983	60
984	43
985	61
986	40
987	57
988	51
989	50
990	60
991	41
992	34
993	42
994	52
995	52
996	49
997	52
998	58
999	42
1000	55
1001	47
1002	51
1003	36
1004	49
1005	36
1006	49
1007	50
1008	35
1009	38
1010	46
1011	37
1012	40
1013	51
1014	42
1015	44
1016	35
1017	46
1018	50
1019	37
1020	36
1021	43
1022	30
1023	44
1024	35
1025	48
1026	30
1027	37
1028	35
1029	26
1030	34
1031	45
1032	30
1033	29
1034	45
1035	29
1036	33
1037	35
1038	22
1039	24
1040	34
1041	41
1042	34
1043	31
1044	24
1045	20
1046	37
1047	26
1048	24
1049	18
1050	29
1051	20
1052	29
1053	22
1054	29
1055	12
1056	18
1057	29
1058	20
1059	20
1060	16
1061	21
1062	18
1063	21
1064	18
1065	21
1066	30
1067	16
1068	20
1069	12
1070	13
1071	11
1072	13
1073	15
1074	17
1075	15
1076	20
1077	14
1078	14
1079	17
1080	13
1081	8
1082	15
1083	13
1084	15
1085	16
1086	14
1087	14
1088	9
1089	13
1090	11
1091	9
1092	6
1093	11
1094	9
1095	7
1096	10
1097	11
1098	9
1099	17
1100	11
1101	15
1102	8
1103	10
1104	13
1105	9
1106	5
1107	11
1108	14
1109	5
1110	13
1111	10
1112	10
1113	14
1114	13
1115	13
1116	8
1117	13
1118	11
1119	16
1120	15
1121	14
1122	9
1123	16
1124	17
1125	14
1126	11
1127	25
1128	23
1129	26
1130	26
1131	22
1132	25
1133	21
1134	27
1135	31
1136	33
1137	29
1138	42
1139	28
1140	31
1141	30
1142	36
1143	35
1144	40
1145	42
1146	42
1147	41
1148	54
1149	56
1150	47
1151	47
1152	40
1153	54
1154	51
1155	68
1156	58
1157	70
1158	61
1159	63
1160	60
1161	64
1162	61
1163	81
1164	54
1165	67
1166	79
1167	79
1168	62
1169	69
1170	61
1171	76
1172	89
1173	74
1174	72
1175	60
1176	79
1177	79
1178	98
1179	61
1180	72
1181	63
1182	67
1183	70
1184	57
1185	64
1186	89
1187	69
1188	86
1189	60
1190	62
1191	61
1192	58
1193	52
1194	57
1195	67
1196	67
1197	56
1198	49
1199	55
1200	65
1201	45
1202	61
1203	53
1204	50
1205	44
1206	40
1207	34
1208	42
1209	29
1210	45
1211	32
1212	21
1213	27
1214	24
1215	27
1216	29
1217	20
1218	19
1219	20
1220	22
1221	29
1222	14
1223	12
1224	16
1225	11
1226	10
1227	6
1228	13
1229	8
1230	11
1231	7
1232	5
1233	7
1234	8
1235	3
1236	8
1237	2
1238	4
1239	4
1240	8
1241	1
1242	5
1243	3
1244	3
1245	5
1246	0
1247	3
1248	1
1249	1
1250	2
1251	2
1252	4
1253	1
1254	2
1255	2
1256	1
1257	1
1258	2
1259	1
1260	4
1261	1
1262	1
1263	2
1264	0
1265	1
1266	0
1267	2
1268	2
1269	0
1270	1
1271	0
1272	1
1273	0
1274	2
1275	1
1276	1
1277	2
1278	1
1279	2
1280	1
1281	0
1282	2
1283	0
1284	1
1285	1
1286	1
1287	1
1288	1
1289	1
1290	1
1291	2
1292	1
1293	0
1294	0
1295	1
1296	1
1297	0
1298	0
1299	1
1300	1
1301	0
1302	2
1303	1
1304	0
1305	1
1306	1
1307	0
1308	1
1309	0
1310	0
1311	1
1312	0
1313	2
1314	0
1315	0
1316	0
1317	0
1318	1
1319	1
1320	0
1321	2
1322	0
1323	0
1324	0
1325	0
1326	0
1327	3
1328	1
1329	1
1330	0
1331	1
1332	0
1333	1
1334	2
1335	0
1336	0
1337	0
1338	1
1339	1
1340	1
1341	0
1342	0
1343	2
1344	0
1345	0
1346	0
1347	0
1348	0
1349	0
1350	0
1351	0
1352	0
1353	2
1354	1
1355	0
1356	0
1357	0
1358	0
1359	2
1360	1
1361	0
1362	0
1363	0
1364	0
1365	0
1366	0
1367	1
1368	0
1369	0
1370	1
1371	0
1372	1
1373	0
1374	0
1375	0
1376	0
1377	0
1378	2
1379	0
1380	0
1381	1
1382	0
1383	0
1384	1
1385	1
1386	1
1387	0
1388	0
1389	0
1390	0
1391	1
1392	0
1393	0
1394	0
1395	0
1396	1
1397	0
1398	1
1399	0
1400	0
1401	1
1402	0
1403	1
1404	0
1405	0
1406	0
1407	2
1408	0
1409	0
1410	0
1411	0
1412	0
1413	0
1414	0
1415	0
1416	0
1417	1
1418	0
1419	0
1420	0
1421	0
1422	0
1423	0
1424	0
1425	0
1426	0
1427	0
1428	0
1429	0
1430	0
1431	1
1432	0
1433	0
1434	0
1435	0
1436	0
1437	1
1438	1
1439	0
1440	0
1441	0
1442	0
1443	0
1444	0
1445	0
1446	1
1447	0
1448	0
1449	0
1450	0
1451	0
1452	0
1453	0
1454	0
1455	0
1456	0
1457	0
1458	0
1459	0
1460	1
1461	0
1462	0
1463	0
1464	0
1465	0
1466	0
1467	0
1468	0
1469	0
1470	0
1471	0
1472	1
1473	0
1474	0
1475	0
1476	0
1477	1
1478	1
1479	0
1480	0
1481	0
1482	0
1483	0
1484	0
1485	0
1486	0
1487	0
1488	0
1489	0
1490	0
1491	1
1492	0
1493	0
1494	0
1495	1
1496	0
1497	0
1498	0
1499	0
1500	0
1501	0
1502	0
1503	0
1504	0
1505	0
1506	0
1507	0
1508	0
1509	0
1510	0
1511	0
1512	0
1513	0
1514	0
1515	1
1516	0
1517	1
1518	0
1519	0
1520	0
1521	0
1522	0
1523	0
1524	1
1525	0
1526	0
1527	0
1528	0
1529	1
1530	0
1531	0
1532	1
1533	0
1534	0
1535	0
1536	0
1537	0
1538	0
1539	0
1540	0
1541	0
1542	0
1543	0
1544	0
1545	0
1546	0
1547	0
1548	1
1549	0
1550	0
1551	0
1552	0
1553	0
1554	0
1555	0
1556	0
1557	0
1558	0
1559	0
1560	0
1561	0
1562	0
1563	1
1564	1
1565	0
1566	0
1567	0
1568	0
1569	0
1570	0
1571	1
1572	0
1573	0
1574	0
1575	0
1576	0
1577	0
1578	0
1579	0
1580	0
1581	0
1582	0
1583	0
1584	0
1585	0
1586	0
1587	0
1588	1
1589	0
1590	0
1591	0
1592	0
1593	0
1594	0
1595	0
1596	0
1597	0
1598	0
1599	0
1600	0
1601	0
1602	0
1603	0
1604	0
1605	0
1606	0
1607	0
1608	0
1609	0
1610	0
1611	0
1612	1
1613	0
1614	0
1615	0
1616	0
1617	0
1618	0
1619	0
1620	0
1621	0
1622	0
1623	0
1624	0
1625	0
1626	0
1627	0
1628	0
1629	0
1630	0
1631	0
1632	0
1633	0
1634	0
1635	0
1636	0
1637	0
1638	1
1639	0
1640	0
1641	0
1642	0
1643	0
1644	0
1645	0
1646	0
1647	0
1648	1
1649	0
1650	0
1651	0
1652	0
1653	0
1654	0
1655	0
1656	0
1657	0
1658	0
1659	0
1660	1
1661	1
1662	0
1663	0
1664	0
1665	0
1666	0
1667	0
1668	0
1669	0
1670	0
1671	0
1672	0
1673	0
1674	0
1675	0
1676	0
1677	0
1678	0
1679	0
1680	0
1681	0
1682	0
1683	0
1684	0
1685	0
1686	1
1687	0
1688	0
1689	0
1690	0
1691	0
1692	1
1693	0
1694	0
1695	0
1696	0
1697	0
1698	0
1699	0
1700	0
1701	0
1702	0
1703	0
1704	0
1705	0
1706	0
1707	0
1708	0
1709	0
1710	0
1711	1
1712	0
1713	0
1714	0
1715	0
1716	0
1717	0
1718	0
1719	0
1720	0
1721	0
1722	0
1723	0
1724	0
1725	0
1726	0
1727	0
1728	0
1729	0
1730	0
1731	0
1732	0
1733	1
1734	1
1735	0
1736	0
1737	0
1738	0
1739	0
1740	0
1741	0
1742	0
1743	0
1744	0
1745	0
1746	0
1747	0
1748	0
1749	0
1750	0
1751	0
1752	0
1753	0
1754	0
1755	0
1756	0
1757	0
1758	0
1759	1
1760	0
1761	0
1762	0
1763	1
1764	0
1765	0
1766	0
1767	0
1768	0
1769	0
1770	0
1771	0
1772	0
1773	0
1774	0
1775	0
1776	0
1777	0
1778	0
1779	0
1780	0
1781	0
1782	0
1783	0
1784	0
1785	0
1786	0
1787	0
1788	0
1789	0
1790	0
1791	0
1792	0
1793	0
1794	0
1795	0
1796	0
1797	0
1798	0
1799	0
1800	0
1801	0
1802	0
1803	0
1804	0
1805	0
1806	0
1807	0
1808	0
1809	0
1810	0
1811	0
1812	0
1813	0
1814	0
1815	0
1816	0
1817	0
1818	0
1819	0
1820	0
1821	0
1822	0
1823	0
1824	0
1825	0
1826	0
1827	0
1828	0
1829	0
1830	0
1831	0
1832	0
1833	0
1834	0
1835	0
1836	1
1837	0
1838	0
1839	0
1840	0
1841	0
1842	0
1843	0
1844	1
1845	0
1846	0
1847	0
1848	0
1849	0
1850	0
1851	0
1852	0
1853	0
1854	0
1855	0
1856	0
1857	0
1858	0
1859	0
1860	0
1861	0
1862	0
1863	0
1864	0
1865	0
1866	0
1867	0
1868	0
1869	0
1870	0
1871	0
1872	0
1873	0
1874	0
1875	0
1876	0
1877	0
1878	0
1879	0
1880	0
1881	0
1882	0
1883	0
1884	0
1885	0
1886	0
1887	0
1888	0
1889	0
1890	0
1891	0
1892	0
1893	0
1894	0
1895	0
1896	0
1897	0
1898	0
1899	0
1900	0
1901	0
1902	0
1903	0
1904	0
1905	0
1906	0
1907	1
1908	0
1909	0
1910	0
1911	0
1912	0
1913	0
1914	0
1915	0
1916	1
1917	0
1918	0
1919	0
1920	0
1921	0
1922	0
1923	0
1924	0
1925	0
1926	0
1927	0
1928	0
1929	1
1930	1
1931	0
1932	0
1933	0
1934	0
1935	0
1936	0
1937	0
1938	0
1939	0
1940	0
1941	0
1942	0
1943	0
1944	0
1945	0
1946	0
1947	0
1948	0
1949	0
1950	1
1951	0
1952	0
1953	0
1954	0
1955	0
1956	0
1957	0
1958	1
1959	0
1960	0
1961	0
1962	0
1963	0
1964	0
1965	0
1966	0
1967	0
1968	0
1969	0
1970	0
1971	0
1972	0
1973	1
1974	0
1975	0
1976	0
1977	0
1978	0
1979	0
1980	0
1981	0
1982	0
1983	0
1984	0
1985	0
1986	0
1987	0
1988	0
1989	0
1990	0
1991	0
1992	0
1993	0
1994	0
1995	0
1996	0
1997	0
1998	0
1999	0
2000	0
2001	0
2002	0
2003	0
2004	0
2005	0
2006	0
2007	0
2008	0
2009	0
2010	0
2011	0
2012	0
2013	0
2014	0
2015	0
2016	0
2017	0
2018	0
2019	0
2020	0
2021	0
2022	0
2023	0
2024	0
2025	0
2026	0
2027	0
2028	0
2029	0
2030	0
2031	0
2032	0
2033	0
2034	0
2035	0
2036	0
2037	0
2038	0
2039	0
2040	0
2041	0
2042	0
2043	0
2044	0
2045	0
2046	0
2047	0
