0	0
1	0
2	0
3	0
4	0
5	0
6	0
7	0
8	0
9	0
10	252
11	581
12	556
13	586
14	591
15	593
16	568
17	593
18	605
19	630
20	632
21	609
22	577
23	638
24	625
25	612
26	613
27	553
28	612
29	585
30	588
31	607
32	606
33	611
34	616
35	622
36	640
37	665
38	623
39	592
40	640
41	641
42	640
43	682
44	656
45	611
46	643
47	656
48	638
49	601
50	615
51	631
52	615
53	646
54	591
55	580
56	658
57	594
58	614
59	593
60	622
61	597
62	677
63	637
64	588
65	595
66	645
67	618
68	619
69	593
70	602
71	608
72	576
73	610
74	619
75	605
76	593
77	590
78	582
79	609
80	616
81	635
82	603
83	580
84	613
85	624
86	601
87	600
88	615
89	578
90	598
91	547
92	589
93	618
94	559
95	578
96	620
97	541
98	586
99	571
100	603
101	601
102	562
103	609
104	579
105	586
106	538
107	587
108	628
109	634
110	606
111	599
112	613
113	560
114	623
115	619
116	642
117	673
118	699
119	707
120	679
121	684
122	701
123	780
124	730
125	772
126	730
127	742
128	718
129	705
130	710
131	732
132	746
133	741
134	709
135	721
136	716
137	703
138	703
139	694
140	692
141	660
142	704
143	702
144	682
145	736
146	726
147	676
148	698
149	675
150	697
151	675
152	637
153	660
154	671
155	643
156	652
157	657
158	644
159	617
160	677
161	684
162	650
163	624
164	604
165	622
166	631
167	613
168	600
169	623
170	621
171	673
172	583
173	611
174	641
175	616
176	634
177	591
178	602
179	580
180	614
181	605
182	592
183	603
184	593
185	616
186	620
187	590
188	530
189	619
190	572
191	579
192	610
193	569
194	606
195	606
196	611
197	591
198	596
199	571
200	627
201	614
202	594
203	588
204	607
205	565
206	639
207	562
208	571
209	571
210	593
211	574
212	578
213	587
214	571
215	567
216	574
217	555
218	530
219	515
220	489
221	498
222	482
223	454
224	438
225	433
226	417
227	453
228	386
229	362
230	368
231	341
232	359
233	323
234	286
235	282
236	310
237	299
238	278
239	321
240	262
241	254
242	252
243	254
244	247
245	228
246	225
247	222
248	233
249	241
250	211
251	244
252	212
253	200
254	213
255	195
256	203
257	211
258	221
259	193
260	222
261	202
262	192
263	181
264	178
265	197
266	184
267	198
268	197
269	206
270	197
271	173
272	190
273	160
274	179
275	190
276	189
277	176
278	170
279	167
280	180
281	178
282	176
283	175
284	163
285	176
286	171
287	190
288	159
289	161
290	193
291	175
292	197
293	169
294	181
295	206
296	189
297	197
298	211
299	184
300	219
301	224
302	213
303	255
304	244
305	273
306	322
307	298
308	349
309	351
310	402
311	423
312	448
313	502
314	571
315	633
316	739
317	818
318	871
319	985
320	1159
321	1241
322	1327
323	1559
324	1665
325	1864
326	1971
327	2093
328	2342
329	2430
330	2640
331	2851
332	2874
333	3169
334	3418
335	3586
336	3508
337	3826
338	3812
339	4023
340	3942
341	4034
342	3898
343	3911
344	3985
345	3825
346	3727
347	3638
348	3545
349	3374
350	3272
351	2937
352	2880
353	2690
354	2498
355	2315
356	2196
357	1942
358	1793
359	1493
360	1412
361	1257
362	1142
363	984
364	826
365	798
366	680
367	656
368	515
369	445
370	415
371	354
372	379
373	274
374	259
375	220
376	228
377	192
378	179
379	164
380	175
381	142
382	144
383	141
384	125
385	123
386	140
387	114
388	110
389	132
390	120
391	123
392	131
393	133
394	130
395	126
396	128
397	128
398	124
399	122
400	119
401	132
402	118
403	113
404	137
405	128
406	113
407	141
408	132
409	114
410	109
411	105
412	126
413	124
414	110
415	106
416	116
417	121
418	118
419	127
420	119
421	116
422	108
423	110
424	127
425	115
426	116
427	113
428	122
429	101
430	129
431	126
432	131
433	105
434	106
435	123
436	110
437	135
438	119
439	107
440	119
441	133
442	128
443	124
444	113
445	124
446	120
447	121
448	124
449	116
450	131
451	140
452	130
453	128
454	122
455	129
456	148
457	134
458	131
459	123
460	132
461	118
462	116
463	144
464	131
465	128
466	130
467	136
468	121
469	140
470	111
471	120
472	140
473	136
474	131
475	145
476	126
477	121
478	125
479	126
480	144
481	130
482	143
483	112
484	127
485	124
486	121
487	126
488	104
489	129
490	150
491	137
492	131
493	121
494	152
495	139
496	121
497	130
498	138
499	138
500	139
501	154
502	113
503	136
504	128
505	130
506	149
507	131
508	124
509	137
510	126
511	140
512	133
513	123
514	134
515	100
516	132
517	107
518	142
519	130
520	126
521	97
522	127
523	121
524	144
525	113
526	132
527	157
528	117
529	108
530	133
531	135
532	124
533	136
534	113
535	121
536	106
537	108
538	123
539	129
540	113
541	108
542	132
543	122
544	139
545	119
546	103
547	116
548	122
549	99
550	131
551	137
552	126
553	100
554	109
555	112
556	130
557	126
558	134
559	124
560	125
561	125
562	146
563	117
564	128
565	121
566	110
567	127
568	127
569	141
570	135
571	127
572	129
573	115
574	95
575	123
576	145
577	140
578	130
579	153
580	108
581	120
582	116
583	148
584	131
585	114
586	122
587	102
588	139
589	124
590	115
591	111
592	125
593	123
594	134
595	114
596	116
597	124
598	132
599	146
600	139
601	130
602	122
603	124
604	124
605	129
606	126
607	148
608	130
609	151
610	129
611	146
612	126
613	130
614	147
615	124
616	137
617	119
618	137
619	146
620	150
621	130
622	128
623	150
624	129
625	125
626	129
627	122
628	132
629	148
630	144
631	116
632	158
633	146
634	149
635	147
636	145
637	129
638	119
639	122
640	154
641	127
642	162
643	148
644	127
645	134
646	115
647	138
648	133
649	132
650	128
651	136
652	147
653	149
654	116
655	127
656	138
657	98
658	116
659	136
660	114
661	133
662	122
663	133
664	133
665	121
666	116
667	140
668	112
669	139
670	137
671	101
672	114
673	95
674	109
675	125
676	102
677	96
678	125
679	111
680	107
681	123
682	103
683	109
684	111
685	109
686	109
687	99
688	97
689	104
690	81
691	78
692	79
693	94
694	98
695	91
696	105
697	92
698	76
699	87
700	93
701	61
702	77
703	99
704	95
705	67
706	68
707	91
708	62
709	70
710	77
711	67
712	72
713	48
714	57
715	57
716	62
717	71
718	72
719	70
720	57
721	67
722	58
723	50
724	60
725	59
726	60
727	80
728	49
729	61
730	56
731	45
732	57
733	57
734	62
735	64
736	48
737	47
738	56
739	42
740	57
741	52
742	61
743	43
744	57
745	64
746	55
747	49
748	44
749	56
750	46
751	51
752	55
753	48
754	51
755	46
756	67
757	47
758	44
759	55
760	52
761	50
762	52
763	44
764	55
765	54
766	48
767	66
768	65
769	56
770	59
771	61
772	67
773	58
774	63
775	59
776	62
777	62
778	83
779	92
780	87
781	85
782	70
783	78
784	94
785	109
786	102
787	93
788	106
789	107
790	139
791	116
792	118
793	122
794	135
795	115
796	141
797	137
798	149
799	153
800	173
801	189
802	199
803	184
804	223
805	225
806	195
807	225
808	253
809	269
810	248
811	255
812	268
813	331
814	289
815	301
816	310
817	300
818	288
819	311
820	356
821	325
822	329
823	360
824	344
825	386
826	335
827	366
828	361
829	347
830	358
831	372
832	352
833	356
834	333
835	344
836	358
837	327
838	323
839	347
840	324
841	292
842	297
843	301
844	290
845	298
846	263
847	272
848	271
849	250
850	246
851	259
852	250
853	188
854	216
855	217
856	193
857	211
858	199
859	163
860	173
861	184
862	142
863	162
864	165
865	130
866	135
867	130
868	129
869	99
870	115
871	110
872	99
873	84
874	107
875	84
876	102
877	92
878	84
879	75
880	78
881	71
882	73
883	81
884	71
885	70
886	71
887	62
888	62
889	62
890	57
891	62
892	62
893	60
894	47
895	48
896	59
897	54
898	59
899	51
900	60
901	56
902	54
903	58
904	49
905	46
906	51
907	55
908	47
909	44
910	62
911	44
912	33
913	51
914	40
915	53
916	50
917	47
918	48
919	52
920	42
921	49
922	58
923	39
924	53
925	45
926	48
927	47
928	40
929	65
930	54
931	49
932	62
933	45
934	49
935	49
936	50
937	52
938	55
939	48
940	45
941	45
942	60
943	50
944	38
945	58
946	61
947	55
948	46
949	52
950	42
951	39
952	53
953	52
954	45
955	48
956	47
957	57
958	47
959	41
960	55
961	53
962	51
963	45
964	47
965	40
966	56
967	57
968	46
969	42
970	56
971	36
972	55
973	52
974	49
975	71
976	49
977	42
978	43
979	66
980	40
981	39
982	62
983	54
984	48
985	47
986	54
987	44
988	51
989	39
990	41
991	48
992	39
993	53
994	43
995	48
996	53
997	47
998	39
999	57
1000	56
1001	43
1002	46
1003	41
1004	51
1005	48
1006	44
1007	48
1008	45
1009	46
1010	43
1011	48
1012	38
1013	39
1014	49
1015	39
1016	51
1017	37
1018	40
1019	48
1020	41
1021	44
1022	36
1023	46
1024	48
1025	39
1026	38
1027	45
1028	40
1029	43
1030	38
1031	39
1032	44
1033	37
1034	42
1035	27
1036	30
1037	35
1038	23
1039	30
1040	26
1041	19
1042	26
1043	29
1044	26
1045	21
1046	28
1047	18
1048	38
1049	31
1050	24
1051	32
1052	32
1053	21
1054	20
1055	24
1056	20
1057	21
1058	31
1059	27
1060	15
1061	19
1062	20
1063	19
1064	12
1065	20
1066	16
1067	17
1068	18
1069	13
1070	12
1071	17
1072	17
1073	13
1074	5
1075	12
1076	12
1077	11
1078	14
1079	12
1080	8
1081	8
1082	12
1083	16
1084	18
1085	14
1086	12
1087	12
1088	11
1089	20
1090	13
1091	4
1092	13
1093	6
1094	11
1095	10
1096	7
1097	12
1098	4
1099	11
1100	7
1101	6
1102	16
1103	17
1104	12
1105	17
1106	13
1107	10
1108	5
1109	11
1110	10
1111	14
1112	11
1113	11
1114	9
1115	13
1116	13
1117	14
1118	14
1119	16
1120	12
1121	16
1122	17
1123	20
1124	16
1125	18
1126	16
1127	32
1128	20
1129	21
1130	36
1131	21
1132	25
1133	32
1134	30
1135	21
1136	31
1137	29
1138	29
1139	39
1140	35
1141	31
1142	43
1143	46
1144	47
1145	44
1146	40
1147	35
1148	51
1149	34
1150	54
1151	61
1152	55
1153	45
1154	61
1155	44
1156	53
1157	68
1158	56
1159	70
1160	61
1161	48
1162	72
1163	77
1164	77
1165	65
1166	66
1167	82
1168	64
1169	74
1170	60
1171	73
1172	81
1173	93
1174	89
1175	79
1176	83
1177	60
1178	68
1179	75
1180	84
1181	77
1182	80
1183	91
1184	84
1185	76
1186	75
1187	70
1188	61
1189	66
1190	67
1191	62
1192	65
1193	70
1194	72
1195	39
1196	52
1197	52
1198	53
1199	58
1200	44
1201	50
1202	39
1203	54
1204	42
1205	36
1206	36
1207	35
1208	29
1209	21
1210	33
1211	29
1212	30
1213	24
1214	29
1215	28
1216	28
1217	27
1218	14
1219	24
1220	15
1221	22
1222	6
1223	12
1224	16
1225	12
1226	7
1227	12
1228	12
1229	13
1230	8
1231	5
1232	8
1233	13
1234	7
1235	7
1236	9
1237	8
1238	5
1239	4
1240	3
1241	3
1242	7
1243	2
1244	3
1245	4
1246	1
1247	3
1248	6
1249	2
1250	2
1251	2
1252	1
1253	1
1254	1
1255	2
1256	0
1257	0
1258	4
1259	1
1260	3
1261	2
1262	0
1263	0
1264	0
1265	0
1266	0
1267	0
1268	0
1269	2
1270	0
1271	0
1272	1
1273	2
1274	0
1275	0
1276	0
1277	1
1278	0
1279	0
1280	1
1281	2
1282	0
1283	0
1284	0
1285	1
1286	0
1287	2
1288	1
1289	1
1290	1
1291	0
1292	0
1293	1
1294	1
1295	0
1296	0
1297	2
1298	1
1299	2
1300	0
1301	0
1302	0
1303	1
1304	1
1305	2
1306	1
1307	0
1308	0
1309	1
1310	1
1311	0
1312	1
1313	2
1314	2
1315	0
1316	2
1317	1
1318	1
1319	0
1320	0
1321	0
1322	0
1323	0
1324	0
1325	2
1326	0
1327	0
1328	0
1329	0
1330	0
1331	0
1332	0
1333	1
1334	0
1335	2
1336	0
1337	1
1338	1
1339	2
1340	0
1341	0
1342	0
1343	0
1344	1
1345	1
1346	1
1347	1
1348	1
1349	0
1350	1
1351	1
1352	0
1353	0
1354	0
1355	1
1356	0
1357	2
1358	2
1359	2
1360	0
1361	1
1362	1
1363	0
1364	1
1365	0
1366	1
1367	0
1368	0
1369	1
1370	0
1371	0
1372	0
1373	0
1374	0
1375	0
1376	0
1377	0
1378	0
1379	0
1380	0
1381	1
1382	0
1383	0
1384	0
1385	1
1386	0
1387	0
1388	1
1389	0
1390	0
1391	0
1392	0
1393	0
1394	1
1395	0
1396	1
1397	0
1398	1
1399	1
1400	0
1401	0
1402	0
1403	1
1404	0
1405	0
1406	0
1407	1
1408	0
1409	0
1410	0
1411	0
1412	0
1413	0
1414	0
1415	0
1416	0
1417	0
1418	0
1419	0
1420	0
1421	0
1422	0
1423	0
1424	1
1425	0
1426	0
1427	0
1428	1
1429	0
1430	0
1431	0
1432	0
1433	0
1434	0
1435	0
1436	1
1437	0
1438	0
1439	1
1440	0
1441	0
1442	0
1443	0
1444	0
1445	0
1446	0
1447	0
1448	0
1449	0
1450	0
1451	0
1452	0
1453	1
1454	0
1455	0
1456	0
1457	0
1458	0
1459	0
1460	0
1461	0
1462	0
1463	0
1464	1
1465	0
1466	0
1467	0
1468	1
1469	0
1470	0
1471	1
1472	0
1473	2
1474	1
1475	0
1476	0
1477	1
1478	0
1479	0
1480	0
1481	0
1482	0
1483	0
1484	0
1485	0
1486	0
1487	1
1488	0
1489	0
1490	0
1491	1
1492	1
1493	0
1494	1
1495	0
1496	0
1497	0
1498	0
1499	0
1500	0
1501	0
1502	0
1503	0
1504	0
1505	0
1506	0
1507	0
1508	0
1509	0
1510	0
1511	0
1512	0
1513	0
1514	0
1515	0
1516	1
1517	0
1518	0
1519	1
1520	0
1521	0
1522	0
1523	0
1524	0
1525	0
1526	0
1527	0
1528	0
1529	1
1530	0
1531	0
1532	0
1533	0
1534	0
1535	0
1536	0
1537	0
1538	0
1539	0
1540	0
1541	0
1542	0
1543	0
1544	0
1545	0
1546	0
1547	0
1548	0
1549	0
1550	0
1551	0
1552	1
1553	0
1554	0
1555	1
1556	1
1557	0
1558	1
1559	0
1560	0
1561	0
1562	0
1563	1
1564	0
1565	0
1566	0
1567	0
1568	0
1569	0
1570	0
1571	0
1572	0
1573	0
1574	0
1575	0
1576	0
1577	0
1578	0
1579	0
1580	0
1581	0
1582	0
1583	0
1584	0
1585	0
1586	0
1587	0
1588	0
1589	0
1590	0
1591	0
1592	0
1593	0
1594	0
1595	0
1596	0
1597	0
1598	0
1599	0
1600	0
1601	0
1602	0
1603	0
1604	0
1605	0
1606	0
1607	0
1608	0
1609	0
1610	0
1611	0
1612	0
1613	0
1614	0
1615	1
1616	0
1617	0
1618	0
1619	0
1620	1
1621	0
1622	0
1623	0
1624	0
1625	0
1626	0
1627	0
1628	0
1629	1
1630	0
1631	0
1632	0
1633	0
1634	0
1635	0
1636	0
1637	0
1638	0
1639	0
1640	0
1641	0
1642	0
1643	0
1644	0
1645	0
1646	0
1647	0
1648	0
1649	0
1650	0
1651	0
1652	0
1653	0
1654	0
1655	0
1656	0
1657	0
1658	0
1659	0
1660	0
1661	0
1662	0
1663	0
1664	0
1665	0
1666	0
1667	0
1668	0
1669	0
1670	0
1671	0
1672	0
1673	0
1674	1
1675	0
1676	0
1677	0
1678	0
1679	0
1680	0
1681	0
1682	0
1683	1
1684	0
1685	0
1686	0
1687	0
1688	1
1689	0
1690	0
1691	0
1692	0
1693	0
1694	0
1695	0
1696	0
1697	0
1698	0
1699	0
1700	0
1701	0
1702	0
1703	0
1704	0
1705	0
1706	0
1707	0
1708	0
1709	0
1710	0
1711	0
1712	0
1713	0
1714	0
1715	0
1716	0
1717	0
1718	0
1719	0
1720	0
1721	0
1722	0
1723	0
1724	0
1725	0
1726	0
1727	1
1728	0
1729	0
1730	0
1731	0
1732	0
1733	0
1734	0
1735	0
1736	0
1737	0
1738	0
1739	0
1740	0
1741	0
1742	0
1743	0
1744	0
1745	0
1746	0
1747	1
1748	0
1749	0
1750	0
1751	0
1752	0
1753	1
1754	0
1755	0
1756	0
1757	0
1758	0
1759	0
1760	0
1761	0
1762	1
1763	0
1764	0
1765	0
1766	0
1767	0
1768	1
1769	0
1770	1
1771	0
1772	0
1773	0
1774	0
1775	0
1776	0
1777	0
1778	0
1779	0
1780	0
1781	0
1782	0
1783	0
1784	0
1785	0
1786	0
1787	0
1788	0
1789	0
1790	0
1791	0
1792	0
1793	0
1794	0
1795	0
1796	0
1797	1
1798	0
1799	0
1800	0
1801	0
1802	0
1803	0
1804	0
1805	0
1806	0
1807	0
1808	0
1809	0
1810	0
1811	0
1812	0
1813	0
1814	0
1815	0
1816	0
1817	0
1818	0
1819	0
1820	0
1821	0
1822	0
1823	0
1824	0
1825	1
1826	0
1827	0
1828	0
1829	0
1830	0
1831	0
1832	0
1833	0
1834	0
1835	0
1836	0
1837	0
1838	0
1839	1
1840	0
1841	0
1842	0
1843	0
1844	0
1845	0
1846	0
1847	0
1848	0
1849	0
1850	0
1851	0
1852	0
1853	0
1854	0
1855	0
1856	0
1857	0
1858	0
1859	0
1860	0
1861	0
1862	0
1863	0
1864	0
1865	0
1866	0
1867	0
1868	0
1869	0
1870	0
1871	0
1872	0
1873	0
1874	0
1875	0
1876	0
1877	0
1878	0
1879	0
1880	0
1881	0
1882	0
1883	0
1884	0
1885	0
1886	0
1887	0
1888	0
1889	0
1890	0
1891	0
1892	0
1893	0
1894	0
1895	0
1896	0
1897	0
1898	0
1899	0
1900	0
1901	0
1902	0
1903	0
1904	0
1905	0
1906	0
1907	0
1908	0
1909	0
1910	0
1911	0
1912	0
1913	0
1914	0
1915	0
1916	0
1917	0
1918	0
1919	0
1920	0
1921	0
1922	0
1923	0
1924	0
1925	0
1926	0
1927	0
1928	0
1929	0
1930	0
1931	0
1932	0
1933	0
1934	0
1935	0
1936	0
1937	0
1938	0
1939	0
1940	0
1941	0
1942	0
1943	0
1944	0
1945	0
1946	0
1947	0
1948	0
1949	0
1950	0
1951	0
1952	1
1953	1
1954	0
1955	0
1956	0
1957	0
1958	0
1959	0
1960	0
1961	1
1962	0
1963	0
1964	0
1965	0
1966	0
1967	0
1968	0
1969	0
1970	0
1971	0
1972	0
1973	0
1974	0
1975	0
1976	0
1977	0
1978	0
1979	0
1980	0
1981	0
1982	0
1983	0
1984	0
1985	0
1986	0
1987	0
1988	0
1989	0
1990	0
1991	0
1992	0
1993	0
1994	0
1995	0
1996	0
1997	0
1998	0
1999	0
2000	0
2001	0
2002	0
2003	0
2004	0
2005	0
2006	0
2007	0
2008	0
2009	0
2010	0
2011	0
2012	0
2013	0
2014	0
2015	0
2016	0
2017	0
2018	0
2019	0
2020	0
2021	0
2022	1
2023	0
2024	0
2025	1
2026	0
2027	0
2028	0
2029	0
2030	0
2031	0
2032	0
2033	0
2034	0
2035	0
2036	0
2037	0
2038	0
2039	0
2040	0
2041	0
2042	0
2043	0
2044	1
2045	0
2046	0
2047	0
