0	0
1	0
2	0
3	0
4	0
5	0
6	0
7	0
8	0
9	0
10	265
11	551
12	614
13	601
14	561
15	625
16	606
17	627
18	660
19	623
20	643
21	647
22	648
23	627
24	614
25	622
26	664
27	668
28	650
29	622
30	651
31	667
32	662
33	613
34	644
35	570
36	631
37	615
38	585
39	647
40	624
41	634
42	654
43	653
44	631
45	643
46	648
47	601
48	651
49	632
50	622
51	608
52	605
53	602
54	620
55	638
56	631
57	626
58	635
59	646
60	627
61	661
62	622
63	612
64	587
65	612
66	587
67	589
68	590
69	647
70	658
71	613
72	625
73	597
74	655
75	609
76	611
77	622
78	591
79	576
80	605
81	564
82	647
83	587
84	609
85	592
86	602
87	632
88	553
89	611
90	584
91	572
92	578
93	613
94	529
95	617
96	554
97	594
98	588
99	608
100	560
101	550
102	601
103	585
104	582
105	573
106	578
107	625
108	554
109	599
110	577
111	623
112	634
113	669
114	616
115	653
116	642
117	679
118	732
119	703
120	725
121	677
122	676
123	700
124	733
125	755
126	701
127	762
128	763
129	700
130	736
131	684
132	746
133	725
134	719
135	679
136	695
137	696
138	712
139	711
140	760
141	710
142	720
143	678
144	712
145	709
146	690
147	670
148	714
149	642
150	669
151	635
152	715
153	650
154	668
155	597
156	703
157	666
158	688
159	681
160	652
161	682
162	616
163	623
164	637
165	637
166	656
167	632
168	610
169	708
170	648
171	618
172	655
173	620
174	590
175	633
176	593
177	597
178	667
179	646
180	619
181	641
182	568
183	578
184	615
185	568
186	581
187	579
188	620
189	608
190	622
191	610
192	589
193	562
194	557
195	623
196	602
197	590
198	551
199	553
200	582
201	650
202	622
203	656
204	683
205	581
206	597
207	572
208	576
209	594
210	577
211	605
212	588
213	563
214	589
215	544
216	545
217	559
218	562
219	581
220	503
221	504
222	513
223	467
224	484
225	415
226	431
227	392
228	370
229	352
230	362
231	334
232	330
233	324
234	325
235	310
236	267
237	275
238	284
239	245
240	251
241	270
242	274
243	256
244	266
245	223
246	252
247	267
248	220
249	246
250	237
251	215
252	223
253	207
254	201
255	235
256	217
257	211
258	205
259	205
260	183
261	204
262	168
263	181
264	185
265	177
266	193
267	155
268	204
269	176
270	200
271	183
272	175
273	165
274	165
275	163
276	172
277	149
278	190
279	165
280	148
281	157
282	178
283	193
284	173
285	188
286	160
287	169
288	185
289	166
290	182
291	189
292	194
293	203
294	165
295	185
296	192
297	189
298	185
299	200
300	176
301	226
302	208
303	211
304	202
305	282
306	286
307	308
308	299
309	315
310	354
311	414
312	425
313	465
314	517
315	591
316	683
317	809
318	831
319	902
320	1002
321	1163
322	1233
323	1389
324	1362
325	1684
326	1785
327	2018
328	2072
329	2409
330	2470
331	2657
332	2758
333	3074
334	3168
335	3389
336	3437
337	3497
338	3641
339	3751
340	3864
341	3832
342	4021
343	3964
344	4008
345	3960
346	3878
347	3681
348	3618
349	3418
350	3327
351	3230
352	3121
353	2900
354	2654
355	2444
356	2234
357	2056
358	1915
359	1679
360	1518
361	1369
362	1244
363	1092
364	955
365	891
366	768
367	725
368	570
369	504
370	491
371	410
372	347
373	296
374	267
375	265
376	212
377	206
378	185
379	158
380	167
381	142
382	162
383	172
384	132
385	152
386	131
387	116
388	141
389	110
390	135
391	123
392	115
393	122
394	130
395	113
396	100
397	113
398	111
399	112
400	98
401	136
402	125
403	117
404	131
405	119
406	128
407	133
408	109
409	130
410	129
411	129
412	124
413	120
414	123
415	113
416	100
417	117
418	113
419	102
420	129
421	113
422	141
423	112
424	112
425	135
426	119
427	128
428	118
429	117
430	149
431	123
432	114
433	110
434	106
435	111
436	125
437	145
438	109
439	129
440	124
441	110
442	106
443	145
444	115
445	129
446	126
447	117
448	122
449	153
450	122
451	118
452	126
453	128
454	135
455	133
456	137
457	137
458	132
459	142
460	133
461	132
462	137
463	127
464	147
465	122
466	129
467	135
468	136
469	122
470	124
471	127
472	147
473	127
474	131
475	140
476	152
477	116
478	124
479	151
480	134
481	138
482	123
483	143
484	123
485	116
486	142
487	136
488	128
489	127
490	104
491	129
492	101
493	129
494	146
495	132
496	123
497	138
498	130
499	137
500	145
501	125
502	132
503	137
504	120
505	137
506	116
507	127
508	140
509	141
510	132
511	129
512	115
513	142
514	127
515	118
516	117
517	129
518	138
519	136
520	135
521	113
522	152
523	141
524	149
525	132
526	120
527	134
528	122
529	149
530	116
531	151
532	116
533	119
534	129
535	120
536	127
537	122
538	112
539	123
540	120
541	149
542	131
543	147
544	132
545	127
546	121
547	114
548	114
549	116
550	119
551	124
552	134
553	140
554	107
555	122
556	117
557	126
558	129
559	110
560	166
561	121
562	143
563	143
564	117
565	129
566	118
567	132
568	136
569	116
570	128
571	121
572	126
573	133
574	119
575	119
576	136
577	129
578	139
579	109
580	132
581	132
582	137
583	122
584	125
585	130
586	113
587	119
588	119
589	142
590	103
591	124
592	126
593	120
594	136
595	135
596	119
597	131
598	117
599	120
600	134
601	137
602	125
603	135
604	120
605	128
606	136
607	127
608	131
609	127
610	141
611	135
612	137
613	137
614	143
615	118
616	149
617	144
618	120
619	136
620	122
621	143
622	127
623	130
624	117
625	148
626	140
627	135
628	158
629	142
630	133
631	120
632	149
633	132
634	125
635	138
636	131
637	145
638	142
639	150
640	150
641	129
642	137
643	120
644	140
645	131
646	138
647	140
648	125
649	130
650	148
651	154
652	128
653	133
654	123
655	133
656	166
657	140
658	128
659	130
660	125
661	125
662	142
663	152
664	140
665	122
666	131
667	115
668	109
669	119
670	133
671	116
672	129
673	144
674	109
675	118
676	126
677	107
678	141
679	122
680	121
681	106
682	108
683	102
684	123
685	120
686	93
687	107
688	114
689	108
690	94
691	99
692	90
693	91
694	96
695	92
696	77
697	99
698	98
699	92
700	87
701	84
702	74
703	88
704	69
705	66
706	86
707	64
708	58
709	78
710	73
711	81
712	86
713	62
714	70
715	68
716	75
717	62
718	65
719	64
720	71
721	66
722	71
723	64
724	83
725	48
726	57
727	57
728	52
729	61
730	61
731	54
732	57
733	60
734	64
735	62
736	48
737	55
738	49
739	55
740	65
741	56
742	43
743	57
744	45
745	60
746	45
747	49
748	50
749	52
750	45
751	47
752	42
753	53
754	66
755	51
756	38
757	56
758	47
759	56
760	55
761	59
762	44
763	50
764	53
765	63
766	55
767	56
768	68
769	57
770	62
771	54
772	70
773	70
774	76
775	60
776	66
777	74
778	82
779	63
780	69
781	71
782	75
783	82
784	78
785	83
786	96
787	94
788	82
789	97
790	111
791	112
792	102
793	111
794	111
795	114
796	127
797	153
798	161
799	166
800	162
801	202
802	157
803	183
804	199
805	191
806	214
807	224
808	229
809	213
810	237
811	220
812	250
813	259
814	268
815	274
816	290
817	300
818	282
819	323
820	330
821	332
822	290
823	348
824	303
825	337
826	331
827	346
828	367
829	343
830	382
831	345
832	356
833	366
834	331
835	351
836	362
837	378
838	352
839	333
840	321
841	337
842	336
843	299
844	302
845	278
846	291
847	325
848	303
849	282
850	287
851	265
852	272
853	237
854	236
855	255
856	210
857	217
858	244
859	206
860	210
861	178
862	166
863	166
864	154
865	145
866	128
867	146
868	152
869	140
870	147
871	123
872	121
873	117
874	113
875	118
876	85
877	76
878	85
879	78
880	80
881	61
882	77
883	81
884	74
885	68
886	74
887	61
888	67
889	70
890	58
891	69
892	61
893	80
894	58
895	53
896	45
897	52
898	46
899	50
900	47
901	47
902	50
903	54
904	62
905	52
906	46
907	52
908	54
909	55
910	58
911	47
912	58
913	55
914	51
915	56
916	41
917	50
918	54
919	44
920	42
921	39
922	53
923	66
924	63
925	51
926	49
927	39
928	45
929	37
930	51
931	41
932	58
933	54
934	66
935	55
936	54
937	58
938	49
939	52
940	61
941	45
942	50
943	39
944	48
945	51
946	50
947	46
948	53
949	49
950	47
951	59
952	51
953	70
954	48
955	45
956	50
957	64
958	56
959	41
960	44
961	53
962	49
963	45
964	56
965	54
966	56
967	56
968	56
969	43
970	55
971	52
972	50
973	52
974	56
975	54
976	53
977	55
978	51
979	50
980	52
981	52
982	56
983	41
984	62
985	43
986	55
987	52
988	42
989	54
990	49
991	46
992	61
993	51
994	58
995	45
996	40
997	54
998	40
999	57
1000	45
1001	47
1002	48
1003	55
1004	51
1005	61
1006	39
1007	48
1008	48
1009	44
1010	45
1011	50
1012	50
1013	37
1014	56
1015	49
1016	59
1017	42
1018	46
1019	41
1020	39
1021	39
1022	46
1023	34
1024	44
1025	29
1026	30
1027	39
1028	34
1029	40
1030	39
1031	25
1032	41
1033	38
1034	33
1035	34
1036	38
1037	32
1038	35
1039	42
1040	32
1041	27
1042	36
1043	39
1044	18
1045	33
1046	30
1047	26
1048	33
1049	27
1050	25
1051	26
1052	25
1053	31
1054	26
1055	28
1056	23
1057	22
1058	16
1059	27
1060	24
1061	21
1062	22
1063	31
1064	18
1065	16
1066	15
1067	25
1068	14
1069	22
1070	24
1071	23
1072	17
1073	18
1074	10
1075	4
1076	9
1077	20
1078	24
1079	9
1080	11
1081	10
1082	8
1083	15
1084	14
1085	11
1086	12
1087	15
1088	10
1089	11
1090	12
1091	6
1092	8
1093	8
1094	7
1095	15
1096	14
1097	10
1098	16
1099	8
1100	12
1101	12
1102	6
1103	9
1104	10
1105	9
1106	13
1107	7
1108	9
1109	8
1110	5
1111	10
1112	13
1113	18
1114	13
1115	14
1116	18
1117	9
1118	13
1119	11
1120	16
1121	16
1122	17
1123	25
1124	16
1125	17
1126	10
1127	19
1128	14
1129	14
1130	24
1131	18
1132	23
1133	24
1134	18
1135	19
1136	23
1137	32
1138	22
1139	35
1140	34
1141	30
1142	45
1143	39
1144	35
1145	39
1146	41
1147	43
1148	39
1149	42
1150	35
1151	40
1152	62
1153	51
1154	60
1155	59
1156	51
1157	62
1158	64
1159	77
1160	59
1161	66
1162	64
1163	60
1164	80
1165	71
1166	76
1167	63
1168	83
1169	97
1170	51
1171	71
1172	87
1173	68
1174	79
1175	79
1176	67
1177	85
1178	72
1179	100
1180	73
1181	69
1182	83
1183	70
1184	60
1185	64
1186	80
1187	78
1188	76
1189	79
1190	69
1191	76
1192	55
1193	63
1194	52
1195	53
1196	66
1197	59
1198	59
1199	54
1200	50
1201	44
1202	65
1203	54
1204	54
1205	41
1206	43
1207	66
1208	36
1209	51
1210	45
1211	44
1212	37
1213	24
1214	34
1215	26
1216	26
1217	27
1218	16
1219	16
1220	21
1221	23
1222	20
1223	18
1224	25
1225	13
1226	17
1227	8
1228	16
1229	9
1230	10
1231	13
1232	8
1233	7
1234	10
1235	12
1236	7
1237	5
1238	4
1239	10
1240	4
1241	6
1242	4
1243	3
1244	6
1245	7
1246	3
1247	4
1248	5
1249	3
1250	2
1251	4
1252	2
1253	2
1254	0
1255	1
1256	2
1257	1
1258	4
1259	0
1260	0
1261	3
1262	0
1263	0
1264	1
1265	0
1266	4
1267	0
1268	2
1269	0
1270	0
1271	1
1272	2
1273	0
1274	1
1275	1
1276	0
1277	1
1278	0
1279	0
1280	0
1281	0
1282	2
1283	3
1284	0
1285	1
1286	1
1287	0
1288	0
1289	0
1290	0
1291	0
1292	1
1293	1
1294	1
1295	2
1296	2
1297	0
1298	0
1299	1
1300	0
1301	1
1302	1
1303	0
1304	1
1305	1
1306	0
1307	0
1308	0
1309	0
1310	1
1311	0
1312	0
1313	0
1314	0
1315	1
1316	0
1317	1
1318	0
1319	1
1320	1
1321	0
1322	0
1323	0
1324	0
1325	2
1326	1
1327	0
1328	1
1329	0
1330	1
1331	0
1332	2
1333	1
1334	3
1335	1
1336	0
1337	2
1338	1
1339	0
1340	0
1341	0
1342	0
1343	1
1344	0
1345	2
1346	3
1347	2
1348	0
1349	0
1350	0
1351	1
1352	0
1353	1
1354	1
1355	0
1356	0
1357	1
1358	0
1359	0
1360	1
1361	1
1362	0
1363	0
1364	0
1365	0
1366	0
1367	0
1368	0
1369	0
1370	0
1371	0
1372	0
1373	1
1374	0
1375	0
1376	0
1377	0
1378	0
1379	1
1380	0
1381	0
1382	0
1383	0
1384	0
1385	0
1386	0
1387	0
1388	1
1389	0
1390	0
1391	0
1392	0
1393	2
1394	0
1395	0
1396	1
1397	1
1398	0
1399	0
1400	0
1401	2
1402	0
1403	0
1404	0
1405	0
1406	0
1407	0
1408	0
1409	0
1410	0
1411	0
1412	0
1413	0
1414	0
1415	0
1416	0
1417	0
1418	0
1419	2
1420	0
1421	0
1422	0
1423	0
1424	0
1425	0
1426	0
1427	0
1428	0
1429	0
1430	0
1431	0
1432	0
1433	0
1434	0
1435	0
1436	0
1437	0
1438	0
1439	1
1440	0
1441	0
1442	0
1443	0
1444	0
1445	0
1446	1
1447	0
1448	0
1449	0
1450	0
1451	0
1452	0
1453	0
1454	0
1455	0
1456	0
1457	0
1458	0
1459	1
1460	0
1461	1
1462	0
1463	0
1464	0
1465	0
1466	0
1467	0
1468	1
1469	0
1470	1
1471	0
1472	0
1473	0
1474	1
1475	0
1476	0
1477	0
1478	0
1479	0
1480	0
1481	0
1482	0
1483	0
1484	0
1485	0
1486	0
1487	0
1488	0
1489	0
1490	0
1491	1
1492	0
1493	0
1494	1
1495	0
1496	0
1497	0
1498	0
1499	0
1500	0
1501	0
1502	0
1503	0
1504	0
1505	0
1506	0
1507	0
1508	0
1509	0
1510	0
1511	0
1512	0
1513	0
1514	0
1515	0
1516	1
1517	1
1518	0
1519	0
1520	0
1521	0
1522	0
1523	0
1524	0
1525	0
1526	0
1527	0
1528	0
1529	0
1530	0
1531	0
1532	0
1533	0
1534	0
1535	0
1536	0
1537	0
1538	0
1539	0
1540	0
1541	0
1542	0
1543	0
1544	0
1545	0
1546	0
1547	0
1548	0
1549	0
1550	0
1551	0
1552	0
1553	0
1554	0
1555	0
1556	0
1557	0
1558	1
1559	0
1560	0
1561	0
1562	0
1563	0
1564	0
1565	0
1566	0
1567	0
1568	0
1569	1
1570	0
1571	0
1572	0
1573	0
1574	0
1575	0
1576	0
1577	0
1578	0
1579	0
1580	0
1581	0
1582	0
1583	0
1584	0
1585	0
1586	1
1587	0
1588	0
1589	0
1590	0
1591	0
1592	0
1593	0
1594	0
1595	0
1596	0
1597	0
1598	0
1599	0
1600	0
1601	0
1602	0
1603	0
1604	0
1605	0
1606	0
1607	0
1608	2
1609	0
1610	0
1611	0
1612	0
1613	0
1614	0
1615	0
1616	0
1617	0
1618	0
1619	0
1620	0
1621	0
1622	0
1623	0
1624	1
1625	0
1626	0
1627	0
1628	0
1629	0
1630	0
1631	0
1632	0
1633	0
1634	0
1635	0
1636	0
1637	0
1638	0
1639	0
1640	0
1641	0
1642	0
1643	0
1644	0
1645	0
1646	0
1647	0
1648	0
1649	0
1650	0
1651	0
1652	0
1653	0
1654	0
1655	0
1656	0
1657	0
1658	0
1659	0
1660	1
1661	0
1662	0
1663	0
1664	0
1665	0
1666	0
1667	0
1668	0
1669	0
1670	1
1671	0
1672	0
1673	0
1674	0
1675	0
1676	0
1677	0
1678	1
1679	0
1680	0
1681	0
1682	0
1683	0
1684	0
1685	0
1686	0
1687	0
1688	1
1689	0
1690	0
1691	0
1692	0
1693	0
1694	0
1695	0
1696	0
1697	0
1698	0
1699	0
1700	0
1701	0
1702	0
1703	1
1704	0
1705	0
1706	0
1707	0
1708	0
1709	0
1710	0
1711	0
1712	0
1713	0
1714	0
1715	0
1716	0
1717	0
1718	0
1719	1
1720	0
1721	0
1722	0
1723	0
1724	0
1725	0
1726	0
1727	0
1728	0
1729	0
1730	1
1731	0
1732	0
1733	0
1734	0
1735	0
1736	0
1737	0
1738	0
1739	0
1740	0
1741	0
1742	0
1743	0
1744	1
1745	0
1746	0
1747	0
1748	0
1749	0
1750	0
1751	0
1752	0
1753	0
1754	0
1755	0
1756	0
1757	0
1758	0
1759	0
1760	0
1761	0
1762	0
1763	0
1764	0
1765	1
1766	0
1767	0
1768	0
1769	0
1770	0
1771	0
1772	0
1773	0
1774	0
1775	0
1776	0
1777	0
1778	0
1779	0
1780	0
1781	0
1782	0
1783	0
1784	0
1785	0
1786	0
1787	1
1788	0
1789	0
1790	0
1791	0
1792	0
1793	0
1794	0
1795	0
1796	0
1797	0
1798	0
1799	1
1800	0
1801	0
1802	0
1803	0
1804	0
1805	0
1806	0
1807	0
1808	0
1809	0
1810	0
1811	0
1812	0
1813	0
1814	0
1815	0
1816	0
1817	0
1818	0
1819	0
1820	0
1821	0
1822	0
1823	0
1824	0
1825	0
1826	0
1827	0
1828	0
1829	0
1830	0
1831	1
1832	0
1833	0
1834	0
1835	0
1836	0
1837	0
1838	0
1839	0
1840	0
1841	0
1842	0
1843	0
1844	0
1845	0
1846	0
1847	0
1848	0
1849	0
1850	0
1851	0
1852	0
1853	0
1854	0
1855	0
1856	0
1857	0
1858	0
1859	0
1860	0
1861	0
1862	0
1863	0
1864	0
1865	0
1866	0
1867	0
1868	0
1869	0
1870	0
1871	0
1872	0
1873	0
1874	0
1875	0
1876	0
1877	0
1878	0
1879	0
1880	0
1881	0
1882	0
1883	0
1884	0
1885	0
1886	0
1887	0
1888	0
1889	0
1890	0
1891	0
1892	0
1893	0
1894	0
1895	0
1896	0
1897	0
1898	0
1899	0
1900	0
1901	0
1902	0
1903	0
1904	0
1905	0
1906	0
1907	1
1908	0
1909	0
1910	0
1911	0
1912	0
1913	0
1914	1
1915	0
1916	0
1917	0
1918	0
1919	0
1920	0
1921	0
1922	0
1923	0
1924	0
1925	0
1926	0
1927	0
1928	1
1929	0
1930	0
1931	0
1932	0
1933	0
1934	0
1935	0
1936	0
1937	0
1938	0
1939	0
1940	0
1941	0
1942	0
1943	0
1944	0
1945	0
1946	0
1947	0
1948	0
1949	0
1950	0
1951	0
1952	0
1953	0
1954	0
1955	0
1956	0
1957	0
1958	0
1959	0
1960	0
1961	0
1962	0
1963	0
1964	0
1965	0
1966	0
1967	0
1968	0
1969	0
1970	0
1971	0
1972	0
1973	1
1974	0
1975	0
1976	0
1977	0
1978	0
1979	0
1980	0
1981	0
1982	0
1983	0
1984	0
1985	0
1986	0
1987	0
1988	0
1989	0
1990	0
1991	0
1992	0
1993	0
1994	0
1995	0
1996	0
1997	0
1998	0
1999	0
2000	0
2001	0
2002	0
2003	0
2004	0
2005	0
2006	0
2007	0
2008	0
2009	0
2010	0
2011	0
2012	0
2013	0
2014	0
2015	0
2016	0
2017	0
2018	0
2019	1
2020	0
2021	0
2022	0
2023	0
2024	0
2025	0
2026	0
2027	0
2028	0
2029	0
2030	0
2031	0
2032	0
2033	0
2034	0
2035	0
2036	0
2037	0
2038	0
2039	0
2040	0
2041	0
2042	0
2043	0
2044	0
2045	0
2046	0
2047	0
